x y z
0.8878362367177381 -0.7303470205341527 -0.25739048792749086
0.9162110967138819 -0.7516491106125575 -0.22373999482186271
0.896584246209529 -0.7898609525444704 -0.212009451158035
0.8823567748756426 -0.8333469305494289 -0.19377930029203405
0.8370547539603791 -0.85289375043946 -0.21244944613274785
0.7776565188718932 -0.8691397983425948 -0.23375562107767245
0.7395338622039049 -0.8435502542342191 -0.27197393233649264
0.7090612320310253 -0.7908596391016882 -0.2795177443031565
0.7341618236990773 -0.7354735115781001 -0.2810926309709739
0.7704794426775147 -0.6943012812558386 -0.28641994987379377
0.831661178173639 -0.6987127174654447 -0.2823272406924485
0.872929051356622 -0.6908836205598736 -0.2706185211781384
0.872929051356622 -0.6908836205598736 -0.2706185211781384
0.872929051356622 -0.6908836205598736 -0.2706185211781384
0.872929051356622 -0.6908836205598736 -0.2706185211781384
0.872929051356622 -0.6908836205598736 -0.2706185211781384
0.53571757751603 -1.0212198370130914 0.2553659678534759
0.5836082780754751 -1.030512912466634 0.2255854946615151
0.6328819854648615 -1.0092580564690152 0.2174750479559947
0.6550398863690037 -0.9796058507602953 0.23042480818689093
0.6428649899563228 -0.9448592444535834 0.26262493814153964
0.626578903157054 -0.9058748703758456 0.27488345214530013
0.5901905106469372 -0.8986615858923408 0.28416301389360854
0.5324914246862474 -0.9040438061338142 0.2894257728660172
0.501733772250113 -0.9421126480905364 0.28443841922261515
0.49617613593230936 -0.9857493068809813 0.2702277421725954
0.49617613593230936 -0.9857493068809813 0.2702277421725954
0.49617613593230936 -0.9857493068809813 0.2702277421725954
0.49617613593230936 -0.9857493068809813 0.2702277421725954
0.49617613593230936 -0.9857493068809813 0.2702277421725954
0.49617613593230936 -0.9857493068809813 0.2702277421725954
0.49617613593230936 -0.9857493068809813 0.2702277421725954
0.6871647349290849 -0.41394677321078643 0.2177337681789708
0.7307988920638037 -0.3926394465600871 0.24083738293656837
0.7810557908668229 -0.37289036514818447 0.25870457581465334
0.7991563171252791 -0.32233285721111726 0.24995855142563417
0.8056167574762844 -0.2678402263781881 0.2498928723043974
0.767640341977996 -0.2350642384050926 0.2276198276711845
0.7451786043930145 -0.21117063370927913 0.18682475096461548
0.7084990875003744 -0.23732846820775383 0.1553563694159613
0.6802716372654816 -0.2664265666766618 0.11819731208294086
0.6702798912866966 -0.3179481378561666 0.12467866934867254
0.6468187344110136 -0.3641525674081727 0.14029462578704022
0.6583197332186724 -0.38391746930502024 0.18850233997211036
0.6583197332186724 -0.38391746930502024 0.18850233997211036
0.6583197332186724 -0.38391746930502024 0.18850233997211036
0.6583197332186724 -0.38391746930502024 0.18850233997211036
0.6583197332186724 -0.38391746930502024 0.18850233997211036
0.9254544599170466 0.3782657281282231 0.28880614555566836
0.9333117608149539 0.4309899410759191 0.28532702851963787
0.9316230054949708 0.4839991123043998 0.284511756587603
0.8853814763718151 0.5040697082712859 0.28846732615088533
0.8403645555242072 0.5228978627006149 0.29005286325161156
0.7964240858588088 0.4893380666702417 0.29363868851565067
0.7559105673808165 0.4642793487175287 0.2677668965041662
0.758700494156729 0.4161419372966566 0.25503837602971724
0.7506655054313726 0.36800426355228216 0.23915970310703663
0.7885564929346427 0.344925438922372 0.25072789841995635
0.8289509479968391 0.3208893933591917 0.26574005882254736
0.8761286580049288 0.34546963200702097 0.2949089096029833
0.8761286580049288 0.34546963200702097 0.2949089096029833
0.8761286580049288 0.34546963200702097 0.2949089096029833
0.8761286580049288 0.34546963200702097 0.2949089096029833
0.8761286580049288 0.34546963200702097 0.2949089096029833
1.0354785723515654 0.7250556771967753 0.11105249809961266
1.0160420102486947 0.76822963172708 0.08356647301231086
0.9895873640594712 0.8126405048280244 0.05571098200820721
0.9527269615908398 0.8450036280999338 0.08356647301231086
0.9123418881155246 0.8743676583012338 0.11105249810073829
0.9001737963327747 0.8608203619368939 0.16657874715110746
0.8713130726599693 0.8254379898223366 0.20412537751339355
0.8911837384075066 0.7716091253815883 0.22317579213129377
0.9035376572233392 0.7110785685081793 0.2430775989953736
0.9485106731778299 0.6892812299656578 0.22500707937407755
0.990457680970989 0.6724234093558272 0.2053462356741238
1.0215637740289811 0.7136263866530603 0.16657874714941906
1.0215637740289811 0.7136263866530603 0.16657874714941906
1.0215637740289811 0.7136263866530603 0.16657874714941906
1.0215637740289811 0.7136263866530603 0.16657874714941906
1.0215637740289811 0.7136263866530603 0.16657874714941906
1.03672446561834 0.7264475385378767 -0.10790596633208531
1.0705890372070521 0.6920009467724024 -0.08172490747732145
1.102064432821159 0.6536125609239506 -0.054483271651547656
1.1214425647333714 0.606461712243823 -0.08172490747732145
1.134048054352539 0.5600489302576888 -0.10982478774454225
1.118564469504122 0.5516555007730097 -0.16473718161681336
1.0803759919281404 0.5273435438049286 -0.20255570533898648
1.0409344710967736 0.5574036325646828 -0.22082128386898775
1.004504330579685 0.5841031899061587 -0.2375161345746476
1.0047569774814389 0.636794969924855 -0.21717782547030506
0.9928364258012645 0.689643553972845 -0.19820791166074103
1.0234326139291428 0.7157141786647121 -0.1618589494981279
1.0234326139291428 0.7157141786647121 -0.1618589494981279
1.0234326139291428 0.7157141786647121 -0.1618589494981279
1.0234326139291428 0.7157141786647121 -0.1618589494981279
1.0234326139291428 0.7157141786647121 -0.1618589494981279
0.8629162699317359 0.07942748235613914 0.2675392344744678
0.9086108466211585 0.10324915997127276 0.27828827152552266
0.9092688190879796 0.15487373995690926 0.2747739298440109
0.9094258320990637 0.19418826071554993 0.28177074643858374
0.8641387481485936 0.21583613347255484 0.27276294684405933
0.8209576747592822 0.23446706100288103 0.25097608364993135
0.7765665830783074 0.2152919403879059 0.22858193566103235
0.7528392485056319 0.18625015081263221 0.18550983127295204
0.761961108768118 0.1435107681871817 0.17456356827859035
0.7604057064079174 0.09567384545812108 0.17515423741497438
0.7879162699317358 0.07942748235613915 0.21304854487406588
0.8277091471836626 0.0529516549040927 0.23713801487889272
0.8277091471836626 0.0529516549040927 0.23713801487889272
0.8277091471836626 0.0529516549040927 0.23713801487889272
0.8277091471836626 0.0529516549040927 0.23713801487889272
0.8277091471836626 0.0529516549040927 0.23713801487889272
0.5998516756710321 -1.1048777020644185 0.1463462453277123
0.606913038469335 -1.117273776771021 0.09756416355180818
0.6502127216301532 -1.0955824947789725 0.08301227413879671
0.6961728258389783 -1.0750152407378 0.05534151609253111
0.7337413567254971 -1.041489898014587 0.08301227413879671
0.768050409996599 -1.0054988723304845 0.1087749253593701
0.7580290978665842 -0.9913079421679991 0.1631623880390552
0.7384712946368187 -0.967639107892951 0.19421636824226454
0.6893726836858267 -0.984700251358287 0.2111744384631384
0.6550398863690037 -0.9796058507602953 0.23042480818689093
0.6328819854648615 -1.0092580564690152 0.2174750479559947
0.5836082780754751 -1.030512912466634 0.2255854946615151
0.5822252712455338 -1.061060843917795 0.2039154681750747
0.5615880715462555 -1.0942593428635694 0.17816629290932684
0.5615880715462555 -1.0942593428635694 0.17816629290932684
0.5615880715462555 -1.0942593428635694 0.17816629290932684
1.0483574461784029 -0.07697913272322938 -0.2924517357073513
1.0891405869381732 -0.10402398772695193 -0.2746319037207046
1.0873583312510187 -0.15603598159042775 -0.2692893781367836
1.0864868236197427 -0.2124184103653339 -0.2692545288053152
1.0443768012007575 -0.23957076668080235 -0.2843856733342672
0.9992209897109566 -0.25300838740759735 -0.2882489957199854
0.9564595803878396 -0.21692094715382287 -0.29778107850878893
0.9104855996512512 -0.19756561967349698 -0.28177455702647436
0.911273716111199 -0.15640661507965184 -0.2746740152940006
0.9099474446366372 -0.10427107671976797 -0.27822166182551555
0.9556523478659189 -0.07697913272322936 -0.2924517357073507
1.0013365980147733 -0.05131942181548633 -0.29007347543441603
1.0013365980147733 -0.05131942181548633 -0.29007347543441603
1.0013365980147733 -0.05131942181548633 -0.29007347543441603
1.0013365980147733 -0.05131942181548633 -0.29007347543441603
1.0013365980147733 -0.05131942181548633 -0.29007347543441603
0.9895873640594712 0.8126405048280244 0.05571098200820721
1.0160420102486947 0.76822963172708 0.08356647301231086
1.0354785723515654 0.7250556771967753 0.11105249809961266
1.0688299327770205 0.693311013210186 0.08301227413710811
1.1008916965344715 0.6544859385491395 0.055341516091405384
1.1141616965230536 0.6623750237556263 -7.347880794884119e-17
1.102064432821159 0.6536125609239506 -0.054483271651547656
1.0705890372070521 0.6920009467724024 -0.08172490747732145
1.03672446561834 0.7264475385378767 -0.10790596633208531
1.016151745718825 0.7716274901765154 -0.08013404202080654
0.989660521039558 0.8149057437943146 -0.05342269468053772
0.9999931203388792 0.8246882546570594 -7.347880794884119e-17
0.9999931203388792 0.8246882546570594 -7.347880794884119e-17
0.9999931203388792 0.8246882546570594 -7.347880794884119e-17
0.9999931203388792 0.8246882546570594 -7.347880794884119e-17
0.9999931203388792 0.8246882546570594 -7.347880794884119e-17
1.0828051480715395 0.42543005067566986 -0.23748812381852388
1.122208203719221 0.3987852610791216 -0.21713580933611948
1.156845570225103 0.363907650369732 -0.19411466595588922
1.1556388385422176 0.31224979241188777 -0.20815972479434186
1.1612551704449388 0.261621074908105 -0.21790952871738156
1.1288226040489744 0.2453553978866812 -0.252828103478358
1.0830666740905337 0.21814059586092352 -0.2685382970895611
1.03835609401061 0.24702907384111555 -0.2841028773526112
0.9919265320680886 0.27062631333211046 -0.2881980229070836
0.9921123910153067 0.32408397409346157 -0.28231769220464165
0.9960746062689302 0.3756291926852298 -0.28094271239753865
1.0445782053118724 0.40453339287079465 -0.27321991158829384
1.0445782053118724 0.40453339287079465 -0.27321991158829384
1.0445782053118724 0.40453339287079465 -0.27321991158829384
1.0445782053118724 0.40453339287079465 -0.27321991158829384
1.0445782053118724 0.40453339287079465 -0.27321991158829384
0.9761757792981431 0.5169376875659943 0.2797409150922859
1.0089010850511977 0.5575277144227183 0.2418354594862627
1.0012985957061558 0.6143626114487637 0.2244528804988748
0.990457680970989 0.6724234093558272 0.2053462356741238
0.9485106731778299 0.6892812299656578 0.22500707937407755
0.9035376572233392 0.7110785685081793 0.2430775989953736
0.8709185600846812 0.6723453501772917 0.2810499254807495
0.8307226113327847 0.6350816239712853 0.285107929471521
0.839288104341998 0.5752858131603169 0.2880525750882987
0.8403645555242072 0.5228978627006149 0.29005286325161156
0.8853814763718151 0.5040697082712859 0.28846732615088533
0.9316230054949708 0.4839991123043998 0.284511756587603
0.9316230054949708 0.4839991123043998 0.284511756587603
0.9316230054949708 0.4839991123043998 0.284511756587603
0.9316230054949708 0.4839991123043998 0.284511756587603
0.9316230054949708 0.4839991123043998 0.284511756587603
0.9211802401983538 -0.8720114761195429 -0.10458600239021286
0.8952899519444459 -0.9108905687946307 -0.07865949928001609
0.8595576460485069 -0.9518872900815722 -0.05243966618667742
0.8209974332322494 -0.9770998096074006 -0.07865949928001609
0.7933059972646667 -0.9944566133343917 -0.09843597401613247
0.7959124787686856 -0.9747445536738599 -0.14765396102419864
0.7502283354107643 -0.9503736671655281 -0.19055863100530632
0.7563809404513956 -0.9109753903541051 -0.2168434847637769
0.7776565188718932 -0.8691397983425948 -0.23375562107767245
0.8370547539603791 -0.85289375043946 -0.21244944613274785
0.8823567748756426 -0.8333469305494289 -0.19377930029203405
0.9134313244570196 -0.8572860886643565 -0.15687900358531925
0.9134313244570196 -0.8572860886643565 -0.15687900358531925
0.9134313244570196 -0.8572860886643565 -0.15687900358531925
0.9134313244570196 -0.8572860886643565 -0.15687900358531925
0.9134313244570196 -0.8572860886643565 -0.15687900358531925
0.7225367894523546 -0.5748802023115912 0.2845913910906482
0.7742560504724758 -0.544839965062802 0.2879704657042357
0.8270159518850182 -0.5354908238312013 0.2895182430353314
0.8386952465300066 -0.4953989611951594 0.2844052111451073
0.8529866938442915 -0.4413967082382326 0.28774979462034594
0.8132121634113856 -0.403698791673349 0.2853177930817575
0.7810557908668229 -0.37289036514818447 0.25870457581465334
0.7307988920638037 -0.3926394465600871 0.24083738293656837
0.6871647349290849 -0.41394677321078643 0.2177337681789708
0.6723755795047789 -0.4652834037672519 0.22386158162823364
0.6546164754738899 -0.5218424947812244 0.24185213503998018
0.6819765028810111 -0.5544830289157441 0.27701493322808246
0.6819765028810111 -0.5544830289157441 0.27701493322808246
0.6819765028810111 -0.5544830289157441 0.27701493322808246
0.6819765028810111 -0.5544830289157441 0.27701493322808246
0.6819765028810111 -0.5544830289157441 0.27701493322808246
0.8056167574762844 -0.2678402263781881 0.2498928723043974
0.8500536133255779 -0.24612358351835445 0.2721002378163736
0.8983143703996754 -0.22552381822864356 0.28132319627272734
0.9066867613630825 -0.17158962618077578 0.27476531362367934
0.9068894748045605 -0.11439308412051725 0.27828252737863496
0.8629162699329056 -0.07942748235616501 0.2675392344752351
0.8277091471844424 -0.05295165490411007 0.23713801487940422
0.7879162699329054 -0.079427482356165 0.2130485448748332
0.7586958896962875 -0.1074127963433274 0.17711056243371462
0.7593963837006732 -0.16111919451499102 0.1774980558067007
0.7451786043930145 -0.21117063370927913 0.18682475096461548
0.767640341977996 -0.2350642384050926 0.2276198276711845
0.767640341977996 -0.2350642384050926 0.2276198276711845
0.767640341977996 -0.2350642384050926 0.2276198276711845
0.767640341977996 -0.2350642384050926 0.2276198276711845
0.767640341977996 -0.2350642384050926 0.2276198276711845
0.6550398863690037 -0.9796058507602953 0.23042480818689093
0.6893726836858267 -0.984700251358287 0.2111744384631384
0.7384712946368187 -0.967639107892951 0.19421636824226454
0.7680121023580454 -0.9269091301525672 0.2083122782246001
0.7677225977283008 -0.8732501693349026 0.23487012000238774
0.7332496383230498 -0.8431168435212144 0.2721550661033232
0.6868353354015387 -0.8380466030875996 0.28123687078648923
0.6466812088679021 -0.8741037807816125 0.27786240440075227
0.626578903157054 -0.9058748703758456 0.27488345214530013
0.6428649899563228 -0.9448592444535834 0.26262493814153964
0.6428649899563228 -0.9448592444535834 0.26262493814153964
0.6428649899563228 -0.9448592444535834 0.26262493814153964
0.6428649899563228 -0.9448592444535834 0.26262493814153964
0.6428649899563228 -0.9448592444535834 0.26262493814153964
0.6428649899563228 -0.9448592444535834 0.26262493814153964
0.6428649899563228 -0.9448592444535834 0.26262493814153964
0.8538132074921513 -0.9562866015492165 0.053433409266838906
0.8123807753977159 -0.9836987768088672 0.0801501139002584
0.768050409996599 -1.0054988723304845 0.1087749253593701
0.7337413567254971 -1.041489898014587 0.08301227413879671
0.6961728258389783 -1.0750152407378 0.05534151609253111
0.7045643991612849 -1.0879733294198406 -7.347880794884119e-17
0.7156839745506905 -1.0683722932093518 -0.04599630782945512
0.7630080797930652 -1.0315254767219146 -0.06899446174418264
0.7933059972646667 -0.9944566133343917 -0.09843597401613247
0.8209974332322494 -0.9770998096074006 -0.07865949928001609
0.8595576460485069 -0.9518872900815722 -0.05243966618667742
0.8623855529688256 -0.9676714918426852 -7.347880794884119e-17
0.8623855529688256 -0.9676714918426852 -7.347880794884119e-17
0.8623855529688256 -0.9676714918426852 -7.347880794884119e-17
0.8623855529688256 -0.9676714918426852 -7.347880794884119e-17
0.8623855529688256 -0.9676714918426852 -7.347880794884119e-17
1.0160058567366572 -0.6038896061311337 -0.22545334616920773
1.017929757166455 -0.6570668335828591 -0.20247909414839688
1.00294011034636 -0.7027956526450284 -0.1871323989691334
0.9642128072143787 -0.7347393587590492 -0.2018200453800623
0.9162110967138819 -0.7516491106125575 -0.22373999482186271
0.8878362367177381 -0.7303470205341527 -0.25739048792749086
0.872929051356622 -0.6908836205598736 -0.2706185211781384
0.8992897391784888 -0.6435911236800234 -0.2721378349144758
0.9369125114113466 -0.5949057995292434 -0.271892506679927
0.9838114267998249 -0.5863802889882073 -0.2593014661801738
0.9838114267998249 -0.5863802889882073 -0.2593014661801738
0.9838114267998249 -0.5863802889882073 -0.2593014661801738
0.9838114267998249 -0.5863802889882073 -0.2593014661801738
0.9838114267998249 -0.5863802889882073 -0.2593014661801738
0.9838114267998249 -0.5863802889882073 -0.2593014661801738
0.9838114267998249 -0.5863802889882073 -0.2593014661801738
1.1325964662814316 0.08018181995026961 -0.2613630457260038
1.1692993436251153 0.05345454663351298 -0.23302055571325012
1.1677050983124824 -2.860052621992856e-16 -0.2308262652881447
1.1687056883608928 -0.05270456591146586 -0.2335482567745669
1.1317059833850975 -0.07905684886719865 -0.2621545973179789
1.0891405869381732 -0.10402398772695193 -0.2746319037207046
1.0483574461784029 -0.07697913272322938 -0.2924517357073513
1.0013365980147733 -0.05131942181548633 -0.29007347543441603
0.999999999999998 -2.449293598294702e-16 -0.285316954888546
0.9971849380578827 0.0545703306031359 -0.2901975313630198
1.042129956243067 0.08185549590470396 -0.2926378196002569
1.085582582245505 0.10802487723664915 -0.2742282585879916
1.085582582245505 0.10802487723664915 -0.2742282585879916
1.085582582245505 0.10802487723664915 -0.2742282585879916
1.085582582245505 0.10802487723664915 -0.2742282585879916
1.085582582245505 0.10802487723664915 -0.2742282585879916
1.0871730107589495 -0.4308951990267129 -0.23240454397708957
1.0883876119598286 -0.48375116458249623 -0.21401440089444515
1.0857233135099928 -0.5354701898606599 -0.19526196931205528
1.046276386243692 -0.568221695822335 -0.21457947817905249
1.0160058567366572 -0.6038896061311337 -0.22545334616920773
0.9838114267998249 -0.5863802889882073 -0.2593014661801738
0.9369125114113466 -0.5949057995292434 -0.271892506679927
0.9276363682557258 -0.5547459859194992 -0.2842382189451314
0.9045743765783363 -0.516065500885123 -0.2887716805722071
0.9353042245503096 -0.46811984102202686 -0.28462022701859396
0.9265059386106581 -0.40537443696841374 -0.28840536484286994
0.9605337113042086 -0.38870939004443517 -0.28368874535112565
1.001937076988536 -0.3675340160013388 -0.2788541069482099
1.0484509321171265 -0.4113592095714146 -0.2702933401766039
1.0484509321171265 -0.4113592095714146 -0.2702933401766039
1.0484509321171265 -0.4113592095714146 -0.2702933401766039
0.954869929060618 0.2118549087171856 0.29777536262768095
0.9982616823890192 0.23719802612969557 0.289787296939067
0.9973925235835268 0.28035078159377336 0.28478777259478427
1.0062970369694453 0.3348531611860581 0.2820587208835357
0.9669229609312568 0.35833761130172936 0.28618249854438393
0.9254544599170466 0.3782657281282231 0.28880614555566836
0.8761286580049288 0.34546963200702097 0.2949089096029833
0.8289509479968391 0.3208893933591917 0.26574005882254736
0.8221676930509456 0.27227310914818226 0.2515833684447024
0.8209576747592822 0.23446706100288103 0.25097608364993135
0.8641387481485936 0.21583613347255484 0.27276294684405933
0.9094258320990637 0.19418826071554993 0.28177074643858374
0.9094258320990637 0.19418826071554993 0.28177074643858374
0.9094258320990637 0.19418826071554993 0.28177074643858374
0.9094258320990637 0.19418826071554993 0.28177074643858374
0.9094258320990637 0.19418826071554993 0.28177074643858374
1.134048054352539 0.5600489302576888 -0.10982478774454225
1.1621371288201234 0.5220295777562335 -0.083012274139492
1.187896522437219 0.47876531122873883 -0.055341516092994696
1.199337171631142 0.42973007222958487 -0.083012274139492
1.2082648821663835 0.38453752447004086 -0.10469897582480424
1.1926896684138706 0.38068789761818655 -0.15704846373720632
1.156845570225103 0.363907650369732 -0.19411466595588922
1.122208203719221 0.3987852610791216 -0.21713580933611948
1.0828051480715395 0.42543005067566986 -0.23748812381852388
1.0816290351835254 0.4729714980770934 -0.2221086505311583
1.0803759919281404 0.5273435438049286 -0.20255570533898648
1.118564469504122 0.5516555007730097 -0.16473718161681336
1.118564469504122 0.5516555007730097 -0.16473718161681336
1.118564469504122 0.5516555007730097 -0.16473718161681336
1.118564469504122 0.5516555007730097 -0.16473718161681336
1.118564469504122 0.5516555007730097 -0.16473718161681336
0.7332496383230498 -0.8431168435212144 0.2721550661033232
0.7677225977283008 -0.8732501693349026 0.23487012000238774
0.8019060525038073 -0.8497245343309264 0.22414301567924
0.8515934518307073 -0.8340365598230477 0.2074078317187881
0.8590559194766596 -0.784296429253432 0.23096163367792372
0.8773363851251162 -0.7477160630634714 0.24312812886128274
0.8405204524454206 -0.7202437891915618 0.277723461392982
0.8282327558286275 -0.685387375828803 0.2850637432005812
0.7854004755319266 -0.6908033984014295 0.2938650551868714
0.7299664061586552 -0.6721891578706761 0.2885211174124053
0.6931209279404619 -0.7004464622543716 0.2829095227107181
0.6600828618131468 -0.742933015576371 0.2884065085247525
0.6805751590136642 -0.7969191849599718 0.2936931418553922
0.6868353354015387 -0.8380466030875996 0.28123687078648923
0.6868353354015387 -0.8380466030875996 0.28123687078648923
0.6868353354015387 -0.8380466030875996 0.28123687078648923
1.1345498993677732 0.5594366973616909 0.10914353595303049
1.11968346030334 0.6077717786816064 0.08301227413710811
1.1008916965344715 0.6544859385491395 0.055341516091405384
1.0688299327770205 0.693311013210186 0.08301227413710811
1.0354785723515654 0.7250556771967753 0.11105249809961266
1.0215637740289811 0.7136263866530603 0.16657874714941906
0.990457680970989 0.6724234093558272 0.2053462356741238
1.0012985957061558 0.6143626114487637 0.2244528804988748
1.0089010850511977 0.5575277144227183 0.2418354594862627
1.0492288801492946 0.5412828442533968 0.2213125828676274
1.0875801792650763 0.5151107410762178 0.20134374177337666
1.1193172370269735 0.5507371514290129 0.16371530392954575
1.1193172370269735 0.5507371514290129 0.16371530392954575
1.1193172370269735 0.5507371514290129 0.16371530392954575
1.1193172370269735 0.5507371514290129 0.16371530392954575
1.1193172370269735 0.5507371514290129 0.16371530392954575
0.9510653931176933 -0.092162143824611 0.29254303403699056
0.9982786281826236 -0.06144142921640743 0.29013434098750907
1.0000000000000002 -2.4492935982947074e-16 0.28531695488854614
1.0000000000000016 0.05029750506717984 0.2901400851349083
0.9536474508437602 0.0754462576007699 0.2925516502580894
0.9086108466211585 0.10324915997127276 0.27828827152552266
0.8629162699317359 0.07942748235613914 0.2675392344744678
0.8277091471836626 0.0529516549040927 0.23713801487889272
0.8322949016875163 -2.0385345745965555e-16 0.2308262652881444
0.8277091471844424 -0.05295165490411007 0.23713801487940422
0.8629162699329056 -0.07942748235616501 0.2675392344752351
0.9068894748045605 -0.11439308412051725 0.27828252737863496
0.9068894748045605 -0.11439308412051725 0.27828252737863496
0.9068894748045605 -0.11439308412051725 0.27828252737863496
0.9068894748045605 -0.11439308412051725 0.27828252737863496
0.9068894748045605 -0.11439308412051725 0.27828252737863496
0.7854004755319266 -0.6908033984014295 0.2938650551868714
0.8282327558286275 -0.685387375828803 0.2850637432005812
0.8587773395085355 -0.6451149398934177 0.2836027130218902
0.8833634779090581 -0.6023408070516117 0.2866064079137678
0.8680965586525723 -0.5662335452356426 0.2961790522566513
0.8270159518850182 -0.5354908238312013 0.2895182430353314
0.7742560504724758 -0.544839965062802 0.2879704657042357
0.7225367894523546 -0.5748802023115912 0.2845913910906482
0.7113778150035768 -0.6253176129562273 0.28878877433962646
0.7299664061586552 -0.6721891578706761 0.2885211174124053
0.7299664061586552 -0.6721891578706761 0.2885211174124053
0.7299664061586552 -0.6721891578706761 0.2885211174124053
0.7299664061586552 -0.6721891578706761 0.2885211174124053
0.7299664061586552 -0.6721891578706761 0.2885211174124053
0.7299664061586552 -0.6721891578706761 0.2885211174124053
0.7299664061586552 -0.6721891578706761 0.2885211174124053
1.1277253384074521 -0.24164848282477158 -0.2540885349448948
1.1606079587517464 -0.2613422986230605 -0.21767954915399457
1.155558503898763 -0.31295659906739226 -0.20702320385728623
1.1585780586133738 -0.365293458690698 -0.19022445309754446
1.124680488199893 -0.3975752229262278 -0.21290589086021963
1.0871730107589495 -0.4308951990267129 -0.23240454397708957
1.0484509321171265 -0.4113592095714146 -0.2702933401766039
1.001937076988536 -0.3675340160013388 -0.2788541069482099
0.9968265875442731 -0.30253344838816676 -0.28258023531690013
0.9992209897109566 -0.25300838740759735 -0.2882489957199854
1.0443768012007575 -0.23957076668080235 -0.2843856733342672
1.0864868236197427 -0.2124184103653339 -0.2692545288053152
1.0864868236197427 -0.2124184103653339 -0.2692545288053152
1.0864868236197427 -0.2124184103653339 -0.2692545288053152
1.0864868236197427 -0.2124184103653339 -0.2692545288053152
1.0864868236197427 -0.2124184103653339 -0.2692545288053152
1.091144676761248 0.3981695720157343 0.23727261420258428
1.0941944206189609 0.45331222754624356 0.21900333852295684
1.0875801792650763 0.5151107410762178 0.20134374177337666
1.0492288801492946 0.5412828442533968 0.2213125828676274
1.0089010850511977 0.5575277144227183 0.2418354594862627
0.9761757792981431 0.5169376875659943 0.2797409150922859
0.9316230054949708 0.4839991123043998 0.284511756587603
0.9333117608149539 0.4309899410759191 0.28532702851963787
0.9254544599170466 0.3782657281282231 0.28880614555566836
0.9669229609312568 0.35833761130172936 0.28618249854438393
1.0062970369694453 0.3348531611860581 0.2820587208835357
1.054575626393552 0.36587109066267154 0.2752058915114388
1.054575626393552 0.36587109066267154 0.2752058915114388
1.054575626393552 0.36587109066267154 0.2752058915114388
1.054575626393552 0.36587109066267154 0.2752058915114388
1.054575626393552 0.36587109066267154 0.2752058915114388
1.0388879007710747 -0.7270252631568539 -0.10473203825262735
1.0181344928514513 -0.7710837745267873 -0.07821950430530324
0.9909823524613083 -0.8145432666944966 -0.052146336203535516
0.9548194441935958 -0.8478577708996411 -0.07821950430530324
0.9211802401983538 -0.8720114761195429 -0.10458600239021286
0.9134313244570196 -0.8572860886643565 -0.15687900358531925
0.8823567748756426 -0.8333469305494289 -0.19377930029203405
0.896584246209529 -0.7898609525444704 -0.212009451158035
0.9162110967138819 -0.7516491106125575 -0.22373999482186271
0.9642128072143787 -0.7347393587590492 -0.2018200453800623
1.00294011034636 -0.7027956526450284 -0.1871323989691334
1.0266777666582458 -0.7165807655931768 -0.157098057378941
1.0266777666582458 -0.7165807655931768 -0.157098057378941
1.0266777666582458 -0.7165807655931768 -0.157098057378941
1.0266777666582458 -0.7165807655931768 -0.157098057378941
1.0266777666582458 -0.7165807655931768 -0.157098057378941
1.1612551704449388 0.261621074908105 -0.21790952871738156
1.199304068743624 0.2272580344257461 -0.19274075787944484
1.2206949211936313 0.19620067955557016 -0.17168720290057593
1.2179822301720136 0.14722480485787887 -0.18349461475314954
1.2262231862188366 0.09814986990525248 -0.18110826839801397
1.207596466281432 0.0801818199502696 -0.2068723561256019
1.1692993436251153 0.05345454663351298 -0.23302055571325012
1.1325964662814316 0.08018181995026961 -0.2613630457260038
1.085582582245505 0.10802487723664915 -0.2742282585879916
1.0820213242120165 0.16203731585497386 -0.26868391043771417
1.0830666740905337 0.21814059586092352 -0.2685382970895611
1.1288226040489744 0.2453553978866812 -0.252828103478358
1.1288226040489744 0.2453553978866812 -0.252828103478358
1.1288226040489744 0.2453553978866812 -0.252828103478358
1.1288226040489744 0.2453553978866812 -0.252828103478358
1.1288226040489744 0.2453553978866812 -0.252828103478358
0.768050409996599 -1.0054988723304845 0.1087749253593701
0.8123807753977159 -0.9836987768088672 0.0801501139002584
0.8538132074921513 -0.9562866015492165 0.053433409266838906
0.8866732941099125 -0.9174895359960973 0.0801501139002584
0.9081049462347774 -0.8792132275998282 0.11141256386613373
0.8938183835116552 -0.8680887158847848 0.1671188457992006
0.8515934518307073 -0.8340365598230477 0.2074078317187881
0.8019060525038073 -0.8497245343309264 0.22414301567924
0.7677225977283008 -0.8732501693349026 0.23487012000238774
0.7680121023580454 -0.9269091301525672 0.2083122782246001
0.7384712946368187 -0.967639107892951 0.19421636824226454
0.7580290978665842 -0.9913079421679991 0.1631623880390552
0.7580290978665842 -0.9913079421679991 0.1631623880390552
0.7580290978665842 -0.9913079421679991 0.1631623880390552
0.7580290978665842 -0.9913079421679991 0.1631623880390552
0.7580290978665842 -0.9913079421679991 0.1631623880390552
1.1008916965344715 0.6544859385491395 0.055341516091405384
1.11968346030334 0.6077717786816064 0.08301227413710811
1.1345498993677732 0.5594366973616909 0.10914353595303049
1.1646490007730064 0.5198011619744531 0.08070302979243756
1.189571103739141 0.47727970070755193 0.05380201986162501
1.2022152668603914 0.48453628370039803 -7.347880794884119e-17
1.187896522437219 0.47876531122873883 -0.055341516092994696
1.1621371288201234 0.5220295777562335 -0.083012274139492
1.134048054352539 0.5600489302576888 -0.10982478774454225
1.1214425647333714 0.606461712243823 -0.08172490747732145
1.102064432821159 0.6536125609239506 -0.054483271651547656
1.1141616965230536 0.6623750237556263 -7.347880794884119e-17
1.1141616965230536 0.6623750237556263 -7.347880794884119e-17
1.1141616965230536 0.6623750237556263 -7.347880794884119e-17
1.1141616965230536 0.6623750237556263 -7.347880794884119e-17
1.1141616965230536 0.6623750237556263 -7.347880794884119e-17
0.8529866938442915 -0.4413967082382326 0.28774979462034594
0.9070526715914822 -0.42509237184618953 0.29352637963417305
0.9577294592829141 -0.4106630773306008 0.28646708341211513
0.9703263115693196 -0.35759834531190116 0.2833937262694113
0.9784961692288364 -0.299840326091008 0.2888521885747524
0.9382027365103657 -0.25885824498680043 0.29710403737812907
0.8983143703996754 -0.22552381822864356 0.28132319627272734
0.8500536133255779 -0.24612358351835445 0.2721002378163736
0.8056167574762844 -0.2678402263781881 0.2498928723043974
0.7991563171252791 -0.32233285721111726 0.24995855142563417
0.7810557908668229 -0.37289036514818447 0.25870457581465334
0.8132121634113856 -0.403698791673349 0.2853177930817575
0.8132121634113856 -0.403698791673349 0.2853177930817575
0.8132121634113856 -0.403698791673349 0.2853177930817575
0.8132121634113856 -0.403698791673349 0.2853177930817575
0.8132121634113856 -0.403698791673349 0.2853177930817575
0.9836514970540876 -0.8173457067071377 0.05797915459929471
0.9438231610827648 -0.8520614309186028 0.08696873189894211
0.9081049462347774 -0.8792132275998282 0.11141256386613373
0.8866732941099125 -0.9174895359960973 0.0801501139002584
0.8538132074921513 -0.9562866015492165 0.053433409266838906
0.8623855529688256 -0.9676714918426852 -7.347880794884119e-17
0.8595576460485069 -0.9518872900815722 -0.05243966618667742
0.8952899519444459 -0.9108905687946307 -0.07865949928001609
0.9211802401983538 -0.8720114761195429 -0.10458600239021286
0.9548194441935958 -0.8478577708996411 -0.07821950430530324
0.9909823524613083 -0.8145432666944966 -0.052146336203535516
0.9999931203388776 -0.8246882546570615 -7.347880794884119e-17
0.9999931203388776 -0.8246882546570615 -7.347880794884119e-17
0.9999931203388776 -0.8246882546570615 -7.347880794884119e-17
0.9999931203388776 -0.8246882546570615 -7.347880794884119e-17
0.9999931203388776 -0.8246882546570615 -7.347880794884119e-17
1.046352549156244 0.07544625760076987 0.29255165025808927
1.0883976441876273 0.10375205170063041 0.27417081235988294
1.086243917125199 0.15562807755094576 0.2685977410955514
1.08584434109874 0.19971347201886902 0.27033554925098063
1.042522594522913 0.2193883880781278 0.2867987555947359
0.9982616823890192 0.23719802612969557 0.289787296939067
0.954869929060618 0.2118549087171856 0.29777536262768095
0.9094258320990637 0.19418826071554993 0.28177074643858374
0.9092688190879796 0.15487373995690926 0.2747739298440109
0.9086108466211585 0.10324915997127276 0.27828827152552266
0.9536474508437602 0.0754462576007699 0.2925516502580894
1.0000000000000016 0.05029750506717984 0.2901400851349083
1.0000000000000016 0.05029750506717984 0.2901400851349083
1.0000000000000016 0.05029750506717984 0.2901400851349083
1.0000000000000016 0.05029750506717984 0.2901400851349083
1.0000000000000016 0.05029750506717984 0.2901400851349083
1.2067059833850982 -0.07905684886719866 -0.207663907717577
1.2251938954213113 -0.1016538036622731 -0.18155798354670707
1.2164382939757257 -0.1524807054934095 -0.1841691874761892
1.2197499291305955 -0.2018971137354858 -0.17106665084152417
1.198540033949024 -0.22942181397701772 -0.19192690865980266
1.1606079587517464 -0.2613422986230605 -0.21767954915399457
1.1277253384074521 -0.24164848282477158 -0.2540885349448948
1.0864868236197427 -0.2124184103653339 -0.2692545288053152
1.0873583312510187 -0.15603598159042775 -0.2692893781367836
1.0891405869381732 -0.10402398772695193 -0.2746319037207046
1.1317059833850975 -0.07905684886719865 -0.2621545973179789
1.1687056883608928 -0.05270456591146586 -0.2335482567745669
1.1687056883608928 -0.05270456591146586 -0.2335482567745669
1.1687056883608928 -0.05270456591146586 -0.2335482567745669
1.1687056883608928 -0.05270456591146586 -0.2335482567745669
1.1687056883608928 -0.05270456591146586 -0.2335482567745669
1.2082648821663835 0.38453752447004086 -0.10469897582480424
1.2327678064541385 0.3431946035623511 -0.0740361895977144
1.2501000546075767 0.29494442553641287 -0.049357459731809626
1.2554424270756601 0.24629824921774462 -0.0740361895977144
1.2581204934149885 0.20889415608356912 -0.09255082404608896
1.2447984646652566 0.21411919938308546 -0.1388262360691334
1.2206949211936313 0.19620067955557016 -0.17168720290057593
1.199304068743624 0.2272580344257461 -0.19274075787944484
1.1612551704449388 0.261621074908105 -0.21790952871738156
1.1556388385422176 0.31224979241188777 -0.20815972479434186
1.156845570225103 0.363907650369732 -0.19411466595588922
1.1926896684138706 0.38068789761818655 -0.15704846373720632
1.1926896684138706 0.38068789761818655 -0.15704846373720632
1.1926896684138706 0.38068789761818655 -0.15704846373720632
1.1926896684138706 0.38068789761818655 -0.15704846373720632
1.1926896684138706 0.38068789761818655 -0.15704846373720632
1.136675702900763 -0.5619037358604482 -0.10479468590844553
1.122704970329847 -0.6078720148220175 -0.07887855307363784
1.1029060365521424 -0.6545527626427475 -0.052585702049091916
1.0718514428035275 -0.6934112493505973 -0.07887855307363784
1.0388879007710747 -0.7270252631568539 -0.10473203825262735
1.0266777666582458 -0.7165807655931768 -0.157098057378941
1.00294011034636 -0.7027956526450284 -0.1871323989691334
1.017929757166455 -0.6570668335828591 -0.20247909414839688
1.0160058567366572 -0.6038896061311337 -0.22545334616920773
1.046276386243692 -0.568221695822335 -0.21457947817905249
1.0857233135099928 -0.5354701898606599 -0.19526196931205528
1.1225059423264585 -0.5544377091771482 -0.15719202886266825
1.1225059423264585 -0.5544377091771482 -0.15719202886266825
1.1225059423264585 -0.5544377091771482 -0.15719202886266825
1.1225059423264585 -0.5544377091771482 -0.15719202886266825
1.1225059423264585 -0.5544377091771482 -0.15719202886266825
0.9232165355660663 -0.595673936025775 0.28003745846276185
0.9676956483171013 -0.6034703976368506 0.252969138071615
0.994594814264637 -0.5679279311135008 0.24572314749342206
1.016090887731684 -0.5058867835088082 0.2545982619849478
0.9958093946879405 -0.44929851483371164 0.28248114433276106
0.9577294592829141 -0.4106630773306008 0.28646708341211513
0.9070526715914822 -0.42509237184618953 0.29352637963417305
0.8529866938442915 -0.4413967082382326 0.28774979462034594
0.8386952465300066 -0.4953989611951594 0.2844052111451073
0.8270159518850182 -0.5354908238312013 0.2895182430353314
0.8680965586525723 -0.5662335452356426 0.2961790522566513
0.8833634779090581 -0.6023408070516117 0.2866064079137678
0.8833634779090581 -0.6023408070516117 0.2866064079137678
0.8833634779090581 -0.6023408070516117 0.2866064079137678
0.8833634779090581 -0.6023408070516117 0.2866064079137678
0.8833634779090581 -0.6023408070516117 0.2866064079137678
1.1947170139973575 0.38034019986928164 0.15479103890692014
1.2096164458887084 0.3843057259707709 0.10319402593794674
1.201849043584025 0.42750165644780447 0.08070302979243756
1.189571103739141 0.47727970070755193 0.05380201986162501
1.1646490007730064 0.5198011619744531 0.08070302979243756
1.1345498993677732 0.5594366973616909 0.10914353595303049
1.1193172370269735 0.5507371514290129 0.16371530392954575
1.0875801792650763 0.5151107410762178 0.20134374177337666
1.0941944206189609 0.45331222754624356 0.21900333852295684
1.091144676761248 0.3981695720157343 0.23727261420258428
1.124663983271231 0.37532539783828756 0.2176086125733572
1.1581597390135123 0.34952155356442627 0.1944644144585598
1.1581597390135123 0.34952155356442627 0.1944644144585598
1.1581597390135123 0.34952155356442627 0.1944644144585598
1.1581597390135123 0.34952155356442627 0.1944644144585598
1.1581597390135123 0.34952155356442627 0.1944644144585598
0.8773363851251162 -0.7477160630634714 0.24312812886128274
0.9324327834532685 -0.7386079707454202 0.22069929151294254
0.973839813575236 -0.6987597541166141 0.21341036010506878
0.9852755951206003 -0.6468093257712759 0.23314680825866102
0.9676956483171013 -0.6034703976368506 0.252969138071615
0.9232165355660663 -0.595673936025775 0.28003745846276185
0.8833634779090581 -0.6023408070516117 0.2866064079137678
0.8587773395085355 -0.6451149398934177 0.2836027130218902
0.8282327558286275 -0.685387375828803 0.2850637432005812
0.8405204524454206 -0.7202437891915618 0.277723461392982
0.8405204524454206 -0.7202437891915618 0.277723461392982
0.8405204524454206 -0.7202437891915618 0.277723461392982
0.8405204524454206 -0.7202437891915618 0.277723461392982
0.8405204524454206 -0.7202437891915618 0.277723461392982
0.8405204524454206 -0.7202437891915618 0.277723461392982
0.8405204524454206 -0.7202437891915618 0.277723461392982
1.128766511648108 0.22412395042753352 0.2556101510626547
1.1608947579314302 0.24872058862392363 0.21979877345142484
1.1550982197719484 0.29289906298570967 0.21099359189540215
1.1581597390135123 0.34952155356442627 0.1944644144585598
1.124663983271231 0.37532539783828756 0.2176086125733572
1.091144676761248 0.3981695720157343 0.23727261420258428
1.054575626393552 0.36587109066267154 0.2752058915114388
1.0062970369694453 0.3348531611860581 0.2820587208835357
0.9973925235835268 0.28035078159377336 0.28478777259478427
0.9982616823890192 0.23719802612969557 0.289787296939067
1.042522594522913 0.2193883880781278 0.2867987555947359
1.08584434109874 0.19971347201886902 0.27033554925098063
1.08584434109874 0.19971347201886902 0.27033554925098063
1.08584434109874 0.19971347201886902 0.27033554925098063
1.08584434109874 0.19971347201886902 0.27033554925098063
1.08584434109874 0.19971347201886902 0.27033554925098063
0.9784961692288364 -0.299840326091008 0.2888521885747524
1.026959459606824 -0.2830643879743225 0.2860588020767171
1.0754689178213301 -0.24216413861629682 0.2698422469056519
1.083661859399106 -0.17234396377473366 0.26858912487447817
1.0866762723702321 -0.11489597584982252 0.2741650682125008
1.043770491430177 -0.09216214382461103 0.29254303403699045
0.9982786281826236 -0.06144142921640743 0.29013434098750907
0.9510653931176933 -0.092162143824611 0.29254303403699056
0.9068894748045605 -0.11439308412051725 0.27828252737863496
0.9066867613630825 -0.17158962618077578 0.27476531362367934
0.8983143703996754 -0.22552381822864356 0.28132319627272734
0.9382027365103657 -0.25885824498680043 0.29710403737812907
0.9382027365103657 -0.25885824498680043 0.29710403737812907
0.9382027365103657 -0.25885824498680043 0.29710403737812907
0.9382027365103657 -0.25885824498680043 0.29710403737812907
0.9382027365103657 -0.25885824498680043 0.29710403737812907
0.8938183835116552 -0.8680887158847848 0.1671188457992006
0.9081049462347774 -0.8792132275998282 0.11141256386613373
0.9438231610827648 -0.8520614309186028 0.08696873189894211
0.9836514970540876 -0.8173457067071377 0.05797915459929471
1.0071382097406203 -0.775287434545749 0.08696873189894211
1.023643431100137 -0.7232127299835 0.12425665369573513
1.0038110621518392 -0.710861965833146 0.18638498054360275
0.973839813575236 -0.6987597541166141 0.21341036010506878
0.9324327834532685 -0.7386079707454202 0.22069929151294254
0.8773363851251162 -0.7477160630634714 0.24312812886128274
0.8590559194766596 -0.784296429253432 0.23096163367792372
0.8515934518307073 -0.8340365598230477 0.2074078317187881
0.8515934518307073 -0.8340365598230477 0.2074078317187881
0.8515934518307073 -0.8340365598230477 0.2074078317187881
0.8515934518307073 -0.8340365598230477 0.2074078317187881
0.8515934518307073 -0.8340365598230477 0.2074078317187881
1.189571103739141 0.47727970070755193 0.05380201986162501
1.201849043584025 0.42750165644780447 0.08070302979243756
1.2096164458887084 0.3843057259707709 0.10319402593794674
1.2322832800847425 0.3450753215952266 0.0740880091144825
1.2497770370279795 0.2961982375583299 0.04939200607632164
1.2620899302929316 0.29534042382914294 -7.347880794884119e-17
1.2501000546075767 0.29494442553641287 -0.049357459731809626
1.2327678064541385 0.3431946035623511 -0.0740361895977144
1.2082648821663835 0.38453752447004086 -0.10469897582480424
1.199337171631142 0.42973007222958487 -0.083012274139492
1.187896522437219 0.47876531122873883 -0.055341516092994696
1.2022152668603914 0.48453628370039803 -7.347880794884119e-17
1.2022152668603914 0.48453628370039803 -7.347880794884119e-17
1.2022152668603914 0.48453628370039803 -7.347880794884119e-17
1.2022152668603914 0.48453628370039803 -7.347880794884119e-17
1.2022152668603914 0.48453628370039803 -7.347880794884119e-17
1.2530908622030645 0.06704298490760895 -0.15295783431529045
1.2687272414687099 0.044695323271739196 -0.10197188954352698
1.2713525491562416 -3.1139156598240397e-16 -0.08816778784387144
1.268291605935407 -0.048949237750807534 -0.10189390363090338
1.2524374089031105 -0.07342385662621115 -0.152840855446355
1.2251938954213113 -0.1016538036622731 -0.18155798354670707
1.2067059833850982 -0.07905684886719866 -0.207663907717577
1.1687056883608928 -0.05270456591146586 -0.2335482567745669
1.1677050983124824 -2.860052621992856e-16 -0.2308262652881447
1.1692993436251153 0.05345454663351298 -0.23302055571325012
1.207596466281432 0.0801818199502696 -0.2068723561256019
1.2262231862188366 0.09814986990525248 -0.18110826839801397
1.2262231862188366 0.09814986990525248 -0.18110826839801397
1.2262231862188366 0.09814986990525248 -0.18110826839801397
1.2262231862188366 0.09814986990525248 -0.18110826839801397
1.2262231862188366 0.09814986990525248 -0.18110826839801397
1.195495183741465 -0.38534855407847396 -0.1507442645751275
1.2101352257181133 -0.3876446287768993 -0.10049617638341835
1.2020162388570026 -0.4311019780555298 -0.07831347578903049
1.189682567254459 -0.4796799151127025 -0.052208983859353686
1.1648161960459835 -0.5234014835821788 -0.07831347578903049
1.136675702900763 -0.5619037358604482 -0.10479468590844553
1.1225059423264585 -0.5544377091771482 -0.15719202886266825
1.0857233135099928 -0.5354701898606599 -0.19526196931205528
1.0883876119598286 -0.48375116458249623 -0.21401440089444515
1.0871730107589495 -0.4308951990267129 -0.23240454397708957
1.124680488199893 -0.3975752229262278 -0.21290589086021963
1.1585780586133738 -0.365293458690698 -0.19022445309754446
1.1585780586133738 -0.365293458690698 -0.19022445309754446
1.1585780586133738 -0.365293458690698 -0.19022445309754446
1.1585780586133738 -0.365293458690698 -0.19022445309754446
1.1585780586133738 -0.365293458690698 -0.19022445309754446
1.0949924222884253 -0.6479377894567525 0.06627749909644035
1.059981021407952 -0.6834887895716046 0.09941624864466056
1.023643431100137 -0.7232127299835 0.12425665369573513
1.0071382097406203 -0.775287434545749 0.08696873189894211
0.9836514970540876 -0.8173457067071377 0.05797915459929471
0.9999931203388776 -0.8246882546570615 -7.347880794884119e-17
0.9909823524613083 -0.8145432666944966 -0.052146336203535516
1.0181344928514513 -0.7710837745267873 -0.07821950430530324
1.0388879007710747 -0.7270252631568539 -0.10473203825262735
1.0718514428035275 -0.6934112493505973 -0.07887855307363784
1.1029060365521424 -0.6545527626427475 -0.052585702049091916
1.1141616965230525 -0.6623750237556278 -7.347880794884119e-17
1.1141616965230525 -0.6623750237556278 -7.347880794884119e-17
1.1141616965230525 -0.6623750237556278 -7.347880794884119e-17
1.1141616965230525 -0.6623750237556278 -7.347880794884119e-17
1.1141616965230525 -0.6623750237556278 -7.347880794884119e-17
1.2581204934149885 0.20889415608356912 -0.09255082404608896
1.2741205885040494 0.16626501964987733 -0.06479004647141909
1.2827470590026995 0.11084334643325146 -0.04319336431427942
1.281738313046823 0.06704298490760895 -0.06479004647141909
1.2687272414687099 0.044695323271739196 -0.10197188954352698
1.2530908622030645 0.06704298490760895 -0.15295783431529045
1.2262231862188366 0.09814986990525248 -0.18110826839801397
1.2179822301720136 0.14722480485787887 -0.18349461475314954
1.2206949211936313 0.19620067955557016 -0.17168720290057593
1.2447984646652566 0.21411919938308546 -0.1388262360691334
1.2447984646652566 0.21411919938308546 -0.1388262360691334
1.2447984646652566 0.21411919938308546 -0.1388262360691334
1.2447984646652566 0.21411919938308546 -0.1388262360691334
1.2447984646652566 0.21411919938308546 -0.1388262360691334
1.2447984646652566 0.21411919938308546 -0.1388262360691334
1.2447984646652566 0.21411919938308546 -0.1388262360691334
1.132596466281413 -0.08018181995012288 0.26136304572603375
1.1692993436251033 -0.05345454663341536 0.23302055571326977
1.1677050983124841 -2.860052621992859e-16 0.23082626528814393
1.1692993436251207 0.053454546633450305 0.23302055571325272
1.132596466281439 0.0801818199501756 0.26136304572600816
1.0883976441876273 0.10375205170063041 0.27417081235988294
1.046352549156244 0.07544625760076987 0.29255165025808927
1.0000000000000016 0.05029750506717984 0.2901400851349083
1.0000000000000002 -2.4492935982947074e-16 0.28531695488854614
0.9982786281826236 -0.06144142921640743 0.29013434098750907
1.043770491430177 -0.09216214382461103 0.29254303403699045
1.0866762723702321 -0.11489597584982252 0.2741650682125008
1.0866762723702321 -0.11489597584982252 0.2741650682125008
1.0866762723702321 -0.11489597584982252 0.2741650682125008
1.0866762723702321 -0.11489597584982252 0.2741650682125008
1.0866762723702321 -0.11489597584982252 0.2741650682125008
