x y z
-0.7577039642542767 0.9940140258162262 -0.1660245482784421
-0.6733794491002221 1.0475575310733523 -0.16685279912920026
-0.6349688829089889 1.0001387852720072 -0.20896711334582027
-0.6579258573903997 0.9496576597427717 -0.22961014502875116
-0.5890549339461675 1.101101036330478 -0.1676810499799584
-0.5736013422363451 1.0032011649998975 -0.23043839587950932
-0.6349688829089889 1.0001387852720072 -0.20896711334582027
-0.6733794491002221 1.0475575310733523 -0.16685279912920026
-0.5581477505265228 0.9053012936693172 -0.2931957417790602
-0.6579258573903997 0.9496576597427717 -0.22961014502875116
-0.6349688829089889 1.0001387852720072 -0.20896711334582027
-0.5736013422363451 1.0032011649998975 -0.23043839587950932
0.5687536560032879 0.6647377479455011 -0.2726475503803145
0.5290056467090135 0.59638448376282 -0.1899854598154358
0.4776661069616521 0.6318478391428858 -0.20015076736900758
0.47187034173510867 0.6837561489242592 -0.24656446642823282
0.4892576374147391 0.5280312195801391 -0.1073233692505571
0.43212233244083426 0.6154028847415782 -0.1639023758633541
0.4776661069616521 0.6318478391428858 -0.20015076736900758
0.5290056467090135 0.59638448376282 -0.1899854598154358
0.3749870274669294 0.7027745499030172 -0.2204813824761511
0.47187034173510867 0.6837561489242592 -0.24656446642823282
0.4776661069616521 0.6318478391428858 -0.20015076736900758
0.43212233244083426 0.6154028847415782 -0.1639023758633541
-0.1131313652419752 -0.7647215373819454 -0.1961916980755149
-0.004219698557715604 -0.7735493357508563 -0.2048980437797614
-0.019006111571014526 -0.8243564945841545 -0.23361335547707726
-0.08085515141979378 -0.8453461748163483 -0.24361783847361196
0.104691968126544 -0.7823771341197672 -0.2136043894840079
0.02805651526446581 -0.8541739731852592 -0.25232418417785846
-0.019006111571014526 -0.8243564945841545 -0.23361335547707726
-0.004219698557715604 -0.7735493357508563 -0.2048980437797614
-0.04857893759761237 -0.9259708122507513 -0.291043978871709
-0.08085515141979378 -0.8453461748163483 -0.24361783847361196
-0.019006111571014526 -0.8243564945841545 -0.23361335547707726
0.02805651526446581 -0.8541739731852592 -0.25232418417785846
0.3199511156124059 -0.694726749127105 -0.1863066011600608
0.4155022502210264 -0.6302946347587213 -0.1847834171675291
0.43752231098245625 -0.6803592979361047 -0.21929473621415588
0.40075677405886095 -0.7376076867089882 -0.23731198773373507
0.5110533848296469 -0.5658625203903375 -0.1832602331749974
0.4963079086674814 -0.6731755723406045 -0.2357888037412034
0.43752231098245625 -0.6803592979361047 -0.21929473621415588
0.4155022502210264 -0.6302946347587213 -0.1847834171675291
0.481562432505316 -0.7804886242908715 -0.2883173743074094
0.40075677405886095 -0.7376076867089882 -0.23731198773373507
0.43752231098245625 -0.6803592979361047 -0.21929473621415588
0.4963079086674814 -0.6731755723406045 -0.2357888037412034
-0.9015774240981834 0.3034374987560044 -0.2960159906578091
-0.8222446035349535 0.24382096295295597 -0.24150468866346125
-0.8579119588029908 0.19454985126330124 -0.25856761053766575
-0.9154120467186242 0.19972256331999805 -0.2943547224719419
-0.7429117829717237 0.1842044271499075 -0.1869933866691134
-0.8360792261553944 0.14010602751694962 -0.23984342047759405
-0.8579119588029908 0.19454985126330124 -0.25856761053766575
-0.8222446035349535 0.24382096295295597 -0.24150468866346125
-0.9292466693390651 0.09600762788399173 -0.2926934542860747
-0.9154120467186242 0.19972256331999805 -0.2943547224719419
-0.8579119588029908 0.19454985126330124 -0.25856761053766575
-0.8360792261553944 0.14010602751694962 -0.23984342047759405
-0.5581477505265228 0.9053012936693172 -0.2931957417790602
-0.6488780469494435 0.8585220457015079 -0.2883418085449322
-0.6851533527177213 0.9036860390730806 -0.24756938845610219
-0.6579258573903997 0.9496576597427717 -0.22961014502875116
-0.7396083433723641 0.8117427977336987 -0.2834878753108042
-0.7486561538133204 0.9028784117749624 -0.22475621179462316
-0.6851533527177213 0.9036860390730806 -0.24756938845610219
-0.6488780469494435 0.8585220457015079 -0.2883418085449322
-0.7577039642542767 0.9940140258162262 -0.1660245482784421
-0.6579258573903997 0.9496576597427717 -0.22961014502875116
-0.6851533527177213 0.9036860390730806 -0.24756938845610219
-0.7486561538133204 0.9028784117749624 -0.22475621179462316
0.07127915363411627 -1.015813223421827 0.2994406594627901
0.17107567732396056 -1.020238579718519 0.2967037593216762
0.1853817840345119 -0.9605267150189163 0.28758568450869676
0.1426365755448654 -0.9284581045207689 0.2843950971727639
0.2708722010138049 -1.024663936015211 0.2939668591805623
0.24243309923470968 -0.932883460817461 0.28165819703165007
0.1853817840345119 -0.9605267150189163 0.28758568450869676
0.17107567732396056 -1.020238579718519 0.2967037593216762
0.2139939974556145 -0.8411029856197109 0.2693495348827378
0.1426365755448654 -0.9284581045207689 0.2843950971727639
0.1853817840345119 -0.9605267150189163 0.28758568450869676
0.24243309923470968 -0.932883460817461 0.28165819703165007
-0.7272243667390718 0.4242542807882809 -0.2549784982716151
-0.7350680748553977 0.30422935396909423 -0.22098594247036424
-0.7905711912696596 0.3039654022313976 -0.24599595853284587
-0.8144008954186276 0.36384588977214266 -0.27549724446471213
-0.7429117829717237 0.1842044271499075 -0.1869933866691134
-0.8222446035349535 0.24382096295295597 -0.24150468866346125
-0.7905711912696596 0.3039654022313976 -0.24599595853284587
-0.7350680748553977 0.30422935396909423 -0.22098594247036424
-0.9015774240981834 0.3034374987560044 -0.2960159906578091
-0.8144008954186276 0.36384588977214266 -0.27549724446471213
-0.7905711912696596 0.3039654022313976 -0.24599595853284587
-0.8222446035349535 0.24382096295295597 -0.24150468866346125
-0.7263486767061138 -0.2855915148350236 0.2044744767930424
-0.7833895196108163 -0.18068535896393748 0.23031339307846144
-0.8249969200387154 -0.2252022376143236 0.25269529304832966
-0.8172801988003136 -0.2999137548750598 0.2509667848905542
-0.8404303625155187 -0.07577920309285134 0.2561523093638805
-0.874321041705016 -0.19500759900397363 0.27680570117597325
-0.8249969200387154 -0.2252022376143236 0.25269529304832966
-0.7833895196108163 -0.18068535896393748 0.23031339307846144
-0.9082117208945133 -0.3142359949150959 0.297459092988066
-0.8172801988003136 -0.2999137548750598 0.2509667848905542
-0.8249969200387154 -0.2252022376143236 0.25269529304832966
-0.874321041705016 -0.19500759900397363 0.27680570117597325
1.074351696557307 0.6387077681361661 0.1660245482742163
1.0215637740289811 0.7136263866530603 0.16657874714941906
0.990457680970989 0.6724234093558272 0.2053462356741238
1.0012985957061558 0.6143626114487637 0.2244528804988748
0.9687758515006553 0.7885450051699544 0.1671329460246218
0.9485106731778299 0.6892812299656578 0.22500707937407755
0.990457680970989 0.6724234093558272 0.2053462356741238
1.0215637740289811 0.7136263866530603 0.16657874714941906
0.9282454948550044 0.5900174547613611 0.2828812127235333
1.0012985957061558 0.6143626114487637 0.2244528804988748
0.990457680970989 0.6724234093558272 0.2053462356741238
0.9485106731778299 0.6892812299656578 0.22500707937407755
0.7671435884688117 -0.7659322476995737 0.2879858035579631
0.8019060525038073 -0.8497245343309264 0.22414301567924
0.8515934518307073 -0.8340365598230477 0.2074078317187881
0.8590559194766596 -0.784296429253432 0.23096163367792372
0.8366685165388029 -0.9335168209622792 0.1603002278005169
0.8938183835116552 -0.8680887158847848 0.1671188457992006
0.8515934518307073 -0.8340365598230477 0.2074078317187881
0.8019060525038073 -0.8497245343309264 0.22414301567924
0.9509682504845075 -0.8026606108072902 0.1739374637978843
0.8590559194766596 -0.784296429253432 0.23096163367792372
0.8515934518307073 -0.8340365598230477 0.2074078317187881
0.8938183835116552 -0.8680887158847848 0.1671188457992006
0.9282454948550044 0.5900174547613611 0.2828812127235333
0.9485106731778299 0.6892812299656578 0.22500707937407755
0.9035376572233392 0.7110785685081793 0.2430775989953736
0.8709185600846812 0.6723453501772917 0.2810499254807495
0.9687758515006553 0.7885450051699544 0.1671329460246218
0.8911837384075066 0.7716091253815883 0.22317579213129377
0.9035376572233392 0.7110785685081793 0.2430775989953736
0.9485106731778299 0.6892812299656578 0.22500707937407755
0.813591625314358 0.7546732455932222 0.2792186382379657
0.8709185600846812 0.6723453501772917 0.2810499254807495
0.9035376572233392 0.7110785685081793 0.2430775989953736
0.8911837384075066 0.7716091253815883 0.22317579213129377
-0.2421302948477621 -1.229975927365077 -0.1603002278043763
-0.2889124083143769 -1.1434781549918571 -0.21989747124333014
-0.25143156063438216 -1.1229278696454614 -0.24132588701980973
-0.2093000800610773 -1.1559016131588735 -0.2222414731885726
-0.3356945217809917 -1.056980382618637 -0.279494714682284
-0.2560821935276921 -1.0694038407856534 -0.28183871662752646
-0.25143156063438216 -1.1229278696454614 -0.24132588701980973
-0.2889124083143769 -1.1434781549918571 -0.21989747124333014
-0.1764698652743925 -1.08182729895267 -0.2841827185727689
-0.2093000800610773 -1.1559016131588735 -0.2222414731885726
-0.25143156063438216 -1.1229278696454614 -0.24132588701980973
-0.2560821935276921 -1.0694038407856534 -0.28183871662752646
0.07127915363411627 -1.015813223421827 0.2994406594627901
0.1426365755448654 -0.9284581045207689 0.2843950971727639
0.09378826590595972 -0.8973794875133909 0.2731639417563378
0.033685400131132304 -0.9255177384602309 0.2750711451931378
0.2139939974556145 -0.8411029856197109 0.2693495348827378
0.10504282204188142 -0.8381626195591728 0.2600255829031116
0.09378826590595972 -0.8973794875133909 0.2731639417563378
0.1426365755448654 -0.9284581045207689 0.2843950971727639
-0.003908353371851659 -0.8352222534986348 0.2507016309234855
0.033685400131132304 -0.9255177384602309 0.2750711451931378
0.09378826590595972 -0.8973794875133909 0.2731639417563378
0.10504282204188142 -0.8381626195591728 0.2600255829031116
0.5110533848296469 -0.5658625203903375 -0.1832602331749974
0.5795846782574565 -0.6256704646134819 -0.23893280070574086
0.5469105963400763 -0.6772765178392784 -0.2553943252396304
0.4963079086674814 -0.6731755723406045 -0.2357888037412034
0.6481159716852662 -0.6854784088366263 -0.2946053682364843
0.5648392020952911 -0.7329835165637488 -0.2914613712719468
0.5469105963400763 -0.6772765178392784 -0.2553943252396304
0.5795846782574565 -0.6256704646134819 -0.23893280070574086
0.481562432505316 -0.7804886242908715 -0.2883173743074094
0.4963079086674814 -0.6731755723406045 -0.2357888037412034
0.5469105963400763 -0.6772765178392784 -0.2553943252396304
0.5648392020952911 -0.7329835165637488 -0.2914613712719468
-1.132633725593948 -0.5132221897962764 0.1752564249128626
-1.0525836386198388 -0.5166899253127588 0.22852876372250397
-1.0675655793534649 -0.4551584266985443 0.2395859874972269
-1.1150815932073326 -0.4226588096331958 0.21847842997976769
-0.9725335516457297 -0.5201576608292411 0.2818011025321453
-1.0350315062332234 -0.4261265451496782 0.27175076878940907
-1.0675655793534649 -0.4551584266985443 0.2395859874972269
-1.0525836386198388 -0.5166899253127588 0.22852876372250397
-1.097529460820717 -0.3320954294701152 0.2617004350466728
-1.1150815932073326 -0.4226588096331958 0.21847842997976769
-1.0675655793534649 -0.4551584266985443 0.2395859874972269
-1.0350315062332234 -0.4261265451496782 0.27175076878940907
0.5687536560032879 0.6647377479455011 -0.2726475503803145
0.617561466716916 0.5743055366443259 -0.25762299119733356
0.5747935236161904 0.558880764289597 -0.20752311721507474
0.5290056467090135 0.59638448376282 -0.1899854598154358
0.6663692774305443 0.4838733253431507 -0.2425984320143526
0.5778134574226417 0.5059522724616449 -0.17496090063245484
0.5747935236161904 0.558880764289597 -0.20752311721507474
0.617561466716916 0.5743055366443259 -0.25762299119733356
0.4892576374147391 0.5280312195801391 -0.1073233692505571
0.5290056467090135 0.59638448376282 -0.1899854598154358
0.5747935236161904 0.558880764289597 -0.20752311721507474
0.5778134574226417 0.5059522724616449 -0.17496090063245484
-0.515073677065515 -0.7653832152667495 -0.2898321250698271
-0.561021281070593 -0.8627674398648315 -0.2786388780360296
-0.6199312316343001 -0.8548285654721887 -0.27781377962185666
-0.6264124049136146 -0.8021670159768263 -0.2829978539316689
-0.6069688850756709 -0.9601516644629136 -0.2674456310022321
-0.6723600089186925 -0.8995512405749083 -0.27180460689787145
-0.6199312316343001 -0.8548285654721887 -0.27781377962185666
-0.561021281070593 -0.8627674398648315 -0.2786388780360296
-0.7377511327617142 -0.8389508166869031 -0.2761635827935107
-0.6264124049136146 -0.8021670159768263 -0.2829978539316689
-0.6199312316343001 -0.8548285654721887 -0.27781377962185666
-0.6723600089186925 -0.8995512405749083 -0.27180460689787145
0.68825625929794 0.8533841185112631 -0.2841102383704719
0.6870974376642566 0.9498317285059961 -0.2241474626016401
0.7375176503059757 0.9432584722315044 -0.20359774131901856
0.7633071674436771 0.8917480390968919 -0.2233042685621237
0.6859386160305732 1.046279338500729 -0.1641846868328083
0.7621483458099937 0.9881956490916249 -0.1633414927932919
0.7375176503059757 0.9432584722315044 -0.20359774131901856
0.6870974376642566 0.9498317285059961 -0.2241474626016401
0.8383580755894142 0.9301119596825209 -0.1624982987537755
0.7633071674436771 0.8917480390968919 -0.2233042685621237
0.7375176503059757 0.9432584722315044 -0.20359774131901856
0.7621483458099937 0.9881956490916249 -0.1633414927932919
-0.422477718884639 -1.17630427951843 -0.1660245482776514
-0.3790861203328153 -1.1166423310685336 -0.2227596314799677
-0.3334341785044643 -1.1544201965007146 -0.20193983025477058
-0.33230400686620054 -1.2031401034417535 -0.16316238804101385
-0.3356945217809917 -1.056980382618637 -0.279494714682284
-0.2889124083143769 -1.1434781549918571 -0.21989747124333014
-0.3334341785044643 -1.1544201965007146 -0.20193983025477058
-0.3790861203328153 -1.1166423310685336 -0.2227596314799677
-0.2421302948477621 -1.229975927365077 -0.1603002278043763
-0.33230400686620054 -1.2031401034417535 -0.16316238804101385
-0.3334341785044643 -1.1544201965007146 -0.20193983025477058
-0.2889124083143769 -1.1434781549918571 -0.21989747124333014
0.9948358845478702 -0.1843242876492218 0.2997691131854348
1.026959459606824 -0.2830643879743225 0.2860588020767171
1.0754689178213301 -0.24216413861629682 0.2698422469056519
1.083661859399106 -0.17234396377473366 0.26858912487447817
1.059083034665778 -0.3818044882994232 0.2723484909679993
1.11578543445806 -0.2710840640998343 0.2548788137657604
1.0754689178213301 -0.24216413861629682 0.2698422469056519
1.026959459606824 -0.2830643879743225 0.2860588020767171
1.172487834250342 -0.1603636399002455 0.2374091365635215
1.083661859399106 -0.17234396377473366 0.26858912487447817
1.0754689178213301 -0.24216413861629682 0.2698422469056519
1.11578543445806 -0.2710840640998343 0.2548788137657604
-0.05234407055906915 0.7095474667284315 0.08218066950655509
-0.041946389599566536 0.7265246645001469 -0.03725421779157055
0.016069309508583946 0.7135103827649886 -0.022862057703844335
0.039878318582907885 0.6985146430115519 0.04405146598908159
-0.03154870864006391 0.7435018622718621 -0.1566891050896962
0.0502759995424105 0.7154918407832672 -0.07538342130904405
0.016069309508583946 0.7135103827649886 -0.022862057703844335
-0.041946389599566536 0.7265246645001469 -0.03725421779157055
0.1321007077248849 0.6874818192946723 0.005922262471608096
0.039878318582907885 0.6985146430115519 0.04405146598908159
0.016069309508583946 0.7135103827649886 -0.022862057703844335
0.0502759995424105 0.7154918407832672 -0.07538342130904405
-1.265804051041113 -0.2962095615740766 -7.347880794884119e-17
-1.2337832785984086 -0.23656367782016713 0.10475850935670711
-1.2545840329118934 -0.1908804614425921 0.06983900623780472
-1.280994796289988 -0.19786179513075935 -7.347880794884119e-17
-1.201762506155704 -0.1769177940662577 0.2095170187134143
-1.2489740238472835 -0.1382159113768499 0.10475850935670711
-1.2545840329118934 -0.1908804614425921 0.06983900623780472
-1.2337832785984086 -0.23656367782016713 0.10475850935670711
-1.296185541538863 -0.09951402868744211 -7.347880794884119e-17
-1.280994796289988 -0.19786179513075935 -7.347880794884119e-17
-1.2545840329118934 -0.1908804614425921 0.06983900623780472
-1.2489740238472835 -0.1382159113768499 0.10475850935670711
0.2708722010138049 -1.024663936015211 0.2939668591805623
0.19629914735650178 -1.107109657960346 0.260644324013494
0.24126372208983704 -1.1398041461784623 0.22910439876816016
0.30103253628515625 -1.1149285293149531 0.2299957037290274
0.1217260936991987 -1.189555379905481 0.2273217888464258
0.22645948262785315 -1.197374251260088 0.19667316856195916
0.24126372208983704 -1.1398041461784623 0.22910439876816016
0.19629914735650178 -1.107109657960346 0.260644324013494
0.3311928715565076 -1.205193122614695 0.1660245482774925
0.30103253628515625 -1.1149285293149531 0.2299957037290274
0.24126372208983704 -1.1398041461784623 0.22910439876816016
0.22645948262785315 -1.197374251260088 0.19667316856195916
-0.2180152967280576 0.6666347743043209 -0.0287321561335098
-0.12478200268406076 0.7050683182880915 -0.09271063061160299
-0.10063602530906356 0.7065613677682049 -0.034413530572216966
-0.1351796836435634 0.6880911205163762 0.026724256686522646
-0.03154870864006391 0.7435018622718621 -0.1566891050896962
-0.041946389599566536 0.7265246645001469 -0.03725421779157055
-0.10063602530906356 0.7065613677682049 -0.034413530572216966
-0.12478200268406076 0.7050683182880915 -0.09271063061160299
-0.05234407055906915 0.7095474667284315 0.08218066950655509
-0.1351796836435634 0.6880911205163762 0.026724256686522646
-0.10063602530906356 0.7065613677682049 -0.034413530572216966
-0.041946389599566536 0.7265246645001469 -0.03725421779157055
-1.191623136704618 0.3771120271720997 0.1660245482774925
-1.214108201402202 0.28408693509248945 0.16496532520743318
-1.1644530059173244 0.26470585611247693 0.20549122190978789
-1.1283828758260934 0.3015278626622758 0.2262837817959949
-1.236593266099786 0.1910618430128792 0.1639061021373739
-1.1508679405236775 0.20850277058266556 0.22522455872593558
-1.1644530059173244 0.26470585611247693 0.20549122190978789
-1.214108201402202 0.28408693509248945 0.16496532520743318
-1.065142614947569 0.2259436981524519 0.2865430153144973
-1.1283828758260934 0.3015278626622758 0.2262837817959949
-1.1644530059173244 0.26470585611247693 0.20549122190978789
-1.1508679405236775 0.20850277058266556 0.22522455872593558
-0.8404303625155187 -0.07577920309285134 0.2561523093638805
-0.9360353438809068 -0.11008903874690681 0.27662021713050944
-0.9267608028854424 -0.17813802413630317 0.28356650908302833
-0.874321041705016 -0.19500759900397363 0.27680570117597325
-1.031640325246295 -0.1443988744009623 0.2970881248971383
-0.9699260230704041 -0.22931743465802912 0.29727360894260213
-0.9267608028854424 -0.17813802413630317 0.28356650908302833
-0.9360353438809068 -0.11008903874690681 0.27662021713050944
-0.9082117208945133 -0.3142359949150959 0.297459092988066
-0.874321041705016 -0.19500759900397363 0.27680570117597325
-0.9267608028854424 -0.17813802413630317 0.28356650908302833
-0.9699260230704041 -0.22931743465802912 0.29727360894260213
-0.7377511327617142 -0.8389508166869031 -0.2761635827935107
-0.6909072351676452 -0.759217793548457 -0.2846532258310964
-0.6322960491336018 -0.7612729341212212 -0.28637952557734
-0.6264124049136146 -0.8021670159768263 -0.2829978539316689
-0.6440633375735761 -0.6794847704100109 -0.2931428688686821
-0.5795685073195456 -0.7224339928383802 -0.2914874969692546
-0.6322960491336018 -0.7612729341212212 -0.28637952557734
-0.6909072351676452 -0.759217793548457 -0.2846532258310964
-0.515073677065515 -0.7653832152667495 -0.2898321250698271
-0.6264124049136146 -0.8021670159768263 -0.2829978539316689
-0.6322960491336018 -0.7612729341212212 -0.28637952557734
-0.5795685073195456 -0.7224339928383802 -0.2914874969692546
-0.3288694532578648 -0.7147843079627243 -0.2110698878417289
-0.4219715651616899 -0.7400837616147369 -0.250451006455778
-0.45001334841155033 -0.6843608320662856 -0.22889077160979157
-0.4174831840845681 -0.6438496404660536 -0.1984200948797738
-0.515073677065515 -0.7653832152667495 -0.2898321250698271
-0.5105852959883932 -0.6691490941180662 -0.23780121349382288
-0.45001334841155033 -0.6843608320662856 -0.22889077160979157
-0.4219715651616899 -0.7400837616147369 -0.250451006455778
-0.5060969149112714 -0.572914972969383 -0.1857703019178187
-0.4174831840845681 -0.6438496404660536 -0.1984200948797738
-0.45001334841155033 -0.6843608320662856 -0.22889077160979157
-0.5105852959883932 -0.6691490941180662 -0.23780121349382288
-0.6434859152186531 -0.389663898114739 -0.1692054389917581
-0.7188672081741156 -0.41741245931129933 -0.227771017012831
-0.747931367314993 -0.360384748090423 -0.23703115298322253
-0.7247728004077005 -0.3179966118817046 -0.21237843195788186
-0.7942485011295782 -0.4451610205078597 -0.2863365950339039
-0.800154093363163 -0.34574517307826497 -0.27094400997895474
-0.747931367314993 -0.360384748090423 -0.23703115298322253
-0.7188672081741156 -0.41741245931129933 -0.227771017012831
-0.8060596855967479 -0.2463293256486702 -0.2555514249240056
-0.7247728004077005 -0.3179966118817046 -0.21237843195788186
-0.747931367314993 -0.360384748090423 -0.23703115298322253
-0.800154093363163 -0.34574517307826497 -0.27094400997895474
-1.065142614947569 0.2259436981524519 0.2865430153144973
-1.0521656402068285 0.32633316597241024 0.2799964928596268
-1.0986514723727583 0.34325945303897337 0.24200584466558203
-1.1283828758260934 0.3015278626622758 0.2262837817959949
-1.039188665466088 0.4267226337923686 0.2734499704047564
-1.115405901085353 0.4019173304822341 0.21973725934112442
-1.0986514723727583 0.34325945303897337 0.24200584466558203
-1.0521656402068285 0.32633316597241024 0.2799964928596268
-1.191623136704618 0.3771120271720997 0.1660245482774925
-1.1283828758260934 0.3015278626622758 0.2262837817959949
-1.0986514723727583 0.34325945303897337 0.24200584466558203
-1.115405901085353 0.4019173304822341 0.21973725934112442
-1.097529460820717 -0.3320954294701152 0.2617004350466728
-1.0350315062332234 -0.4261265451496782 0.27175076878940907
-0.9927582444536535 -0.38882969507148407 0.2803202101889614
-1.002870590857615 -0.3231657121926056 0.2795797640173694
-0.9725335516457297 -0.5201576608292411 0.2818011025321453
-0.9403726362701215 -0.4171968278721685 0.2896300977601056
-0.9927582444536535 -0.38882969507148407 0.2803202101889614
-1.0350315062332234 -0.4261265451496782 0.27175076878940907
-0.9082117208945133 -0.3142359949150959 0.297459092988066
-1.002870590857615 -0.3231657121926056 0.2795797640173694
-0.9927582444536535 -0.38882969507148407 0.2803202101889614
-0.9403726362701215 -0.4171968278721685 0.2896300977601056
-0.3709639425335886 -0.5953874886053633 -0.02995010606150791
-0.3499166978957267 -0.6550858982840437 -0.1205099969516184
-0.4019767702342416 -0.6276955898458235 -0.14226343194035185
-0.43853042872243 -0.5841512307873731 -0.10786020398966331
-0.3288694532578648 -0.7147843079627243 -0.2110698878417289
-0.4174831840845681 -0.6438496404660536 -0.1984200948797738
-0.4019767702342416 -0.6276955898458235 -0.14226343194035185
-0.3499166978957267 -0.6550858982840437 -0.1205099969516184
-0.5060969149112714 -0.572914972969383 -0.1857703019178187
-0.43853042872243 -0.5841512307873731 -0.10786020398966331
-0.4019767702342416 -0.6276955898458235 -0.14226343194035185
-0.4174831840845681 -0.6438496404660536 -0.1984200948797738
-0.846455623291502 -0.6694325916469742 0.2893625760506813
-0.9244007742731675 -0.6851682224763858 0.2449661599718358
-0.9114627887792613 -0.7474042834175595 0.2220677845696982
-0.8660212205414757 -0.7706544984734407 0.23281680490805212
-1.002345925254833 -0.7009038533057973 0.2005697438929903
-0.9439663715231412 -0.7863901293028521 0.18842038882920664
-0.9114627887792613 -0.7474042834175595 0.2220677845696982
-0.9244007742731675 -0.6851682224763858 0.2449661599718358
-0.8855868177914494 -0.8718764052999071 0.176271033765423
-0.8660212205414757 -0.7706544984734407 0.23281680490805212
-0.9114627887792613 -0.7474042834175595 0.2220677845696982
-0.9439663715231412 -0.7863901293028521 0.18842038882920664
0.3749870274669294 0.7027745499030172 -0.2204813824761511
0.43212233244083426 0.6154028847415782 -0.1639023758633541
0.3936205025685778 0.6196558343940214 -0.12437714562716078
0.3458019351454972 0.6654681418009625 -0.1329040338154626
0.4892576374147391 0.5280312195801391 -0.1073233692505571
0.402937240119402 0.5780964766395235 -0.0763250272026656
0.3936205025685778 0.6196558343940214 -0.12437714562716078
0.43212233244083426 0.6154028847415782 -0.1639023758633541
0.3166168428240649 0.6281617336989078 -0.04532668515477409
0.3458019351454972 0.6654681418009625 -0.1329040338154626
0.3936205025685778 0.6196558343940214 -0.12437714562716078
0.402937240119402 0.5780964766395235 -0.0763250272026656
1.059083034665778 -0.3818044882994232 0.2723484909679993
1.140577032011128 -0.3419474613417771 0.21199314667248131
1.151213966090866 -0.2814195208612666 0.22046514330282804
1.11578543445806 -0.2710840640998343 0.2548788137657604
1.222071029356478 -0.3020904343841311 0.1516378023769633
1.19727943180341 -0.23122703714218829 0.1945234694702424
1.151213966090866 -0.2814195208612666 0.22046514330282804
1.140577032011128 -0.3419474613417771 0.21199314667248131
1.172487834250342 -0.1603636399002455 0.2374091365635215
1.11578543445806 -0.2710840640998343 0.2548788137657604
1.151213966090866 -0.2814195208612666 0.22046514330282804
1.19727943180341 -0.23122703714218829 0.1945234694702424
-0.6261180813586984 0.3479390552657536 -0.09754081292222816
-0.6845149321652111 0.26607174120783056 -0.14226709979567076
-0.6987514103564979 0.318799254401314 -0.17983756595431888
-0.676671224048885 0.38609666802701725 -0.17625965559692164
-0.7429117829717237 0.1842044271499075 -0.1869933866691134
-0.7350680748553977 0.30422935396909423 -0.22098594247036424
-0.6987514103564979 0.318799254401314 -0.17983756595431888
-0.6845149321652111 0.26607174120783056 -0.14226709979567076
-0.7272243667390718 0.4242542807882809 -0.2549784982716151
-0.676671224048885 0.38609666802701725 -0.17625965559692164
-0.6987514103564979 0.318799254401314 -0.17983756595431888
-0.7350680748553977 0.30422935396909423 -0.22098594247036424
-0.6953051807235145 -0.1805963565577906 -0.1033829044400874
-0.6693955479710838 -0.2851301273362648 -0.13629417171592276
-0.7149502605129717 -0.27219652677373324 -0.17604658945195037
-0.7506824331601312 -0.21346284110323038 -0.17946716468204651
-0.6434859152186531 -0.389663898114739 -0.1692054389917581
-0.7247728004077005 -0.3179966118817046 -0.21237843195788186
-0.7149502605129717 -0.27219652677373324 -0.17604658945195037
-0.6693955479710838 -0.2851301273362648 -0.13629417171592276
-0.8060596855967479 -0.2463293256486702 -0.2555514249240056
-0.7506824331601312 -0.21346284110323038 -0.17946716468204651
-0.7149502605129717 -0.27219652677373324 -0.17604658945195037
-0.7247728004077005 -0.3179966118817046 -0.21237843195788186
-0.8253787977011056 0.6410983280336954 0.2965889209467713
-0.7724053602281761 0.5451110738044351 0.27764875183573534
-0.7250164925083006 0.5864899243127045 0.28141221252509724
-0.7278087773848277 0.6551729766814693 0.29276402742529617
-0.7194319227552466 0.4491238195751748 0.2587085827246993
-0.6748353399118983 0.559185722452209 0.2738238583142602
-0.7250164925083006 0.5864899243127045 0.28141221252509724
-0.7724053602281761 0.5451110738044351 0.27764875183573534
-0.6302387570685499 0.6692476253292432 0.2889391339038211
-0.7278087773848277 0.6551729766814693 0.29276402742529617
-0.7250164925083006 0.5864899243127045 0.28141221252509724
-0.6748353399118983 0.559185722452209 0.2738238583142602
-0.3842528868789209 0.6128117095914611 -0.1159607528613116
-0.4733711687791759 0.583821771154558 -0.16514296043012727
-0.4649048652965793 0.6314301188823285 -0.19738641237744112
-0.4161125726051535 0.6697292619646653 -0.18891703456669018
-0.5624894506794309 0.5548318327176549 -0.2143251679989429
-0.5052308545054085 0.6407393235277622 -0.23809924213550585
-0.4649048652965793 0.6314301188823285 -0.19738641237744112
-0.4733711687791759 0.583821771154558 -0.16514296043012727
-0.4479722583313861 0.7266468143378695 -0.2618733162720688
-0.4161125726051535 0.6697292619646653 -0.18891703456669018
-0.4649048652965793 0.6314301188823285 -0.19738641237744112
-0.5052308545054085 0.6407393235277622 -0.23809924213550585
0.002134031252227362 -0.7034067067897046 -0.04510364344013825
0.053412999689385676 -0.742891920454736 -0.12935401646207306
-0.0021017886210679495 -0.7501684594304724 -0.15163324366655367
-0.05549866699487392 -0.734064122085825 -0.12064767075782658
0.104691968126544 -0.7823771341197672 -0.2136043894840079
-0.004219698557715604 -0.7735493357508563 -0.2048980437797614
-0.0021017886210679495 -0.7501684594304724 -0.15163324366655367
0.053412999689385676 -0.742891920454736 -0.12935401646207306
-0.1131313652419752 -0.7647215373819454 -0.1961916980755149
-0.05549866699487392 -0.734064122085825 -0.12064767075782658
-0.0021017886210679495 -0.7501684594304724 -0.15163324366655367
-0.004219698557715604 -0.7735493357508563 -0.2048980437797614
0.5576167599981914 0.9931898577095422 -0.265845687850174
0.6217776880143823 1.0197345981051356 -0.21501518734149114
0.6439372117755682 0.9642844382405115 -0.23804687101781807
0.6229365096480657 0.9232869881104027 -0.27497796311032296
0.6859386160305732 1.046279338500729 -0.1641846868328083
0.6870974376642566 0.9498317285059961 -0.2241474626016401
0.6439372117755682 0.9642844382405115 -0.23804687101781807
0.6217776880143823 1.0197345981051356 -0.21501518734149114
0.68825625929794 0.8533841185112631 -0.2841102383704719
0.6229365096480657 0.9232869881104027 -0.27497796311032296
0.6439372117755682 0.9642844382405115 -0.23804687101781807
0.6870974376642566 0.9498317285059961 -0.2241474626016401
0.1321007077248849 0.6874818192946723 0.005922262471608096
0.0502759995424105 0.7154918407832672 -0.07538342130904405
0.0956722512592416 0.7225730259953388 -0.11024044978421872
0.15928273120889436 0.7121086078570771 -0.08701612213148
-0.03154870864006391 0.7435018622718621 -0.1566891050896962
0.07745802302641994 0.740118629345672 -0.16832180591213214
0.0956722512592416 0.7225730259953388 -0.11024044978421872
0.0502759995424105 0.7154918407832672 -0.07538342130904405
0.1864647546929038 0.7367353964194818 -0.1799545067345681
0.15928273120889436 0.7121086078570771 -0.08701612213148
0.0956722512592416 0.7225730259953388 -0.11024044978421872
0.07745802302641994 0.740118629345672 -0.16832180591213214
0.3713976577839098 -0.5945207129855099 -0.02438804121584415
0.4412255213067784 -0.5801916166879237 -0.10382413719542077
0.40080071940865425 -0.6183699941676508 -0.13131829185030078
0.34567438669815787 -0.6446237310563074 -0.10534732118795247
0.5110533848296469 -0.5658625203903375 -0.1832602331749974
0.4155022502210264 -0.6302946347587213 -0.1847834171675291
0.40080071940865425 -0.6183699941676508 -0.13131829185030078
0.4412255213067784 -0.5801916166879237 -0.10382413719542077
0.3199511156124059 -0.694726749127105 -0.1863066011600608
0.34567438669815787 -0.6446237310563074 -0.10534732118795247
0.40080071940865425 -0.6183699941676508 -0.13131829185030078
0.4155022502210264 -0.6302946347587213 -0.1847834171675291
0.7008789302085607 -0.491379970411555 -0.2631644202619469
0.7269898008978839 -0.4086322977068009 -0.2518014083679532
0.770809998339775 -0.41865637540999084 -0.26714714018742164
0.779664661716059 -0.46504225061396287 -0.28050151204415275
0.7531006715872071 -0.3258846250020467 -0.2404383964739594
0.8057755324053821 -0.38229457790920873 -0.26913850015015894
0.770809998339775 -0.41865637540999084 -0.26714714018742164
0.7269898008978839 -0.4086322977068009 -0.2518014083679532
0.8584503932235571 -0.4387045308163708 -0.2978386038263585
0.779664661716059 -0.46504225061396287 -0.28050151204415275
0.770809998339775 -0.41865637540999084 -0.26714714018742164
0.8057755324053821 -0.38229457790920873 -0.26913850015015894
-1.08175700398899 0.2214722606385171 -0.2813241064891501
-1.0955564581513695 0.1360612607750492 -0.28011382691144737
-1.1431535054091155 0.1556545654029877 -0.24017596054224702
-1.160052301956799 0.20815671764869087 -0.2208121671464982
-1.109355912313749 0.05065026091158129 -0.2789035473337447
-1.1738517561191786 0.12274571778522295 -0.2196018875687955
-1.1431535054091155 0.1556545654029877 -0.24017596054224702
-1.0955564581513695 0.1360612607750492 -0.28011382691144737
-1.238347599924608 0.1948411746588646 -0.1603002278038463
-1.160052301956799 0.20815671764869087 -0.2208121671464982
-1.1431535054091155 0.1556545654029877 -0.24017596054224702
-1.1738517561191786 0.12274571778522295 -0.2196018875687955
0.104691968126544 -0.7823771341197672 -0.2136043894840079
0.11339697001347344 -0.863748372446786 -0.2549478842315066
0.059405000809778175 -0.8844891857147745 -0.2669799157782407
0.02805651526446581 -0.8541739731852592 -0.25232418417785846
0.1221019719004029 -0.945119610773805 -0.2962913789790053
0.036761517151395265 -0.9355452115122782 -0.29366767892535717
0.059405000809778175 -0.8844891857147745 -0.2669799157782407
0.11339697001347344 -0.863748372446786 -0.2549478842315066
-0.04857893759761237 -0.9259708122507513 -0.291043978871709
0.02805651526446581 -0.8541739731852592 -0.25232418417785846
0.059405000809778175 -0.8844891857147745 -0.2669799157782407
0.036761517151395265 -0.9355452115122782 -0.29366767892535717
-0.417910810423314 1.178921681235852 -0.1646157045283788
-0.33002055263663643 1.204448804301514 -0.1624579661644127
-0.2988952501988336 1.1578082758377413 -0.20364527161417603
-0.327277727873271 1.1217244500730241 -0.2253177935210408
-0.2421302948499589 1.229975927367176 -0.1603002278004466
-0.2393874700865934 1.147251573138686 -0.2231600551570747
-0.2988952501988336 1.1578082758377413 -0.20364527161417603
-0.33002055263663643 1.204448804301514 -0.1624579661644127
-0.2366446453232279 1.064527218910196 -0.2860198825137028
-0.327277727873271 1.1217244500730241 -0.2253177935210408
-0.2988952501988336 1.1578082758377413 -0.20364527161417603
-0.2393874700865934 1.147251573138686 -0.2231600551570747
-0.2492584590380292 -0.8126967202605864 0.2598435205820431
-0.19464103020372964 -0.9005993190730949 0.27991954618278125
-0.1310634712597703 -0.8788069638816082 0.27018024109634936
-0.12658340620494044 -0.8239594868796105 0.2552725757527643
-0.1400236013694301 -0.9885019178856034 0.2999955717835194
-0.07196597737064088 -0.9118620856921191 0.2753486013535025
-0.1310634712597703 -0.8788069638816082 0.27018024109634936
-0.19464103020372964 -0.9005993190730949 0.27991954618278125
-0.003908353371851659 -0.8352222534986348 0.2507016309234855
-0.12658340620494044 -0.8239594868796105 0.2552725757527643
-0.1310634712597703 -0.8788069638816082 0.27018024109634936
-0.07196597737064088 -0.9118620856921191 0.2753486013535025
0.4892576374147391 0.5280312195801391 -0.1073233692505571
0.5778134574226417 0.5059522724616449 -0.17496090063245484
0.5918910601189779 0.4549707790214872 -0.14629337432626646
0.5546519514631947 0.44051950586065547 -0.0981408454822234
0.6663692774305443 0.4838733253431507 -0.2425984320143526
0.6432077714710973 0.4184405587421613 -0.16577837686412114
0.5918910601189779 0.4549707790214872 -0.14629337432626646
0.5778134574226417 0.5059522724616449 -0.17496090063245484
0.6200462655116502 0.3530077921411719 -0.08895832171388969
0.5546519514631947 0.44051950586065547 -0.0981408454822234
0.5918910601189779 0.4549707790214872 -0.14629337432626646
0.6432077714710973 0.4184405587421613 -0.16577837686412114
-0.1015162494180766 -0.7198368126947022 0.1242942570115257
-0.1753873542280529 -0.7662667664776444 0.19206888879678438
-0.11822768727598582 -0.7892519288179746 0.21161313617235145
-0.052712301394964134 -0.7775295330966685 0.1874979439675056
-0.2492584590380292 -0.8126967202605864 0.2598435205820431
-0.12658340620494044 -0.8239594868796105 0.2552725757527643
-0.11822768727598582 -0.7892519288179746 0.21161313617235145
-0.1753873542280529 -0.7662667664776444 0.19206888879678438
-0.003908353371851659 -0.8352222534986348 0.2507016309234855
-0.052712301394964134 -0.7775295330966685 0.1874979439675056
-0.11822768727598582 -0.7892519288179746 0.21161313617235145
-0.12658340620494044 -0.8239594868796105 0.2552725757527643
0.2972448834107241 -0.8932080782723325 -0.2942148547900374
0.33781987150965687 -0.9899767436950409 -0.27679745672504524
0.2916882575329081 -1.027719875696668 -0.2760242891027454
0.24833495649506734 -0.9982071089861273 -0.28434640432409153
0.3783948596085897 -1.086745409117749 -0.2593800586600531
0.28890994459400016 -1.0949757744088355 -0.26692900625909943
0.2916882575329081 -1.027719875696668 -0.2760242891027454
0.33781987150965687 -0.9899767436950409 -0.27679745672504524
0.1994250295794106 -1.103206139699922 -0.2744779538581457
0.24833495649506734 -0.9982071089861273 -0.28434640432409153
0.2916882575329081 -1.027719875696668 -0.2760242891027454
0.28890994459400016 -1.0949757744088355 -0.26692900625909943
-0.6302387570685499 0.6692476253292432 0.2889391339038211
-0.6748353399118983 0.559185722452209 0.2738238583142602
-0.6275368113410074 0.5521039528399708 0.24130021869323012
-0.5815892556338877 0.6035940194723688 0.23259603667749554
-0.7194319227552466 0.4491238195751748 0.2587085827246993
-0.6261858384772361 0.49353211659533464 0.21748076108793465
-0.6275368113410074 0.5521039528399708 0.24130021869323012
-0.6748353399118983 0.559185722452209 0.2738238583142602
-0.5329397541992255 0.5379404136154945 0.17625293945117
-0.5815892556338877 0.6035940194723688 0.23259603667749554
-0.6275368113410074 0.5521039528399708 0.24130021869323012
-0.6261858384772361 0.49353211659533464 0.21748076108793465
-0.251124158077333 0.7448200598687331 -0.2102631827543342
-0.14133643335869847 0.7441609610702976 -0.1834761439220152
-0.16689605448181818 0.7183188988149721 -0.13189481465918007
-0.23456972740269533 0.7057274170865271 -0.119497669443922
-0.03154870864006391 0.7435018622718621 -0.1566891050896962
-0.12478200268406076 0.7050683182880915 -0.09271063061160299
-0.16689605448181818 0.7183188988149721 -0.13189481465918007
-0.14133643335869847 0.7441609610702976 -0.1834761439220152
-0.2180152967280576 0.6666347743043209 -0.0287321561335098
-0.23456972740269533 0.7057274170865271 -0.119497669443922
-0.16689605448181818 0.7183188988149721 -0.13189481465918007
-0.12478200268406076 0.7050683182880915 -0.09271063061160299
-0.7022417544900457 -0.1266205000986899 0.0891935083508314
-0.7713360585027822 -0.1011998515957706 0.17267290885735595
-0.7563402645705594 -0.16266373934218828 0.18327343150258477
-0.7142952155980797 -0.20610600746685676 0.1468339925719369
-0.8404303625155187 -0.07577920309285134 0.2561523093638805
-0.7833895196108163 -0.18068535896393748 0.23031339307846144
-0.7563402645705594 -0.16266373934218828 0.18327343150258477
-0.7713360585027822 -0.1011998515957706 0.17267290885735595
-0.7263486767061138 -0.2855915148350236 0.2044744767930424
-0.7142952155980797 -0.20610600746685676 0.1468339925719369
-0.7563402645705594 -0.16266373934218828 0.18327343150258477
-0.7833895196108163 -0.18068535896393748 0.23031339307846144
-1.002935933768527 -0.8271151750245261 -7.347880794884119e-17
-1.00264092951168 -0.7640095141651617 0.1002848719464951
-1.0409074493689077 -0.7307811038705215 0.06685658129766338
-1.0601882114259449 -0.7457197291528836 -7.347880794884119e-17
-1.002345925254833 -0.7009038533057973 0.2005697438929903
-1.059893207169098 -0.6826140682935193 0.1002848719464951
-1.0409074493689077 -0.7307811038705215 0.06685658129766338
-1.00264092951168 -0.7640095141651617 0.1002848719464951
-1.117440489083363 -0.6643242832812413 -7.347880794884119e-17
-1.0601882114259449 -0.7457197291528836 -7.347880794884119e-17
-1.0409074493689077 -0.7307811038705215 0.06685658129766338
-1.059893207169098 -0.6826140682935193 0.1002848719464951
0.7572949016875148 -1.854837554724449e-16 -0.1763355756877406
0.7221224867368359 -0.09690571119032204 -0.13308617205760687
0.7147483244912239 -0.06460380746021475 -0.08872411470507087
0.7286474508437574 -1.784671536765372e-16 -0.08816778784386975
0.6869500717861571 -0.1938114223806439 -0.08983676842747311
0.6934750358930786 -0.09690571119032203 -0.04491838421373601
0.7147483244912239 -0.06460380746021475 -0.08872411470507087
0.7221224867368359 -0.09690571119032204 -0.13308617205760687
0.7 -1.714505518806295e-16 1.102553507614571e-15
0.7286474508437574 -1.784671536765372e-16 -0.08816778784386975
0.7147483244912239 -0.06460380746021475 -0.08872411470507087
0.6934750358930786 -0.09690571119032203 -0.04491838421373601
0.8315717411648943 0.9330957187038333 0.1660245482775931
0.7483013281346177 0.9171288141157448 0.22049354805525165
0.7700647605278644 0.8629769579415706 0.24006857811615634
0.8225816832396262 0.8438844821485278 0.22262159325777942
0.6650309151043411 0.9011619095276562 0.2749625478329102
0.7393112702093496 0.8279175775604393 0.2770905930354379
0.7700647605278644 0.8629769579415706 0.24006857811615634
0.7483013281346177 0.9171288141157448 0.22049354805525165
0.813591625314358 0.7546732455932222 0.2792186382379657
0.8225816832396262 0.8438844821485278 0.22262159325777942
0.7700647605278644 0.8629769579415706 0.24006857811615634
0.7393112702093496 0.8279175775604393 0.2770905930354379
1.165015224049372 -0.576835789227048 -7.347880794884119e-17
1.1108345489342715 -0.5979495550430249 0.09941624864466056
1.0949924222884253 -0.6479377894567525 0.06627749909644035
1.1141616965230525 -0.6623750237556278 -7.347880794884119e-17
1.056653873819171 -0.6190633208590017 0.1988324972893212
1.059981021407952 -0.6834887895716046 0.09941624864466056
1.0949924222884253 -0.6479377894567525 0.06627749909644035
1.1108345489342715 -0.5979495550430249 0.09941624864466056
1.063308168996733 -0.7479142582842077 -7.347880794884119e-17
1.1141616965230525 -0.6623750237556278 -7.347880794884119e-17
1.0949924222884253 -0.6479377894567525 0.06627749909644035
1.059981021407952 -0.6834887895716046 0.09941624864466056
0.4394219419310565 1.223482062373429 -7.347880794884119e-17
0.3713799258958448 1.2122365423981556 -0.09085606386053795
0.33008943123525397 1.2335646335974075 -0.06057070924035866
0.3434651919225644 1.24985143918467 -7.347880794884119e-17
0.3033379098606331 1.200991022422882 -0.1817121277210758
0.2754231758873527 1.2386059192093963 -0.09085606386053795
0.33008943123525397 1.2335646335974075 -0.06057070924035866
0.3713799258958448 1.2122365423981556 -0.09085606386053795
0.2475084419140723 1.276220815995911 -7.347880794884119e-17
0.3434651919225644 1.24985143918467 -7.347880794884119e-17
0.33008943123525397 1.2335646335974075 -0.06057070924035866
0.2754231758873527 1.2386059192093963 -0.09085606386053795
-0.04787350156178749 -1.248954486285696 -0.1660245482790884
-0.1450018982047748 -1.2394652068253866 -0.16316238804173236
-0.15549122056131404 -1.1869192375344813 -0.20350249821874455
-0.11217168341809 -1.165390892619183 -0.22510363342592865
-0.2421302948477621 -1.229975927365077 -0.1603002278043763
-0.2093000800610773 -1.1559016131588735 -0.2222414731885726
-0.15549122056131404 -1.1869192375344813 -0.20350249821874455
-0.1450018982047748 -1.2394652068253866 -0.16316238804173236
-0.1764698652743925 -1.08182729895267 -0.2841827185727689
-0.11217168341809 -1.165390892619183 -0.22510363342592865
-0.15549122056131404 -1.1869192375344813 -0.20350249821874455
-0.2093000800610773 -1.1559016131588735 -0.2222414731885726
-1.238347599924608 0.1948411746588646 -0.1603002278038463
-1.1738517561191786 0.12274571778522295 -0.2196018875687955
-1.1998558972232927 0.08133870826238057 -0.2007294761520705
-1.2451058896780647 0.09668293193778021 -0.16164244056123345
-1.109355912313749 0.05065026091158129 -0.2789035473337447
-1.1806100458726352 0.02458747506413856 -0.22094410032618264
-1.1998558972232927 0.08133870826238057 -0.2007294761520705
-1.1738517561191786 0.12274571778522295 -0.2196018875687955
-1.251864179431521 -0.001475310783304169 -0.1629846533186206
-1.2451058896780647 0.09668293193778021 -0.16164244056123345
-1.1998558972232927 0.08133870826238057 -0.2007294761520705
-1.1806100458726352 0.02458747506413856 -0.22094410032618264
0.8185376381780741 -0.1588549647128452 -0.2497615140618452
0.7527438549821156 -0.17633319354674454 -0.16979914124465917
0.7542608705505819 -0.11755546236449642 -0.1719779527256863
0.7879162699327944 -0.07942748235642269 -0.2130485448747929
0.6869500717861571 -0.1938114223806439 -0.08983676842747311
0.7221224867368359 -0.09690571119032204 -0.13308617205760687
0.7542608705505819 -0.11755546236449642 -0.1719779527256863
0.7527438549821156 -0.17633319354674454 -0.16979914124465917
0.7572949016875148 -1.854837554724449e-16 -0.1763355756877406
0.7879162699327944 -0.07942748235642269 -0.2130485448747929
0.7542608705505819 -0.11755546236449642 -0.1719779527256863
0.7221224867368359 -0.09690571119032204 -0.13308617205760687
-0.9292466693390651 0.09600762788399173 -0.2926934542860747
-0.8360792261553944 0.14010602751694962 -0.23984342047759405
-0.8209167283481786 0.08062152788708382 -0.23180341853680445
-0.8599192010364061 0.02883007825567198 -0.25420843447064995
-0.7429117829717237 0.1842044271499075 -0.1869933866691134
-0.7667517578527353 0.07292847788862987 -0.2013584006621693
-0.8209167283481786 0.08062152788708382 -0.23180341853680445
-0.8360792261553944 0.14010602751694962 -0.23984342047759405
-0.7905917327337469 -0.03834747137264777 -0.2157234146552252
-0.8599192010364061 0.02883007825567198 -0.25420843447064995
-0.8209167283481786 0.08062152788708382 -0.23180341853680445
-0.7667517578527353 0.07292847788862987 -0.2013584006621693
-0.7674646795155551 -0.4770211766935605 0.2841007851597427
-0.8069601514035285 -0.5732268841702673 0.286731680605212
-0.7483134079146052 -0.5950763597636596 0.28518464564405566
-0.699242300226157 -0.5578982438220024 0.28309568044074285
-0.846455623291502 -0.6694325916469742 0.2893625760506813
-0.7387377721141304 -0.6541039512987092 0.28572657588621214
-0.7483134079146052 -0.5950763597636596 0.28518464564405566
-0.8069601514035285 -0.5732268841702673 0.286731680605212
-0.6310199209367587 -0.6387753109504443 0.282090575721743
-0.699242300226157 -0.5578982438220024 0.28309568044074285
-0.7483134079146052 -0.5950763597636596 0.28518464564405566
-0.7387377721141304 -0.6541039512987092 0.28572657588621214
-0.7674646795155551 -0.4770211766935605 0.2841007851597427
-0.699242300226157 -0.5578982438220024 0.28309568044074285
-0.6693892350629432 -0.5190638787303606 0.24533637128547345
-0.6885738921260355 -0.4592081626203187 0.22695926906733865
-0.6310199209367587 -0.6387753109504443 0.282090575721743
-0.6203515128366373 -0.5400852297487606 0.22595416434833882
-0.6693892350629432 -0.5190638787303606 0.24533637128547345
-0.699242300226157 -0.5578982438220024 0.28309568044074285
-0.6096831047365159 -0.441395148547077 0.1698177529749346
-0.6885738921260355 -0.4592081626203187 0.22695926906733865
-0.6693892350629432 -0.5190638787303606 0.24533637128547345
-0.6203515128366373 -0.5400852297487606 0.22595416434833882
-3.081711504100568e-05 1.05988010484101 -0.2939632170707326
-0.0518220245513546 1.1109549567461872 -0.2717124164456795
-0.002801825724120984 1.1384390720039788 -0.25650117695199
0.04760387740765262 1.126643703680286 -0.26002095751767174
-0.1036132319876682 1.162029808651364 -0.2494616158206264
-0.004187330028660972 1.177718555585463 -0.23777015689261866
-0.002801825724120984 1.1384390720039788 -0.25650117695199
-0.0518220245513546 1.1109549567461872 -0.2717124164456795
0.09523857193034625 1.193407302519562 -0.2260786979646109
0.04760387740765262 1.126643703680286 -0.26002095751767174
-0.002801825724120984 1.1384390720039788 -0.25650117695199
-0.004187330028660972 1.177718555585463 -0.23777015689261866
0.1034480483515844 0.7596932356649813 0.1886082284455252
0.19512091928072955 0.8055082303928602 0.23542798789066177
0.16047554231420144 0.8460902646755275 0.25432801109794667
0.09731641836636482 0.8434737844529216 0.24036814297902087
0.2867937902098747 0.8513232251207392 0.2822477473357984
0.18898928929550998 0.8892887791808006 0.2871879024241575
0.16047554231420144 0.8460902646755275 0.25432801109794667
0.19512091928072955 0.8055082303928602 0.23542798789066177
0.09118478838114523 0.9272543332408619 0.2921280575125165
0.09731641836636482 0.8434737844529216 0.24036814297902087
0.16047554231420144 0.8460902646755275 0.25432801109794667
0.18898928929550998 0.8892887791808006 0.2871879024241575
0.2867937902098747 0.8513232251207392 0.2822477473357984
0.2749439280753926 0.9385682191865121 0.28819300305124124
0.21369088151064344 0.9347969238712954 0.28950468787166633
0.18898928929550998 0.8892887791808006 0.2871879024241575
0.2630940659409104 1.025813213252285 0.2941382587666841
0.17713942716102782 0.9765337732465735 0.2931331581396003
0.21369088151064344 0.9347969238712954 0.28950468787166633
0.2749439280753926 0.9385682191865121 0.28819300305124124
0.09118478838114523 0.9272543332408619 0.2921280575125165
0.18898928929550998 0.8892887791808006 0.2871879024241575
0.21369088151064344 0.9347969238712954 0.28950468787166633
0.17713942716102782 0.9765337732465735 0.2931331581396003
-0.1352671116825261 0.887627988822079 -0.2820826333528704
-0.06764896439878354 0.9737540468315445 -0.2880229252118015
-0.018884490579179753 0.9433998759550793 -0.2845396613792493
-0.028311327311249135 0.8851597615121138 -0.2798278835335076
-3.081711504100568e-05 1.05988010484101 -0.2939632170707326
0.039306819972493405 0.9712858195215794 -0.2857681753924387
-0.018884490579179753 0.9433998759550793 -0.2845396613792493
-0.06764896439878354 0.9737540468315445 -0.2880229252118015
0.07864445706002782 0.8826915342021487 -0.2775731337141448
-0.028311327311249135 0.8851597615121138 -0.2798278835335076
-0.018884490579179753 0.9433998759550793 -0.2845396613792493
0.039306819972493405 0.9712858195215794 -0.2857681753924387
-3.081711504100568e-05 1.05988010484101 -0.2939632170707326
0.04760387740765262 1.126643703680286 -0.26002095751767174
0.09906941421237796 1.0948418929937551 -0.271901118846312
0.10098483535339381 1.0455591882308515 -0.2948123292871626
0.09523857193034625 1.193407302519562 -0.2260786979646109
0.14861952987608743 1.1123227870701275 -0.26087006973410176
0.09906941421237796 1.0948418929937551 -0.271901118846312
0.04760387740765262 1.126643703680286 -0.26002095751767174
0.2020004878218286 1.031238271620693 -0.2956614415035926
0.10098483535339381 1.0455591882308515 -0.2948123292871626
0.09906941421237796 1.0948418929937551 -0.271901118846312
0.14861952987608743 1.1123227870701275 -0.26087006973410176
0.9282454948550044 0.5900174547613611 0.2828812127235333
0.9761757792981431 0.5169376875659943 0.2797409150922859
1.0089010850511977 0.5575277144227183 0.2418354594862627
1.0012985957061558 0.6143626114487637 0.2244528804988748
1.024106063741282 0.4438579203706275 0.2766006174610385
1.0492288801492946 0.5412828442533968 0.2213125828676274
1.0089010850511977 0.5575277144227183 0.2418354594862627
0.9761757792981431 0.5169376875659943 0.2797409150922859
1.074351696557307 0.6387077681361661 0.1660245482742163
1.0012985957061558 0.6143626114487637 0.2244528804988748
1.0089010850511977 0.5575277144227183 0.2418354594862627
1.0492288801492946 0.5412828442533968 0.2213125828676274
0.4557518992866467 -0.581280485942559 0.1472877853500713
0.42924107493887365 -0.66938538131266 0.20574807518298505
0.4925268057632864 -0.6579104798114965 0.22977646407648109
0.5374250833493794 -0.6081205813758642 0.21256051360677225
0.4027302505911005 -0.7574902766827609 0.2642083650158988
0.5109142590016063 -0.6962254767459652 0.271020803439686
0.4925268057632864 -0.6579104798114965 0.22977646407648109
0.42924107493887365 -0.66938538131266 0.20574807518298505
0.619098267412112 -0.6349606768091695 0.2778332418634732
0.5374250833493794 -0.6081205813758642 0.21256051360677225
0.4925268057632864 -0.6579104798114965 0.22977646407648109
0.5109142590016063 -0.6962254767459652 0.271020803439686
0.07864445706002782 0.8826915342021487 -0.2775731337141448
0.023547874209981952 0.8130966982370054 -0.2171311194019205
-0.02939045442085406 0.8379404617653633 -0.23878162405223713
-0.028311327311249135 0.8851597615121138 -0.2798278835335076
-0.03154870864006391 0.7435018622718621 -0.1566891050896962
-0.083407910161295 0.8155649255469706 -0.2193858692212833
-0.02939045442085406 0.8379404617653633 -0.23878162405223713
0.023547874209981952 0.8130966982370054 -0.2171311194019205
-0.1352671116825261 0.887627988822079 -0.2820826333528704
-0.028311327311249135 0.8851597615121138 -0.2798278835335076
-0.02939045442085406 0.8379404617653633 -0.23878162405223713
-0.083407910161295 0.8155649255469706 -0.2193858692212833
0.7671435884688117 -0.7659322476995737 0.2879858035579631
0.7332496383230498 -0.8431168435212144 0.2721550661033232
0.7677225977283008 -0.8732501693349026 0.23487012000238774
0.8019060525038073 -0.8497245343309264 0.22414301567924
0.6993556881772879 -0.9203014393428551 0.2563243286486833
0.7680121023580454 -0.9269091301525672 0.2083122782246001
0.7677225977283008 -0.8732501693349026 0.23487012000238774
0.7332496383230498 -0.8431168435212144 0.2721550661033232
0.8366685165388029 -0.9335168209622792 0.1603002278005169
0.8019060525038073 -0.8497245343309264 0.22414301567924
0.7677225977283008 -0.8732501693349026 0.23487012000238774
0.7680121023580454 -0.9269091301525672 0.2083122782246001
-0.2366446453232279 1.064527218910196 -0.2860198825137028
-0.33492173121483065 1.049932792771147 -0.2799766339863283
-0.3625847576176584 1.0929290889260488 -0.24152299083367848
-0.327277727873271 1.1217244500730241 -0.2253177935210408
-0.4331988171064334 1.035338366632098 -0.2739333854589539
-0.4255548137648737 1.107130023933975 -0.21927454499366633
-0.3625847576176584 1.0929290889260488 -0.24152299083367848
-0.33492173121483065 1.049932792771147 -0.2799766339863283
-0.417910810423314 1.178921681235852 -0.1646157045283788
-0.327277727873271 1.1217244500730241 -0.2253177935210408
-0.3625847576176584 1.0929290889260488 -0.24152299083367848
-0.4255548137648737 1.107130023933975 -0.21927454499366633
0.4027302505911005 -0.7574902766827609 0.2642083650158988
0.49836849007480855 -0.7926981994515654 0.28180442258436
0.538611749187243 -0.7401190252374334 0.28048069567739775
0.5109142590016063 -0.6962254767459652 0.271020803439686
0.5940067295585165 -0.82790612222037 0.2994004801528212
0.6065524984853143 -0.7314333995147697 0.2886168610081472
0.538611749187243 -0.7401190252374334 0.28048069567739775
0.49836849007480855 -0.7926981994515654 0.28180442258436
0.619098267412112 -0.6349606768091695 0.2778332418634732
0.5109142590016063 -0.6962254767459652 0.271020803439686
0.538611749187243 -0.7401190252374334 0.28048069567739775
0.6065524984853143 -0.7314333995147697 0.2886168610081472
0.9325357547101031 -0.516792541368 0.2926137976975229
0.994594814264637 -0.5679279311135008 0.24572314749342206
1.016090887731684 -0.5058867835088082 0.2545982619849478
0.9958093946879405 -0.44929851483371164 0.28248114433276106
1.056653873819171 -0.6190633208590017 0.1988324972893212
1.0578684542424746 -0.5004339045792124 0.23559049412866023
1.016090887731684 -0.5058867835088082 0.2545982619849478
0.994594814264637 -0.5679279311135008 0.24572314749342206
1.059083034665778 -0.3818044882994232 0.2723484909679993
0.9958093946879405 -0.44929851483371164 0.28248114433276106
1.016090887731684 -0.5058867835088082 0.2545982619849478
1.0578684542424746 -0.5004339045792124 0.23559049412866023
-0.8855868177914494 -0.8718764052999071 0.176271033765423
-0.8225668201666962 -0.8488436018001333 0.22517291586627025
-0.8305297545416316 -0.7890399317490803 0.24656946926107393
-0.8660212205414757 -0.7706544984734407 0.23281680490805212
-0.759546822541943 -0.8258107983003596 0.2740747979671175
-0.8030012229167225 -0.7476216949736669 0.28171868700889935
-0.8305297545416316 -0.7890399317490803 0.24656946926107393
-0.8225668201666962 -0.8488436018001333 0.22517291586627025
-0.846455623291502 -0.6694325916469742 0.2893625760506813
-0.8660212205414757 -0.7706544984734407 0.23281680490805212
-0.8305297545416316 -0.7890399317490803 0.24656946926107393
-0.8030012229167225 -0.7476216949736669 0.28171868700889935
0.07864445706002782 0.8826915342021487 -0.2775731337141448
0.039306819972493405 0.9712858195215794 -0.2857681753924387
0.09353804258893848 0.991269970221284 -0.28906593076282333
0.14032247244092821 0.9569649029114209 -0.28661728760886873
-3.081711504100568e-05 1.05988010484101 -0.2939632170707326
0.10098483535339381 1.0455591882308515 -0.2948123292871626
0.09353804258893848 0.991269970221284 -0.28906593076282333
0.039306819972493405 0.9712858195215794 -0.2857681753924387
0.2020004878218286 1.031238271620693 -0.2956614415035926
0.14032247244092821 0.9569649029114209 -0.28661728760886873
0.09353804258893848 0.991269970221284 -0.28906593076282333
0.10098483535339381 1.0455591882308515 -0.2948123292871626
0.09523857193034625 1.193407302519562 -0.2260786979646109
-0.004187330028660972 1.177718555585463 -0.23777015689261866
-0.018101354656970974 1.205546747231043 -0.20720233415841952
0.024654584008377636 1.2273052165208824 -0.18607269332731607
-0.1036132319876682 1.162029808651364 -0.2494616158206264
-0.07477131795062959 1.2116164695867835 -0.19776415225532384
-0.018101354656970974 1.205546747231043 -0.20720233415841952
-0.004187330028660972 1.177718555585463 -0.23777015689261866
-0.04592940391359098 1.261203130522203 -0.1460666886900213
0.024654584008377636 1.2273052165208824 -0.18607269332731607
-0.018101354656970974 1.205546747231043 -0.20720233415841952
-0.07477131795062959 1.2116164695867835 -0.19776415225532384
-0.1764698652743925 -1.08182729895267 -0.2841827185727689
-0.08104565880957572 -1.0942649808090836 -0.2822650023335635
-0.06998827306031298 -1.1458281493012878 -0.24351818431540515
-0.11217168341809 -1.165390892619183 -0.22510363342592865
0.01437854765524108 -1.106702662665497 -0.2803472860943581
-0.016747476953273204 -1.1778285744755965 -0.22318591718672326
-0.06998827306031298 -1.1458281493012878 -0.24351818431540515
-0.08104565880957572 -1.0942649808090836 -0.2822650023335635
-0.04787350156178749 -1.248954486285696 -0.1660245482790884
-0.11217168341809 -1.165390892619183 -0.22510363342592865
-0.06998827306031298 -1.1458281493012878 -0.24351818431540515
-0.016747476953273204 -1.1778285744755965 -0.22318591718672326
-0.5624894506794309 0.5548318327176549 -0.2143251679989429
-0.5855608053429842 0.6347236771533986 -0.2539950512337329
-0.5396979563391181 0.6653647228815556 -0.25662113957984484
-0.5052308545054085 0.6407393235277622 -0.23809924213550585
-0.6086321600065375 0.7146155215891422 -0.2936649344685228
-0.5283022091689618 0.7206311679635058 -0.2777691253702958
-0.5396979563391181 0.6653647228815556 -0.25662113957984484
-0.5855608053429842 0.6347236771533986 -0.2539950512337329
-0.4479722583313861 0.7266468143378695 -0.2618733162720688
-0.5052308545054085 0.6407393235277622 -0.23809924213550585
-0.5396979563391181 0.6653647228815556 -0.25662113957984484
-0.5283022091689618 0.7206311679635058 -0.2777691253702958
1.012158055877062 -0.497535151227683 -0.2714018502108294
0.9605337113042086 -0.38870939004443517 -0.28368874535112565
1.001937076988536 -0.3675340160013388 -0.2788541069482099
1.0484509321171265 -0.4113592095714146 -0.2702933401766039
0.9089093667313553 -0.2798836288611873 -0.2959756404914219
0.9968265875442731 -0.30253344838816676 -0.28258023531690013
1.001937076988536 -0.3675340160013388 -0.2788541069482099
0.9605337113042086 -0.38870939004443517 -0.28368874535112565
1.084743808357191 -0.3251832679151462 -0.2691848301423784
1.0484509321171265 -0.4113592095714146 -0.2702933401766039
1.001937076988536 -0.3675340160013388 -0.2788541069482099
0.9968265875442731 -0.30253344838816676 -0.28258023531690013
1.059083034665778 -0.3818044882994232 0.2723484909679993
1.0578684542424746 -0.5004339045792124 0.23559049412866023
1.0916653140255794 -0.48936372514807175 0.21240184551160632
1.1091710341287835 -0.42451392729260673 0.21918651962274888
1.056653873819171 -0.6190633208590017 0.1988324972893212
1.10795645370548 -0.543143343572396 0.18242852278340985
1.0916653140255794 -0.48936372514807175 0.21240184551160632
1.0578684542424746 -0.5004339045792124 0.23559049412866023
1.159259033591789 -0.4672233662857903 0.1660245482774985
1.1091710341287835 -0.42451392729260673 0.21918651962274888
1.0916653140255794 -0.48936372514807175 0.21240184551160632
1.10795645370548 -0.543143343572396 0.18242852278340985
0.3311928715565076 -1.205193122614695 0.1660245482774925
0.408126867426605 -1.1391078735382831 0.2039154681750242
0.36237531195567163 -1.1009598943639258 0.23393259851020357
0.30103253628515625 -1.1149285293149531 0.2299957037290274
0.4850608632967023 -1.073022624461871 0.2418063880725559
0.37796653215525355 -1.048843280238541 0.26788662362655913
0.36237531195567163 -1.1009598943639258 0.23393259851020357
0.408126867426605 -1.1391078735382831 0.2039154681750242
0.2708722010138049 -1.024663936015211 0.2939668591805623
0.30103253628515625 -1.1149285293149531 0.2299957037290274
0.36237531195567163 -1.1009598943639258 0.23393259851020357
0.37796653215525355 -1.048843280238541 0.26788662362655913
0.07127915363411627 -1.015813223421827 0.2994406594627901
0.09650262366665749 -1.102684301663654 0.26338122415460796
0.1546258161157066 -1.076677513114173 0.2735764358299261
0.17107567732396056 -1.020238579718519 0.2967037593216762
0.1217260936991987 -1.189555379905481 0.2273217888464258
0.19629914735650178 -1.107109657960346 0.260644324013494
0.1546258161157066 -1.076677513114173 0.2735764358299261
0.09650262366665749 -1.102684301663654 0.26338122415460796
0.2708722010138049 -1.024663936015211 0.2939668591805623
0.17107567732396056 -1.020238579718519 0.2967037593216762
0.1546258161157066 -1.076677513114173 0.2735764358299261
0.19629914735650178 -1.107109657960346 0.260644324013494
-1.196290972819851 -0.3722837089956724 0.1614060595848324
-1.1990267394877776 -0.2746007515309651 0.18546153914912333
-1.2212858433388893 -0.28180368821200225 0.12364102609941553
-1.231047511930482 -0.3342466352848745 0.08070302979241616
-1.201762506155704 -0.1769177940662577 0.2095170187134143
-1.2337832785984086 -0.23656367782016713 0.10475850935670711
-1.2212858433388893 -0.28180368821200225 0.12364102609941553
-1.1990267394877776 -0.2746007515309651 0.18546153914912333
-1.265804051041113 -0.2962095615740766 -7.347880794884119e-17
-1.231047511930482 -0.3342466352848745 0.08070302979241616
-1.2212858433388893 -0.28180368821200225 0.12364102609941553
-1.2337832785984086 -0.23656367782016713 0.10475850935670711
0.8584503932235571 -0.4387045308163708 -0.2978386038263585
0.8836798799774561 -0.35929407983877903 -0.2969071221588902
0.9265059386106581 -0.40537443696841374 -0.28840536484286994
0.9353042245503096 -0.46811984102202686 -0.28462022701859396
0.9089093667313553 -0.2798836288611873 -0.2959756404914219
0.9605337113042086 -0.38870939004443517 -0.28368874535112565
0.9265059386106581 -0.40537443696841374 -0.28840536484286994
0.8836798799774561 -0.35929407983877903 -0.2969071221588902
1.012158055877062 -0.497535151227683 -0.2714018502108294
0.9353042245503096 -0.46811984102202686 -0.28462022701859396
0.9265059386106581 -0.40537443696841374 -0.28840536484286994
0.9605337113042086 -0.38870939004443517 -0.28368874535112565
0.1994250295794106 -1.103206139699922 -0.2744779538581457
0.16076350073990675 -1.0241628752368634 -0.2853846664185755
0.20625729496351253 -0.9805112762486865 -0.2883280625423961
0.24833495649506734 -0.9982071089861273 -0.28434640432409153
0.1221019719004029 -0.945119610773805 -0.2962913789790053
0.2096734276555635 -0.9191638445230688 -0.2952531168845214
0.20625729496351253 -0.9805112762486865 -0.2883280625423961
0.16076350073990675 -1.0241628752368634 -0.2853846664185755
0.2972448834107241 -0.8932080782723325 -0.2942148547900374
0.24833495649506734 -0.9982071089861273 -0.28434640432409153
0.20625729496351253 -0.9805112762486865 -0.2883280625423961
0.2096734276555635 -0.9191638445230688 -0.2952531168845214
-0.8060596855967479 -0.2463293256486702 -0.2555514249240056
-0.8909360754690272 -0.28867436454006007 -0.2770021169948129
-0.9213439422298304 -0.23330689009082659 -0.2846100173921846
-0.8941096806740925 -0.1844506334205149 -0.2776886215554668
-0.9758124653413066 -0.3310194034314499 -0.2984528090656202
-0.9789860705463718 -0.22679567231190476 -0.2991393136262741
-0.9213439422298304 -0.23330689009082659 -0.2846100173921846
-0.8909360754690272 -0.28867436454006007 -0.2770021169948129
-0.982159675751437 -0.1225719411923596 -0.299825818186928
-0.8941096806740925 -0.1844506334205149 -0.2776886215554668
-0.9213439422298304 -0.23330689009082659 -0.2846100173921846
-0.9789860705463718 -0.22679567231190476 -0.2991393136262741
-0.5890549339461675 1.101101036330478 -0.1676810499799584
-0.5111268755263004 1.0682197014812882 -0.22080721771945616
-0.5268005005263746 1.0139135655439644 -0.24493672573932415
-0.5736013422363451 1.0032011649998975 -0.23043839587950932
-0.4331988171064334 1.035338366632098 -0.2739333854589539
-0.49567328381647807 0.9703198301507077 -0.28356456361900706
-0.5268005005263746 1.0139135655439644 -0.24493672573932415
-0.5111268755263004 1.0682197014812882 -0.22080721771945616
-0.5581477505265228 0.9053012936693172 -0.2931957417790602
-0.5736013422363451 1.0032011649998975 -0.23043839587950932
-0.5268005005263746 1.0139135655439644 -0.24493672573932415
-0.49567328381647807 0.9703198301507077 -0.28356456361900706
0.8539018322078697 -0.920318886559346 -0.1573189985600321
0.7959124787686856 -0.9747445536738599 -0.14765396102419864
0.7502283354107643 -0.9503736671655281 -0.19055863100530632
0.7563809404513956 -0.9109753903541051 -0.2168434847637769
0.7379231253295016 -1.029170220788374 -0.1379889234883652
0.6983915870122115 -0.9654010574686192 -0.20717844722794343
0.7502283354107643 -0.9503736671655281 -0.19055863100530632
0.7959124787686856 -0.9747445536738599 -0.14765396102419864
0.6588600486949214 -0.9016318941488642 -0.2763679709675217
0.7563809404513956 -0.9109753903541051 -0.2168434847637769
0.7502283354107643 -0.9503736671655281 -0.19055863100530632
0.6983915870122115 -0.9654010574686192 -0.20717844722794343
0.9509682504845075 -0.8026606108072902 0.1739374637978843
0.9324327834532685 -0.7386079707454202 0.22069929151294254
0.8773363851251162 -0.7477160630634714 0.24312812886128274
0.8590559194766596 -0.784296429253432 0.23096163367792372
0.9138973164220295 -0.6745553306835501 0.2674611192280008
0.8405204524454206 -0.7202437891915618 0.277723461392982
0.8773363851251162 -0.7477160630634714 0.24312812886128274
0.9324327834532685 -0.7386079707454202 0.22069929151294254
0.7671435884688117 -0.7659322476995737 0.2879858035579631
0.8590559194766596 -0.784296429253432 0.23096163367792372
0.8773363851251162 -0.7477160630634714 0.24312812886128274
0.8405204524454206 -0.7202437891915618 0.277723461392982
-0.846455623291502 -0.6694325916469742 0.2893625760506813
-0.8030012229167225 -0.7476216949736669 0.28171868700889935
-0.7456741222567346 -0.711339566965926 0.2818426499131806
-0.7387377721141304 -0.6541039512987092 0.28572657588621214
-0.759546822541943 -0.8258107983003596 0.2740747979671175
-0.6952833717393508 -0.732293054625402 0.27808268684443027
-0.7456741222567346 -0.711339566965926 0.2818426499131806
-0.8030012229167225 -0.7476216949736669 0.28171868700889935
-0.6310199209367587 -0.6387753109504443 0.282090575721743
-0.7387377721141304 -0.6541039512987092 0.28572657588621214
-0.7456741222567346 -0.711339566965926 0.2818426499131806
-0.6952833717393508 -0.732293054625402 0.27808268684443027
1.159259033590874 0.4672233662854203 -0.1660245482789839
1.0816290351835254 0.4729714980770934 -0.2221086505311583
1.0803759919281404 0.5273435438049286 -0.20255570533898648
1.118564469504122 0.5516555007730097 -0.16473718161681336
1.003999036776177 0.4787196298687664 -0.2781927527833327
1.0409344710967736 0.5574036325646828 -0.22082128386898775
1.0803759919281404 0.5273435438049286 -0.20255570533898648
1.0816290351835254 0.4729714980770934 -0.2221086505311583
1.07786990541737 0.6360876352605992 -0.1634498149546428
1.118564469504122 0.5516555007730097 -0.16473718161681336
1.0803759919281404 0.5273435438049286 -0.20255570533898648
1.0409344710967736 0.5574036325646828 -0.22082128386898775
1.024106063741282 0.4438579203706275 0.2766006174610385
1.0941944206189609 0.45331222754624356 0.21900333852295684
1.0875801792650763 0.5151107410762178 0.20134374177337666
1.0492288801492946 0.5412828442533968 0.2213125828676274
1.16428277749664 0.4627665347218596 0.1614060595848752
1.1193172370269735 0.5507371514290129 0.16371530392954575
1.0875801792650763 0.5151107410762178 0.20134374177337666
1.0941944206189609 0.45331222754624356 0.21900333852295684
1.074351696557307 0.6387077681361661 0.1660245482742163
1.0492288801492946 0.5412828442533968 0.2213125828676274
1.0875801792650763 0.5151107410762178 0.20134374177337666
1.1193172370269735 0.5507371514290129 0.16371530392954575
1.063308168996733 -0.7479142582842077 -7.347880794884119e-17
1.059981021407952 -0.6834887895716046 0.09941624864466056
1.023643431100137 -0.7232127299835 0.12425665369573513
1.0071382097406203 -0.775287434545749 0.08696873189894211
1.056653873819171 -0.6190633208590017 0.1988324972893212
1.0038110621518392 -0.710861965833146 0.18638498054360275
1.023643431100137 -0.7232127299835 0.12425665369573513
1.059981021407952 -0.6834887895716046 0.09941624864466056
0.9509682504845075 -0.8026606108072902 0.1739374637978843
1.0071382097406203 -0.775287434545749 0.08696873189894211
1.023643431100137 -0.7232127299835 0.12425665369573513
1.0038110621518392 -0.710861965833146 0.18638498054360275
0.2867937902098747 0.8513232251207392 0.2822477473357984
0.3459438422185547 0.9486484894526606 0.2782318575200304
0.3183272501260066 0.9743700640525353 0.28353399126891493
0.2749439280753926 0.9385682191865121 0.28819300305124124
0.4050938942272347 1.045973753784582 0.2742159677042624
0.33409398008407254 1.0358934835184335 0.28417711323547323
0.3183272501260066 0.9743700640525353 0.28353399126891493
0.3459438422185547 0.9486484894526606 0.2782318575200304
0.2630940659409104 1.025813213252285 0.2941382587666841
0.2749439280753926 0.9385682191865121 0.28819300305124124
0.3183272501260066 0.9743700640525353 0.28353399126891493
0.33409398008407254 1.0358934835184335 0.28417711323547323
0.6024918656995616 -1.063508185924852 -0.2014384978818377
0.4904433626540756 -1.0751267975213006 -0.2304092782709454
0.4879011782608383 -1.0371481674253975 -0.25037549153932287
0.5426543375869627 -1.0123495465792218 -0.24587320797895776
0.3783948596085897 -1.086745409117749 -0.2593800586600531
0.4306058345414767 -1.0239681581756703 -0.27484398836806545
0.4879011782608383 -1.0371481674253975 -0.25037549153932287
0.4904433626540756 -1.0751267975213006 -0.2304092782709454
0.4828168094743638 -0.9611909072335917 -0.2903079180760778
0.5426543375869627 -1.0123495465792218 -0.24587320797895776
0.4879011782608383 -1.0371481674253975 -0.25037549153932287
0.4306058345414767 -1.0239681581756703 -0.27484398836806545
