x y z
1.222071029356478 -0.3020904343841311 0.1516378023769633
1.242773827725087 -0.21808820209967955 0.14060894765984866
1.2193451632335053 -0.19884668136653486 0.17287567729440625
1.19727943180341 -0.23122703714218829 0.1945234694702424
1.263476626093696 -0.134085969815228 0.129580092942734
1.217982230172019 -0.14722480485773676 0.18349461475312775
1.2193451632335053 -0.19884668136653486 0.17287567729440625
1.242773827725087 -0.21808820209967955 0.14060894765984866
1.172487834250342 -0.1603636399002455 0.2374091365635215
1.19727943180341 -0.23122703714218829 0.1945234694702424
1.2193451632335053 -0.19884668136653486 0.17287567729440625
1.217982230172019 -0.14722480485773676 0.18349461475312775
1.172487834250381 0.1603636399005395 -0.237409136563461
1.2179822301720136 0.14722480485787887 -0.18349461475314954
1.2262231862188366 0.09814986990525248 -0.18110826839801397
1.207596466281432 0.0801818199502696 -0.2068723561256019
1.263476626093646 0.1340859698152182 -0.1295800929428381
1.2530908622030645 0.06704298490760895 -0.15295783431529045
1.2262231862188366 0.09814986990525248 -0.18110826839801397
1.2179822301720136 0.14722480485787887 -0.18349461475314954
1.242705098312483 -3.04374964186496e-16 -0.1763355756877428
1.207596466281432 0.0801818199502696 -0.2068723561256019
1.2262231862188366 0.09814986990525248 -0.18110826839801397
1.2530908622030645 0.06704298490760895 -0.15295783431529045
1.172487834250342 -0.1603636399002455 0.2374091365635215
1.217982230172019 -0.14722480485773676 0.18349461475312775
1.2262231862188406 -0.09814986990515794 0.1811082683979991
1.2075964662814132 -0.0801818199501229 0.20687235612563165
1.263476626093696 -0.134085969815228 0.129580092942734
1.25309086220309 -0.06704298490761415 0.1529578343152379
1.2262231862188406 -0.09814986990515794 0.1811082683979991
1.217982230172019 -0.14722480485773676 0.18349461475312775
1.242705098312484 -3.043749641864962e-16 0.1763355756877418
1.2075964662814132 -0.0801818199501229 0.20687235612563165
1.2262231862188406 -0.09814986990515794 0.1811082683979991
1.25309086220309 -0.06704298490761415 0.1529578343152379
-0.8970993777067807 0.4892635766189861 0.2992036408576568
-0.9407741691238709 0.547983537142174 0.27760902453924996
-0.9735790012379434 0.5075632360255722 0.27622267316108545
-0.9681440215864343 0.4579931052056774 0.2863268056312066
-0.9844489605409612 0.6067034976653619 0.2560144082208431
-1.0118188130035246 0.5167130657288652 0.26473218931279974
-0.9735790012379434 0.5075632360255722 0.27622267316108545
-0.9407741691238709 0.547983537142174 0.27760902453924996
-1.039188665466088 0.4267226337923686 0.2734499704047564
-0.9681440215864343 0.4579931052056774 0.2863268056312066
-0.9735790012379434 0.5075632360255722 0.27622267316108545
-1.0118188130035246 0.5167130657288652 0.26473218931279974
-0.759546822541943 -0.8258107983003596 0.2740747979671175
-0.6945103230664145 -0.898380009334639 0.2648126998561556
-0.661286145901308 -0.8761880773533591 0.27625740061312326
-0.6771923070565189 -0.8288075058455795 0.28661080004708805
-0.629473823590886 -0.9709492203689184 0.2555506017451937
-0.6121558075809905 -0.9013767168798588 0.27734870193612615
-0.661286145901308 -0.8761880773533591 0.27625740061312326
-0.6945103230664145 -0.898380009334639 0.2648126998561556
-0.594837791571095 -0.8318042133907992 0.2991468021270587
-0.6771923070565189 -0.8288075058455795 0.28661080004708805
-0.661286145901308 -0.8761880773533591 0.27625740061312326
-0.6121558075809905 -0.9013767168798588 0.27734870193612615
-0.9007836772063831 0.8718116268054804 0.1603009318434538
-0.8929563710384334 0.8179419008659101 0.20398291998781198
-0.8449936816248513 0.8212725699086448 0.22814015682181224
-0.8249259900020351 0.8498727673997972 0.21837778116663328
-0.8851290648704837 0.7640721749263398 0.2476649081321702
-0.8170986838340855 0.796003041460227 0.2620597693109915
-0.8449936816248513 0.8212725699086448 0.22814015682181224
-0.8929563710384334 0.8179419008659101 0.20398291998781198
-0.7490683027976873 0.8279339079941141 0.2764546304898128
-0.8249259900020351 0.8498727673997972 0.21837778116663328
-0.8449936816248513 0.8212725699086448 0.22814015682181224
-0.8170986838340855 0.796003041460227 0.2620597693109915
-1.122639307413325 0.5564619796595165 0.1612423227259616
-1.0535441339771432 0.5815827386624393 0.20862836547340236
-1.0431316668672788 0.6274133231792258 0.1944270930747658
-1.0724730200304373 0.6377682359361576 0.16363343550172715
-0.9844489605409612 0.6067034976653619 0.2560144082208431
-1.0033778465942556 0.6628889949390804 0.2110194782491679
-1.0431316668672788 0.6274133231792258 0.1944270930747658
-1.0535441339771432 0.5815827386624393 0.20862836547340236
-1.02230673264755 0.7190744922127988 0.1660245482774927
-1.0724730200304373 0.6377682359361576 0.16363343550172715
-1.0431316668672788 0.6274133231792258 0.1944270930747658
-1.0033778465942556 0.6628889949390804 0.2110194782491679
-1.031640325246295 -0.1443988744009623 0.2970881248971383
-1.083872592930887 -0.09311589910620509 0.2820218665167564
-1.1231692306724927 -0.1210498640928893 0.2578535839156424
-1.1167014157009993 -0.16065833423361 0.2533025718052763
-1.136104860615479 -0.04183292381144787 0.2669556081363746
-1.1689336833855917 -0.10937535893885279 0.23823631342489443
-1.1231692306724927 -0.1210498640928893 0.2578535839156424
-1.083872592930887 -0.09311589910620509 0.2820218665167564
-1.201762506155704 -0.1769177940662577 0.2095170187134143
-1.1167014157009993 -0.16065833423361 0.2533025718052763
-1.1231692306724927 -0.1210498640928893 0.2578535839156424
-1.1689336833855917 -0.10937535893885279 0.23823631342489443
0.1433395639422573 1.241625124736306 0.1660245482774924
0.19059131530878637 1.195605213330595 0.2052290443259311
0.23967777355723774 1.1990176492483353 0.19093446143355122
0.24059512699819885 1.223733822910061 0.16418492196314194
0.2378430666753154 1.149585301924884 0.2444335403743698
0.2878468783647279 1.17771391150435 0.20338941801158064
0.23967777355723774 1.1990176492483353 0.19093446143355122
0.19059131530878637 1.195605213330595 0.2052290443259311
0.3378506900541404 1.205842521083816 0.1623452956487915
0.24059512699819885 1.223733822910061 0.16418492196314194
0.23967777355723774 1.1990176492483353 0.19093446143355122
0.2878468783647279 1.17771391150435 0.20338941801158064
1.226373199440335 -0.3007299302196384 -0.1448615775721941
1.2442714594670365 -0.2237888217360302 -0.13710385638858064
1.2577691566161755 -0.2153405709855327 -0.09140257092572045
1.255568875177394 -0.249586999852088 -0.07243078878609709
1.262169719493738 -0.146847713252422 -0.1293461352049672
1.2734671352040956 -0.1726458913684798 -0.06467306760248365
1.2577691566161755 -0.2153405709855327 -0.09140257092572045
1.2442714594670365 -0.2237888217360302 -0.13710385638858064
1.284764550914453 -0.1984440694845376 -7.347880794884119e-17
1.255568875177394 -0.249586999852088 -0.07243078878609709
1.2577691566161755 -0.2153405709855327 -0.09140257092572045
1.2734671352040956 -0.1726458913684798 -0.06467306760248365
1.225151250498075 0.2979138650167037 0.1481760182289651
1.243660484995278 0.22238078913664633 0.1387610767177678
1.2573618403016695 0.21440188258594306 0.09250738447851185
1.254957900706264 0.2481789672506201 0.0740880091144825
1.262169719492481 0.146847713256589 0.1293461352065705
1.273467135203467 0.17264589137056274 0.06467306760328521
1.2573618403016695 0.21440188258594306 0.09250738447851185
1.243660484995278 0.22238078913664633 0.1387610767177678
1.284764550914453 0.1984440694845365 -7.347880794884119e-17
1.254957900706264 0.2481789672506201 0.0740880091144825
1.2573618403016695 0.21440188258594306 0.09250738447851185
1.273467135203467 0.17264589137056274 0.06467306760328521
0.9729608167061695 -0.7942532907693669 -0.1564390086106064
0.9642128072143787 -0.7347393587590492 -0.2018200453800623
1.00294011034636 -0.7027956526450284 -0.1871323989691334
1.0266777666582458 -0.7165807655931768 -0.157098057378941
0.9554647977225879 -0.6752254267487314 -0.2472010821495182
1.017929757166455 -0.6570668335828591 -0.20247909414839688
1.00294011034636 -0.7027956526450284 -0.1871323989691334
0.9642128072143787 -0.7347393587590492 -0.2018200453800623
1.080394716610322 -0.6389082404169869 -0.1577571061472756
1.0266777666582458 -0.7165807655931768 -0.157098057378941
1.00294011034636 -0.7027956526450284 -0.1871323989691334
1.017929757166455 -0.6570668335828591 -0.20247909414839688
-1.109355912313749 0.05065026091158129 -0.2789035473337447
-1.138012310414372 -0.02623326896319605 -0.26262318313577926
-1.1759629334200883 -0.017980616236565425 -0.22941033986339301
-1.1806100458726352 0.02458747506413856 -0.22094410032618264
-1.166668708514995 -0.1031167988379734 -0.2463428189378138
-1.209266443973258 -0.05229605481063878 -0.2046637361282172
-1.1759629334200883 -0.017980616236565425 -0.22941033986339301
-1.138012310414372 -0.02623326896319605 -0.26262318313577926
-1.251864179431521 -0.001475310783304169 -0.1629846533186206
-1.1806100458726352 0.02458747506413856 -0.22094410032618264
-1.1759629334200883 -0.017980616236565425 -0.22941033986339301
-1.209266443973258 -0.05229605481063878 -0.2046637361282172
-0.422477718884639 -1.17630427951843 -0.1660245482776514
-0.4597223697032907 -1.123433080672807 -0.20290426652406218
-0.41837975372919106 -1.101282181321417 -0.22843441591013613
-0.3790861203328153 -1.1166423310685336 -0.2227596314799677
-0.4969670205219424 -1.070561881827184 -0.239783984770473
-0.41633077115146705 -1.0637711322229104 -0.2596393497263785
-0.41837975372919106 -1.101282181321417 -0.22843441591013613
-0.4597223697032907 -1.123433080672807 -0.20290426652406218
-0.3356945217809917 -1.056980382618637 -0.279494714682284
-0.3790861203328153 -1.1166423310685336 -0.2227596314799677
-0.41837975372919106 -1.101282181321417 -0.22843441591013613
-0.41633077115146705 -1.0637711322229104 -0.2596393497263785
-0.6617839136912548 -0.5384586601444187 -0.2616111060557472
-0.6529236256324155 -0.6089717152772147 -0.2773769874622147
-0.6961766787147979 -0.6193498128414539 -0.2848494886976236
-0.7222333492854087 -0.5892823340571753 -0.28070279861209435
-0.6440633375735761 -0.6794847704100109 -0.2931428688686821
-0.7133730612265694 -0.6597953891899715 -0.2964686800185618
-0.6961766787147979 -0.6193498128414539 -0.2848494886976236
-0.6529236256324155 -0.6089717152772147 -0.2773769874622147
-0.7826827848795628 -0.640106007969932 -0.2997944911684415
-0.7222333492854087 -0.5892823340571753 -0.28070279861209435
-0.6961766787147979 -0.6193498128414539 -0.2848494886976236
-0.7133730612265694 -0.6597953891899715 -0.2964686800185618
1.085045189045822 0.2878842609547156 0.2738111655618392
0.9973925235835268 0.28035078159377336 0.28478777259478427
0.9982616823890192 0.23719802612969557 0.289787296939067
1.042522594522913 0.2193883880781278 0.2867987555947359
0.9097398581212318 0.2728173022328312 0.2957643796277294
0.954869929060618 0.2118549087171856 0.29777536262768095
0.9982616823890192 0.23719802612969557 0.289787296939067
0.9973925235835268 0.28035078159377336 0.28478777259478427
1.000000000000004 0.15089251520154 0.2997863456276325
1.042522594522913 0.2193883880781278 0.2867987555947359
0.9982616823890192 0.23719802612969557 0.289787296939067
0.954869929060618 0.2118549087171856 0.29777536262768095
-0.8942508420987371 0.5070940765607928 -0.2986884240164853
-0.9528289371182981 0.5433255684581653 -0.27439139730671214
-0.9283497603160692 0.5911058047675005 -0.27518808619361557
-0.8868211244051742 0.596880176973482 -0.2877349439919539
-1.011407032137859 0.5795570603555379 -0.250094370596939
-0.9453992194247351 0.6331116688708545 -0.26343791728218074
-0.9283497603160692 0.5911058047675005 -0.27518808619361557
-0.9528289371182981 0.5433255684581653 -0.27439139730671214
-0.8793914067116114 0.6866662773861711 -0.2767814639674225
-0.8868211244051742 0.596880176973482 -0.2877349439919539
-0.9283497603160692 0.5911058047675005 -0.27518808619361557
-0.9453992194247351 0.6331116688708545 -0.26343791728218074
-1.242902697912312 -0.1946446316015044 -0.1530013349272701
-1.2047857032136533 -0.1488807152197389 -0.19967207693254196
-1.174381342386778 -0.1810414273653894 -0.22150808386749712
-1.1782376593226696 -0.2200037416290974 -0.20909071633233878
-1.166668708514995 -0.1031167988379734 -0.2463428189378138
-1.140120664624011 -0.1742398252473319 -0.2557614583376106
-1.174381342386778 -0.1810414273653894 -0.22150808386749712
-1.2047857032136533 -0.1488807152197389 -0.19967207693254196
-1.113572620733027 -0.2453628516566904 -0.2651800977374074
-1.1782376593226696 -0.2200037416290974 -0.20909071633233878
-1.174381342386778 -0.1810414273653894 -0.22150808386749712
-1.140120664624011 -0.1742398252473319 -0.2557614583376106
0.6858611353466892 1.04713738892298 0.1631474218869144
0.6248032249106688 1.0302887956790745 0.2085585806951153
0.6382124549752262 0.9872465002952685 0.23069323640771358
0.6754460252255152 0.9741496492253181 0.2190549848599123
0.5637453144746482 1.013440202435169 0.2539697395033162
0.6143881147894946 0.9573010559814126 0.26446614366811316
0.6382124549752262 0.9872465002952685 0.23069323640771358
0.6248032249106688 1.0302887956790745 0.2085585806951153
0.6650309151043411 0.9011619095276562 0.2749625478329102
0.6754460252255152 0.9741496492253181 0.2190549848599123
0.6382124549752262 0.9872465002952685 0.23069323640771358
0.6143881147894946 0.9573010559814126 0.26446614366811316
0.4050938942272347 1.045973753784582 0.2742159677042624
0.48441960435094145 1.0297069781098753 0.2640928536037893
0.4933741692231421 1.0666421237976889 0.23140341849502363
0.458188596597389 1.093243084478949 0.22012025799087728
0.5637453144746482 1.013440202435169 0.2539697395033162
0.5375143067210957 1.0769763088042423 0.2099971438904042
0.4933741692231421 1.0666421237976889 0.23140341849502363
0.48441960435094145 1.0297069781098753 0.2640928536037893
0.5112832989675433 1.140512415173316 0.1660245482774922
0.458188596597389 1.093243084478949 0.22012025799087728
0.4933741692231421 1.0666421237976889 0.23140341849502363
0.5375143067210957 1.0769763088042423 0.2099971438904042
0.4850608632967023 -1.073022624461871 0.2418063880725559
0.53571757751603 -1.0212198370130914 0.2553659678534759
0.49617613593230936 -0.9857493068809813 0.2702277421725954
0.4510770580307852 -0.993915435539316 0.2708788394416951
0.5863742917353577 -0.9694170495643116 0.2689255476343959
0.501733772250113 -0.9421126480905364 0.28443841922261515
0.49617613593230936 -0.9857493068809813 0.2702277421725954
0.53571757751603 -1.0212198370130914 0.2553659678534759
0.4170932527648681 -0.9148082466167611 0.2999512908108343
0.4510770580307852 -0.993915435539316 0.2708788394416951
0.49617613593230936 -0.9857493068809813 0.2702277421725954
0.501733772250113 -0.9421126480905364 0.28443841922261515
1.170706868457713 -0.158113697734397 -0.2389922397474112
1.2164382939757257 -0.1524807054934095 -0.1841691874761892
1.2197499291305955 -0.2018971137354858 -0.17106665084152417
1.198540033949024 -0.22942181397701772 -0.19192690865980266
1.262169719493738 -0.146847713252422 -0.1293461352049672
1.2442714594670365 -0.2237888217360302 -0.13710385638858064
1.2197499291305955 -0.2018971137354858 -0.17106665084152417
1.2164382939757257 -0.1524807054934095 -0.1841691874761892
1.226373199440335 -0.3007299302196384 -0.1448615775721941
1.198540033949024 -0.22942181397701772 -0.19192690865980266
1.2197499291305955 -0.2018971137354858 -0.17106665084152417
1.2442714594670365 -0.2237888217360302 -0.13710385638858064
1.172487834250394 0.1603636399003515 0.2374091365634703
1.2173287768714376 0.15360567657847024 0.1833776358850204
1.2199362680803167 0.2017084060578814 0.171643763333002
1.1988195423742345 0.2291387524585276 0.1927925773962177
1.262169719492481 0.146847713256589 0.1293461352065705
1.243660484995278 0.22238078913664633 0.1387610767177678
1.2199362680803167 0.2017084060578814 0.171643763333002
1.2173287768714376 0.15360567657847024 0.1833776358850204
1.225151250498075 0.2979138650167037 0.1481760182289651
1.1988195423742345 0.2291387524585276 0.1927925773962177
1.2199362680803167 0.2017084060578814 0.171643763333002
1.243660484995278 0.22238078913664633 0.1387610767177678
0.5048275257834252 0.8649003956642577 0.2999964923787531
0.5342864201290367 0.9391702990497133 0.27698311594103464
0.491222244828436 0.9747714506280029 0.2760607331954439
0.4549607100053299 0.9554370747244199 0.2871062300415077
0.5637453144746482 1.013440202435169 0.2539697395033162
0.48441960435094145 1.0297069781098753 0.2640928536037893
0.491222244828436 0.9747714506280029 0.2760607331954439
0.5342864201290367 0.9391702990497133 0.27698311594103464
0.4050938942272347 1.045973753784582 0.2742159677042624
0.4549607100053299 0.9554370747244199 0.2871062300415077
0.491222244828436 0.9747714506280029 0.2760607331954439
0.48441960435094145 1.0297069781098753 0.2640928536037893
-0.6069688850756709 -0.9601516644629136 -0.2674456310022321
-0.5519679527988066 -1.0153567731450488 -0.25361480788635254
-0.5700544177518961 -1.0459882981277604 -0.21758156035626675
-0.606598116366873 -1.0337015062780488 -0.20648034814916366
-0.4969670205219424 -1.070561881827184 -0.239783984770473
-0.5515971840900088 -1.088906614960184 -0.19264952503328409
-0.5700544177518961 -1.0459882981277604 -0.21758156035626675
-0.5519679527988066 -1.0153567731450488 -0.25361480788635254
-0.6062273476580752 -1.107251348093184 -0.1455150652960952
-0.606598116366873 -1.0337015062780488 -0.20648034814916366
-0.5700544177518961 -1.0459882981277604 -0.21758156035626675
-0.5515971840900088 -1.088906614960184 -0.19264952503328409
0.6993556881772879 -0.9203014393428551 0.2563243286486833
0.6428649899563228 -0.9448592444535834 0.26262493814153964
0.6550398863690037 -0.9796058507602953 0.23042480818689093
0.6893726836858267 -0.984700251358287 0.2111744384631384
0.5863742917353577 -0.9694170495643116 0.2689255476343959
0.6328819854648615 -1.0092580564690152 0.2174750479559947
0.6550398863690037 -0.9796058507602953 0.23042480818689093
0.6428649899563228 -0.9448592444535834 0.26262493814153964
0.6793896791943654 -1.049099063373719 0.1660245482775935
0.6893726836858267 -0.984700251358287 0.2111744384631384
0.6550398863690037 -0.9796058507602953 0.23042480818689093
0.6328819854648615 -1.0092580564690152 0.2174750479559947
-1.012286353954042 0.0348114192837199 0.2997231780578414
-1.0741956072847607 -0.003510752263863985 0.283339393097108
-1.0600105132719388 -0.050473459642896755 0.2879223036971181
-1.0219633396001684 -0.054793727558621205 0.2984056514774899
-1.136104860615479 -0.04183292381144787 0.2669556081363746
-1.083872592930887 -0.09311589910620509 0.2820218665167564
-1.0600105132719388 -0.050473459642896755 0.2879223036971181
-1.0741956072847607 -0.003510752263863985 0.283339393097108
-1.031640325246295 -0.1443988744009623 0.2970881248971383
-1.0219633396001684 -0.054793727558621205 0.2984056514774899
-1.0600105132719388 -0.050473459642896755 0.2879223036971181
-1.083872592930887 -0.09311589910620509 0.2820218665167564
-1.065142614947569 0.2259436981524519 0.2865430153144973
-1.107609152000435 0.15682013694414443 0.27217459298745217
-1.0758348859849707 0.11615056439066958 0.2813574546775819
-1.0387144844508054 0.1303775587180859 0.2931330966861693
-1.150075689053301 0.08769657573583693 0.2578061706604071
-1.0811810215036717 0.06125399750977842 0.2787646743591242
-1.0758348859849707 0.11615056439066958 0.2813574546775819
-1.107609152000435 0.15682013694414443 0.27217459298745217
-1.012286353954042 0.0348114192837199 0.2997231780578414
-1.0387144844508054 0.1303775587180859 0.2931330966861693
-1.0758348859849707 0.11615056439066958 0.2813574546775819
-1.0811810215036717 0.06125399750977842 0.2787646743591242
-1.249334190330462 0.008140426579090315 0.1667909946991624
-1.1927195254729706 -0.016846248616178776 0.2168733014177685
-1.1785049133330807 0.018001359501159792 0.2305175911653147
-1.1997049396918815 0.04791850115746362 0.21229858267978474
-1.136104860615479 -0.04183292381144787 0.2669556081363746
-1.14309027483439 0.022931825962194532 0.2623808893983909
-1.1785049133330807 0.018001359501159792 0.2305175911653147
-1.1927195254729706 -0.016846248616178776 0.2168733014177685
-1.150075689053301 0.08769657573583693 0.2578061706604071
-1.1997049396918815 0.04791850115746362 0.21229858267978474
-1.1785049133330807 0.018001359501159792 0.2305175911653147
-1.14309027483439 0.022931825962194532 0.2623808893983909
0.9325357547101031 -0.516792541368 0.2926137976975229
0.8680965586525723 -0.5662335452356426 0.2961790522566513
0.8833634779090581 -0.6023408070516117 0.2866064079137678
0.9232165355660663 -0.595673936025775 0.28003745846276185
0.8036573625950415 -0.6156745491032852 0.2997443068157797
0.8587773395085355 -0.6451149398934177 0.2836027130218902
0.8833634779090581 -0.6023408070516117 0.2866064079137678
0.8680965586525723 -0.5662335452356426 0.2961790522566513
0.9138973164220295 -0.6745553306835501 0.2674611192280008
0.9232165355660663 -0.595673936025775 0.28003745846276185
0.8833634779090581 -0.6023408070516117 0.2866064079137678
0.8587773395085355 -0.6451149398934177 0.2836027130218902
0.9138973164220295 -0.6745553306835501 0.2674611192280008
0.8587773395085355 -0.6451149398934177 0.2836027130218902
0.8282327558286275 -0.685387375828803 0.2850637432005812
0.8405204524454206 -0.7202437891915618 0.277723461392982
0.8036573625950415 -0.6156745491032852 0.2997443068157797
0.7854004755319266 -0.6908033984014295 0.2938650551868714
0.8282327558286275 -0.685387375828803 0.2850637432005812
0.8587773395085355 -0.6451149398934177 0.2836027130218902
0.7671435884688117 -0.7659322476995737 0.2879858035579631
0.8405204524454206 -0.7202437891915618 0.277723461392982
0.8282327558286275 -0.685387375828803 0.2850637432005812
0.7854004755319266 -0.6908033984014295 0.2938650551868714
0.08224237321785109 1.126421067176173 0.2706485053868909
0.16004271994658326 1.1380031845505285 0.25754102288063035
0.1544750012784746 1.172543831279121 0.227035531346251
0.11279096858005419 1.1840230959562394 0.21833652683219165
0.2378430666753154 1.149585301924884 0.2444335403743698
0.19059131530878637 1.195605213330595 0.2052290443259311
0.1544750012784746 1.172543831279121 0.227035531346251
0.16004271994658326 1.1380031845505285 0.25754102288063035
0.1433395639422573 1.241625124736306 0.1660245482774924
0.11279096858005419 1.1840230959562394 0.21833652683219165
0.1544750012784746 1.172543831279121 0.227035531346251
0.19059131530878637 1.195605213330595 0.2052290443259311
0.5940067295585165 -0.82790612222037 0.2994004801528212
0.5901905106469372 -0.8986615858923408 0.28416301389360854
0.626578903157054 -0.9058748703758456 0.27488345214530013
0.6466812088679021 -0.8741037807816125 0.27786240440075227
0.5863742917353577 -0.9694170495643116 0.2689255476343959
0.6428649899563228 -0.9448592444535834 0.26262493814153964
0.626578903157054 -0.9058748703758456 0.27488345214530013
0.5901905106469372 -0.8986615858923408 0.28416301389360854
0.6993556881772879 -0.9203014393428551 0.2563243286486833
0.6466812088679021 -0.8741037807816125 0.27786240440075227
0.626578903157054 -0.9058748703758456 0.27488345214530013
0.6428649899563228 -0.9448592444535834 0.26262493814153964
-1.150075689053301 0.08769657573583693 0.2578061706604071
-1.14309027483439 0.022931825962194532 0.2623808893983909
-1.099488967874274 0.02689169040270299 0.27482831895154103
-1.0811810215036717 0.06125399750977842 0.2787646743591242
-1.136104860615479 -0.04183292381144787 0.2669556081363746
-1.0741956072847607 -0.003510752263863985 0.283339393097108
-1.099488967874274 0.02689169040270299 0.27482831895154103
-1.14309027483439 0.022931825962194532 0.2623808893983909
-1.012286353954042 0.0348114192837199 0.2997231780578414
-1.0811810215036717 0.06125399750977842 0.2787646743591242
-1.099488967874274 0.02689169040270299 0.27482831895154103
-1.0741956072847607 -0.003510752263863985 0.283339393097108
