x y z
1.063308168996734 0.7479142582842058 -7.347880794884119e-17
1.0160420102486947 0.76822963172708 0.08356647301231086
1.0354785723515654 0.7250556771967753 0.11105249809961266
1.0688299327770205 0.693311013210186 0.08301227413710811
0.9687758515006553 0.7885450051699544 0.1671329460246218
1.0215637740289811 0.7136263866530603 0.16657874714941906
1.0354785723515654 0.7250556771967753 0.11105249809961266
1.0160420102486947 0.76822963172708 0.08356647301231086
1.074351696557307 0.6387077681361661 0.1660245482742163
1.0688299327770205 0.693311013210186 0.08301227413710811
1.0354785723515654 0.7250556771967753 0.11105249809961266
1.0215637740289811 0.7136263866530603 0.16657874714941906
-0.982159675751437 -0.1225719411923596 -0.299825818186928
-1.074414192133216 -0.1128443700151665 -0.2730843185623709
-1.0860614321933937 -0.058346159706250574 -0.27502406148616215
-1.045757794032593 -0.03596084014038915 -0.28936468276033633
-1.166668708514995 -0.1031167988379734 -0.2463428189378138
-1.138012310414372 -0.02623326896319605 -0.26262318313577926
-1.0860614321933937 -0.058346159706250574 -0.27502406148616215
-1.074414192133216 -0.1128443700151665 -0.2730843185623709
-1.109355912313749 0.05065026091158129 -0.2789035473337447
-1.045757794032593 -0.03596084014038915 -0.28936468276033633
-1.0860614321933937 -0.058346159706250574 -0.27502406148616215
-1.138012310414372 -0.02623326896319605 -0.26262318313577926
0.9509682504845075 -0.8026606108072902 0.1739374637978843
0.8938183835116552 -0.8680887158847848 0.1671188457992006
0.9081049462347774 -0.8792132275998282 0.11141256386613373
0.9438231610827648 -0.8520614309186028 0.08696873189894211
0.8366685165388029 -0.9335168209622792 0.1603002278005169
0.8866732941099125 -0.9174895359960973 0.0801501139002584
0.9081049462347774 -0.8792132275998282 0.11141256386613373
0.8938183835116552 -0.8680887158847848 0.1671188457992006
0.9366780716810221 -0.9014622510299153 -7.347880794884119e-17
0.9438231610827648 -0.8520614309186028 0.08696873189894211
0.9081049462347774 -0.8792132275998282 0.11141256386613373
0.8866732941099125 -0.9174895359960973 0.0801501139002584
-0.06510343332090548 -1.156369872210504 0.2548968786416502
0.02831133018914661 -1.1729626260579926 0.241109333744038
0.0426339380041365 -1.1205794918459373 0.260553108983622
0.003087860156605393 -1.0860915478161655 0.27716876905222015
0.1217260936991987 -1.189555379905481 0.2273217888464258
0.09650262366665749 -1.102684301663654 0.26338122415460796
0.0426339380041365 -1.1205794918459373 0.260553108983622
0.02831133018914661 -1.1729626260579926 0.241109333744038
0.07127915363411627 -1.015813223421827 0.2994406594627901
0.003087860156605393 -1.0860915478161655 0.27716876905222015
0.0426339380041365 -1.1205794918459373 0.260553108983622
0.09650262366665749 -1.102684301663654 0.26338122415460796
-0.7227884427904074 0.6124202916258691 -0.2953447441567809
-0.8010899247510095 0.6495432845060201 -0.28606310406210167
-0.7805960642914611 0.7036097889152463 -0.28520469447833585
-0.7311983930813858 0.7120815446797839 -0.28941630973379256
-0.8793914067116114 0.6866662773861711 -0.2767814639674225
-0.8094998750419877 0.749204537559935 -0.2801346696391134
-0.7805960642914611 0.7036097889152463 -0.28520469447833585
-0.8010899247510095 0.6495432845060201 -0.28606310406210167
-0.7396083433723641 0.8117427977336987 -0.2834878753108042
-0.7311983930813858 0.7120815446797839 -0.28941630973379256
-0.7805960642914611 0.7036097889152463 -0.28520469447833585
-0.8094998750419877 0.749204537559935 -0.2801346696391134
-0.06510343332090548 -1.156369872210504 0.2548968786416502
-0.04043759821510973 -1.2113601464607489 0.19637798071059753
0.013616965756326418 -1.2040918909423262 0.2066925834225403
0.02831133018914661 -1.1729626260579926 0.241109333744038
-0.01577176310931397 -1.266350420710994 0.1378590827795448
0.05297716529494237 -1.2279529003082374 0.18259043581298529
0.013616965756326418 -1.2040918909423262 0.2066925834225403
-0.04043759821510973 -1.2113601464607489 0.19637798071059753
0.1217260936991987 -1.189555379905481 0.2273217888464258
0.02831133018914661 -1.1729626260579926 0.241109333744038
0.013616965756326418 -1.2040918909423262 0.2066925834225403
0.05297716529494237 -1.2279529003082374 0.18259043581298529
0.818537638175965 0.1588549647132312 -0.2497615140605163
0.7794036261443682 0.23914339245287186 -0.23940166223886475
0.8192915534905939 0.26536919240661466 -0.2583972128312526
0.8588025231795052 0.23833787851366578 -0.2730749140382723
0.7402696141127714 0.3194318201925125 -0.2290418104172132
0.8196685111479084 0.3186263062533064 -0.2627150622166207
0.8192915534905939 0.26536919240661466 -0.2583972128312526
0.7794036261443682 0.23914339245287186 -0.23940166223886475
0.8990674081830454 0.3178207923141003 -0.2963883140160283
0.8588025231795052 0.23833787851366578 -0.2730749140382723
0.8192915534905939 0.26536919240661466 -0.2583972128312526
0.8196685111479084 0.3186263062533064 -0.2627150622166207
-0.1400236013694301 -0.9885019178856034 0.2999955717835194
-0.10256351734516779 -1.0724358950480537 0.2774462252125848
-0.0446159603520731 -1.0535616711726448 0.28477770329598656
-0.03437222386765691 -1.0021575706537151 0.29971811562315476
-0.06510343332090548 -1.156369872210504 0.2548968786416502
0.003087860156605393 -1.0860915478161655 0.27716876905222015
-0.0446159603520731 -1.0535616711726448 0.28477770329598656
-0.10256351734516779 -1.0724358950480537 0.2774462252125848
0.07127915363411627 -1.015813223421827 0.2994406594627901
-0.03437222386765691 -1.0021575706537151 0.29971811562315476
-0.0446159603520731 -1.0535616711726448 0.28477770329598656
0.003087860156605393 -1.0860915478161655 0.27716876905222015
0.991554814173652 0.1637109918094082 -0.2999586843119673
0.9453111111783488 0.24076589206175425 -0.2981734991639978
0.9919265320680886 0.27062631333211046 -0.2881980229070836
1.03835609401061 0.24702907384111555 -0.2841028773526112
0.8990674081830454 0.3178207923141003 -0.2963883140160283
0.9921123910153067 0.32408397409346157 -0.28231769220464165
0.9919265320680886 0.27062631333211046 -0.2881980229070836
0.9453111111783488 0.24076589206175425 -0.2981734991639978
1.085157373847568 0.3303471558728229 -0.268247070393255
1.03835609401061 0.24702907384111555 -0.2841028773526112
0.9919265320680886 0.27062631333211046 -0.2881980229070836
0.9921123910153067 0.32408397409346157 -0.28231769220464165
0.1450427383882854 -1.244179630981516 -0.1618347904123548
0.172233883983848 -1.173692885340719 -0.21815637213525024
0.2252202131747005 -1.1841929644319202 -0.20077909751619094
0.23811780497234544 -1.2246863767979197 -0.16392966934521358
0.1994250295794106 -1.103206139699922 -0.2744779538581457
0.26530895056790804 -1.1541996311571225 -0.22025125106810906
0.2252202131747005 -1.1841929644319202 -0.20077909751619094
0.172233883983848 -1.173692885340719 -0.21815637213525024
0.3311928715564055 -1.205193122614323 -0.1660245482780724
0.23811780497234544 -1.2246863767979197 -0.16392966934521358
0.2252202131747005 -1.1841929644319202 -0.20077909751619094
0.26530895056790804 -1.1541996311571225 -0.22025125106810906
-0.04857893759761237 -0.9259708122507513 -0.291043978871709
-0.017100194971185645 -1.0163367374581243 -0.28569563248303353
-0.07022341840558793 -1.038166924622973 -0.28519132784627865
-0.11252440143600244 -1.0038990556017107 -0.287613348722239
0.01437854765524108 -1.106702662665497 -0.2803472860943581
-0.08104565880957572 -1.0942649808090836 -0.2822650023335635
-0.07022341840558793 -1.038166924622973 -0.28519132784627865
-0.017100194971185645 -1.0163367374581243 -0.28569563248303353
-0.1764698652743925 -1.08182729895267 -0.2841827185727689
-0.11252440143600244 -1.0038990556017107 -0.287613348722239
-0.07022341840558793 -1.038166924622973 -0.28519132784627865
-0.08104565880957572 -1.0942649808090836 -0.2822650023335635
0.1433395639422573 1.241625124736306 0.1660245482774924
0.05078128509878686 1.246514449249704 0.16432205900189512
0.06126831447180827 1.2064833218918602 0.19976420779689372
0.11279096858005419 1.1840230959562394 0.21833652683219165
-0.04177699374468358 1.251403773763102 0.1626195697262978
0.020232689736583757 1.1889124204696375 0.21663403755659433
0.06126831447180827 1.2064833218918602 0.19976420779689372
0.05078128509878686 1.246514449249704 0.16432205900189512
0.08224237321785109 1.126421067176173 0.2706485053868909
0.11279096858005419 1.1840230959562394 0.21833652683219165
0.06126831447180827 1.2064833218918602 0.19976420779689372
0.020232689736583757 1.1889124204696375 0.21663403755659433
-0.8649234102152368 -0.9705191880955499 -7.347880794884119e-17
-0.8138384799141267 -0.982671617459828 0.08015011390026246
-0.837754592539901 -0.9457398800731877 0.11219042052198264
-0.8752551140033431 -0.9211977966977285 0.08813551688271146
-0.7627535496130167 -0.9948240468241061 0.160300227800525
-0.824170183702233 -0.9333502260620066 0.16828563078297398
-0.837754592539901 -0.9457398800731877 0.11219042052198264
-0.8138384799141267 -0.982671617459828 0.08015011390026246
-0.8855868177914494 -0.8718764052999071 0.176271033765423
-0.8752551140033431 -0.9211977966977285 0.08813551688271146
-0.837754592539901 -0.9457398800731877 0.11219042052198264
-0.824170183702233 -0.9333502260620066 0.16828563078297398
0.4027302505911005 -0.7574902766827609 0.2642083650158988
0.4099117516779843 -0.836149261649761 0.28207982791336655
0.4712767443048284 -0.8334015485066306 0.28785337865985144
0.49836849007480855 -0.7926981994515654 0.28180442258436
0.4170932527648681 -0.9148082466167611 0.2999512908108343
0.5055499911616923 -0.8713571844185655 0.2996758854818278
0.4712767443048284 -0.8334015485066306 0.28785337865985144
0.4099117516779843 -0.836149261649761 0.28207982791336655
0.5940067295585165 -0.82790612222037 0.2994004801528212
0.49836849007480855 -0.7926981994515654 0.28180442258436
0.4712767443048284 -0.8334015485066306 0.28785337865985144
0.5055499911616923 -0.8713571844185655 0.2996758854818278
0.7671435884688117 -0.7659322476995737 0.2879858035579631
0.7854004755319266 -0.6908033984014295 0.2938650551868714
0.7299664061586552 -0.6721891578706761 0.2885211174124053
0.6931209279404619 -0.7004464622543716 0.2829095227107181
0.8036573625950415 -0.6156745491032852 0.2997443068157797
0.7113778150035768 -0.6253176129562273 0.28878877433962646
0.7299664061586552 -0.6721891578706761 0.2885211174124053
0.7854004755319266 -0.6908033984014295 0.2938650551868714
0.619098267412112 -0.6349606768091695 0.2778332418634732
0.6931209279404619 -0.7004464622543716 0.2829095227107181
0.7299664061586552 -0.6721891578706761 0.2885211174124053
0.7113778150035768 -0.6253176129562273 0.28878877433962646
-0.5970884653491988 1.098027570471044 0.1660245482774925
-0.5238564829960832 1.0548343361650576 0.2230579226690862
-0.4891746025034977 1.0956339592182818 0.20405884129343219
-0.5084496534337628 1.137630387897887 0.1660426134098083
-0.4506245006429676 1.011641101859071 0.2800912970606799
-0.43521767108064713 1.0944371535919006 0.22307598780140203
-0.4891746025034977 1.0956339592182818 0.20405884129343219
-0.5238564829960832 1.0548343361650576 0.2230579226690862
-0.4198108415183267 1.17723320532473 0.1660606785421241
-0.5084496534337628 1.137630387897887 0.1660426134098083
-0.4891746025034977 1.0956339592182818 0.20405884129343219
-0.43521767108064713 1.0944371535919006 0.22307598780140203
-1.191623136704618 0.3771120271720997 0.1660245482774925
-1.115405901085353 0.4019173304822341 0.21973725934112442
-1.1178170365280102 0.45343221354132823 0.20023894713607016
-1.1571312220589713 0.4667870034158081 0.16363343550172704
-1.039188665466088 0.4267226337923686 0.2734499704047564
-1.0809139864397066 0.49159230672594256 0.217346146565359
-1.1178170365280102 0.45343221354132823 0.20023894713607016
-1.115405901085353 0.4019173304822341 0.21973725934112442
-1.122639307413325 0.5564619796595165 0.1612423227259616
-1.1571312220589713 0.4667870034158081 0.16363343550172704
-1.1178170365280102 0.45343221354132823 0.20023894713607016
-1.0809139864397066 0.49159230672594256 0.217346146565359
-0.4294212358508245 -0.73141896162089 0.258736888058288
-0.4416570302821756 -0.8064920719325396 0.27930896185230714
-0.37752417320079346 -0.8085602880418885 0.27282048142888576
-0.33933984744442686 -0.7720578409407381 0.25929020432016553
-0.4538928247135268 -0.8815651822441891 0.2998810356463263
-0.351575641875778 -0.8471309512523877 0.2798622781141847
-0.37752417320079346 -0.8085602880418885 0.27282048142888576
-0.4416570302821756 -0.8064920719325396 0.27930896185230714
-0.2492584590380292 -0.8126967202605864 0.2598435205820431
-0.33933984744442686 -0.7720578409407381 0.25929020432016553
-0.37752417320079346 -0.8085602880418885 0.27282048142888576
-0.351575641875778 -0.8471309512523877 0.2798622781141847
-0.01577176310931397 -1.266350420710994 0.1378590827795448
0.07043922626191551 -1.267645654981485 0.1245999748181362
0.08753484874100992 -1.2416155632894836 0.15884057949423272
0.05297716529494237 -1.2279529003082374 0.18259043581298529
0.156650215633145 -1.268940889251976 0.1113408668567276
0.13918815466617185 -1.2292481345787285 0.1693313278515767
0.08753484874100992 -1.2416155632894836 0.15884057949423272
0.07043922626191551 -1.267645654981485 0.1245999748181362
0.1217260936991987 -1.189555379905481 0.2273217888464258
0.05297716529494237 -1.2279529003082374 0.18259043581298529
0.08753484874100992 -1.2416155632894836 0.15884057949423272
0.13918815466617185 -1.2292481345787285 0.1693313278515767
-0.344475952855657 1.253529544089084 -7.347880794884119e-17
-0.293303123852808 1.24175273572813 -0.08015011390022334
-0.33483901937631 1.2208090508973706 -0.10830531077627514
-0.3811933816394855 1.216225612662468 -0.08230785226418944
-0.2421302948499589 1.229975927367176 -0.1603002278004466
-0.33002055263663643 1.204448804301514 -0.1624579661644127
-0.33483901937631 1.2208090508973706 -0.10830531077627514
-0.293303123852808 1.24175273572813 -0.08015011390022334
-0.417910810423314 1.178921681235852 -0.1646157045283788
-0.3811933816394855 1.216225612662468 -0.08230785226418944
-0.33483901937631 1.2208090508973706 -0.10830531077627514
-0.33002055263663643 1.204448804301514 -0.1624579661644127
0.9689953224409157 0.795340722068825 -0.160268084041613
1.0234326139291428 0.7157141786647121 -0.1618589494981279
0.9928364258012645 0.689643553972845 -0.19820791166074103
0.9503196859932119 0.7164215133289678 -0.21558696001379013
1.07786990541737 0.6360876352605992 -0.1634498149546428
1.0047569774814389 0.636794969924855 -0.21717782547030506
0.9928364258012645 0.689643553972845 -0.19820791166074103
1.0234326139291428 0.7157141786647121 -0.1618589494981279
0.9316440495455081 0.6375023045891106 -0.2709058359859673
0.9503196859932119 0.7164215133289678 -0.21558696001379013
0.9928364258012645 0.689643553972845 -0.19820791166074103
1.0047569774814389 0.636794969924855 -0.21717782547030506
0.2475084419140669 -1.276220815995912 -7.347880794884119e-17
0.19627559015117615 -1.260200223488714 -0.08091739520617744
0.2412480172862526 -1.2418645231972503 -0.10928644623014243
0.2893506567352362 -1.2407069693051176 -0.08301227413903624
0.1450427383882854 -1.244179630981516 -0.1618347904123548
0.23811780497234544 -1.2246863767979197 -0.16392966934521358
0.2412480172862526 -1.2418645231972503 -0.10928644623014243
0.19627559015117615 -1.260200223488714 -0.08091739520617744
0.3311928715564055 -1.205193122614323 -0.1660245482780724
0.2893506567352362 -1.2407069693051176 -0.08301227413903624
0.2412480172862526 -1.2418645231972503 -0.10928644623014243
0.23811780497234544 -1.2246863767979197 -0.16392966934521358
1.172487834250394 0.1603636399003515 0.2374091365634703
1.086243917125199 0.15562807755094576 0.2685977410955514
1.0883976441876273 0.10375205170063041 0.27417081235988294
1.132596466281439 0.0801818199501756 0.26136304572600816
1.000000000000004 0.15089251520154 0.2997863456276325
1.046352549156244 0.07544625760076987 0.29255165025808927
1.0883976441876273 0.10375205170063041 0.27417081235988294
1.086243917125199 0.15562807755094576 0.2685977410955514
1.092705098312484 -2.676355602120756e-16 0.285316954888546
1.132596466281439 0.0801818199501756 0.26136304572600816
1.0883976441876273 0.10375205170063041 0.27417081235988294
1.046352549156244 0.07544625760076987 0.29255165025808927
1.170706868457713 -0.158113697734397 -0.2389922397474112
1.0873583312510187 -0.15603598159042775 -0.2692893781367836
1.0891405869381732 -0.10402398772695193 -0.2746319037207046
1.1317059833850975 -0.07905684886719865 -0.2621545973179789
1.004009794044324 -0.1539582654464585 -0.299586516526156
1.0483574461784029 -0.07697913272322938 -0.2924517357073513
1.0891405869381732 -0.10402398772695193 -0.2746319037207046
1.0873583312510187 -0.15603598159042775 -0.2692893781367836
1.092705098312482 -2.676355602120751e-16 -0.2853169548885466
1.1317059833850975 -0.07905684886719865 -0.2621545973179789
1.0891405869381732 -0.10402398772695193 -0.2746319037207046
1.0483574461784029 -0.07697913272322938 -0.2924517357073513
-0.706637815001585 1.091175053971537 -7.347880794884119e-17
-0.6478463744738763 1.0961380451510077 -0.08384052498997924
-0.6844655710673431 1.0620967053727473 -0.11123519941946686
-0.7321708896279309 1.0425945398938816 -0.08301227413922109
-0.5890549339461675 1.101101036330478 -0.1676810499799584
-0.6733794491002221 1.0475575310733523 -0.16685279912920026
-0.6844655710673431 1.0620967053727473 -0.11123519941946686
-0.6478463744738763 1.0961380451510077 -0.08384052498997924
-0.7577039642542767 0.9940140258162262 -0.1660245482784421
-0.7321708896279309 1.0425945398938816 -0.08301227413922109
-0.6844655710673431 1.0620967053727473 -0.11123519941946686
-0.6733794491002221 1.0475575310733523 -0.16685279912920026
-1.196925470100894 -0.3834353998022207 -0.1550222108291942
-1.219914084006603 -0.28904001570186255 -0.15401177287823214
-1.1844669295820776 -0.27448096102013847 -0.1910678811646239
-1.1552490454169604 -0.31439912572945555 -0.2101011542833008
-1.242902697912312 -0.1946446316015044 -0.1530013349272701
-1.1782376593226696 -0.2200037416290974 -0.20909071633233878
-1.1844669295820776 -0.27448096102013847 -0.1910678811646239
-1.219914084006603 -0.28904001570186255 -0.15401177287823214
-1.113572620733027 -0.2453628516566904 -0.2651800977374074
-1.1552490454169604 -0.31439912572945555 -0.2101011542833008
-1.1844669295820776 -0.27448096102013847 -0.1910678811646239
-1.1782376593226696 -0.2200037416290974 -0.20909071633233878
-0.7577039642542767 0.9940140258162262 -0.1660245482784421
-0.8324411469502845 0.9278512763143645 -0.16502284794285504
-0.8432685680386006 0.9420739135747609 -0.11001523196190338
-0.8113136872347546 0.9822666069558899 -0.08301227413922109
-0.9071783296462923 0.8616885268125027 -0.164021147607268
-0.8860508699307625 0.9161038574540281 -0.08201057380363404
-0.8432685680386006 0.9420739135747609 -0.11001523196190338
-0.8324411469502845 0.9278512763143645 -0.16502284794285504
-0.8649234102152327 0.9705191880955536 -7.347880794884119e-17
-0.8113136872347546 0.9822666069558899 -0.08301227413922109
-0.8432685680386006 0.9420739135747609 -0.11001523196190338
-0.8860508699307625 0.9161038574540281 -0.08201057380363404
0.7880930342566311 1.033880732655453 -7.347880794884119e-17
0.7369770848016601 1.0405090607892165 0.08157371094345715
0.7685086369227382 1.004704613427422 0.1097239900548358
0.8098323877107627 0.9834882256796432 0.08301227413879651
0.6858611353466892 1.04713738892298 0.1631474218869144
0.7587164382557918 0.9901165538134067 0.16458598508225375
0.7685086369227382 1.004704613427422 0.1097239900548358
0.7369770848016601 1.0405090607892165 0.08157371094345715
0.8315717411648943 0.9330957187038333 0.1660245482775931
0.8098323877107627 0.9834882256796432 0.08301227413879651
0.7685086369227382 1.004704613427422 0.1097239900548358
0.7587164382557918 0.9901165538134067 0.16458598508225375
-0.2379644527649984 -1.227009413243378 0.1660245482774925
-0.3268578798532705 -1.2038797382625526 0.16454971433045018
-0.33273057085406776 -1.2204296735380626 0.10969980955363344
-0.29122020281033034 -1.2402694786662305 0.0830122741387462
-0.4157513069415426 -1.180750063281727 0.1630748803834079
-0.3801136298986024 -1.2171398036854049 0.0815374401917039
-0.33273057085406776 -1.2204296735380626 0.10969980955363344
-0.3268578798532705 -1.2038797382625526 0.16454971433045018
-0.3444759528556623 -1.253529544089083 -7.347880794884119e-17
-0.29122020281033034 -1.2402694786662305 0.0830122741387462
-0.33273057085406776 -1.2204296735380626 0.10969980955363344
-0.3801136298986024 -1.2171398036854049 0.0815374401917039
1.3 -3.184081677783119e-16 -7.347880794884119e-17
1.2810848597462405 0.07342385662829434 0.06467306760328521
1.2682916059349882 0.048949237752196124 0.10189390363143741
1.271352549156242 -3.1139156598240406e-16 0.08816778784387086
1.262169719492481 0.146847713256589 0.1293461352065705
1.2524374089024826 0.07342385662829434 0.15284085544715614
1.2682916059349882 0.048949237752196124 0.10189390363143741
1.2810848597462405 0.07342385662829434 0.06467306760328521
1.242705098312484 -3.043749641864962e-16 0.1763355756877418
1.271352549156242 -3.1139156598240406e-16 0.08816778784387086
1.2682916059349882 0.048949237752196124 0.10189390363143741
1.2524374089024826 0.07342385662829434 0.15284085544715614
1.3 -3.184081677783119e-16 -7.347880794884119e-17
1.2810848597468691 -0.07342385662621115 -0.06467306760248365
1.268291605935407 -0.048949237750807534 -0.10189390363090338
1.2713525491562416 -3.1139156598240397e-16 -0.08816778784387144
1.262169719493738 -0.146847713252422 -0.1293461352049672
1.2524374089031105 -0.07342385662621115 -0.152840855446355
1.268291605935407 -0.048949237750807534 -0.10189390363090338
1.2810848597468691 -0.07342385662621115 -0.06467306760248365
1.242705098312483 -3.04374964186496e-16 -0.1763355756877428
1.2713525491562416 -3.1139156598240397e-16 -0.08816778784387144
1.268291605935407 -0.048949237750807534 -0.10189390363090338
1.2524374089031105 -0.07342385662621115 -0.152840855446355
-0.7627535496130167 -0.9948240468241061 0.160300227800525
-0.7611501860774799 -0.9103174225622328 0.21718751288382124
-0.8026290633154698 -0.8975037501414574 0.20354868651102184
-0.824170183702233 -0.9333502260620066 0.16828563078297398
-0.759546822541943 -0.8258107983003596 0.2740747979671175
-0.8225668201666962 -0.8488436018001333 0.22517291586627025
-0.8026290633154698 -0.8975037501414574 0.20354868651102184
-0.7611501860774799 -0.9103174225622328 0.21718751288382124
-0.8855868177914494 -0.8718764052999071 0.176271033765423
-0.824170183702233 -0.9333502260620066 0.16828563078297398
-0.8026290633154698 -0.8975037501414574 0.20354868651102184
-0.8225668201666962 -0.8488436018001333 0.22517291586627025
0.4394219419310565 1.223482062373429 -7.347880794884119e-17
0.38863631599259846 1.2146622917286225 0.0811726478243957
0.42951864365091347 1.189945666210187 0.10945661464209454
0.47535262044929993 1.1819972387733726 0.08301227413874605
0.3378506900541404 1.205842521083816 0.1623452956487915
0.4245669945108419 1.173177468128566 0.16418492196314183
0.42951864365091347 1.189945666210187 0.10945661464209454
0.38863631599259846 1.2146622917286225 0.0811726478243957
0.5112832989675433 1.140512415173316 0.1660245482774922
0.47535262044929993 1.1819972387733726 0.08301227413874605
0.42951864365091347 1.189945666210187 0.10945661464209454
0.4245669945108419 1.173177468128566 0.16418492196314183
-1.249334190330462 0.008140426579090315 0.1667909946991624
-1.242963728215124 0.09960113479598476 0.16534854841826813
-1.2607043326563703 0.099572099426472 0.11023236561217874
-1.2727598659346624 0.05382722763326838 0.08339549734958115
-1.236593266099786 0.1910618430128792 0.1639061021373739
-1.2663894038193244 0.14528793585016284 0.0819530510686869
-1.2607043326563703 0.099572099426472 0.11023236561217874
-1.242963728215124 0.09960113479598476 0.16534854841826813
-1.296185541538863 0.09951402868744645 -7.347880794884119e-17
-1.2727598659346624 0.05382722763326838 0.08339549734958115
-1.2607043326563703 0.099572099426472 0.11023236561217874
-1.2663894038193244 0.14528793585016284 0.0819530510686869
0.7 -1.714505518806295e-16 1.102553507614571e-15
0.7026922896801403 0.06408328583104236 0.04968281124839624
0.7014208422358021 0.09521866803766081 0.0005083788732642794
0.6994389736735629 0.07874471622544876 -0.048920242938499274
0.7053845793602807 0.1281665716620849 0.09936562249679139
0.7021312633537032 0.1428280020564913 0.000762568309895871
0.7014208422358021 0.09521866803766081 0.0005083788732642794
0.7026922896801403 0.06408328583104236 0.04968281124839624
0.6988779473471258 0.1574894324508977 -0.09784048587699964
0.6994389736735629 0.07874471622544876 -0.048920242938499274
0.7014208422358021 0.09521866803766081 0.0005083788732642794
0.7021312633537032 0.1428280020564913 0.000762568309895871
0.8383580755894142 0.9301119596825209 -0.1624982987537755
0.7621483458099937 0.9881956490916249 -0.1633414927932919
0.7707965752922061 1.0034240102795675 -0.10889432852886129
0.8132255549230227 0.981996346168987 -0.08124914937688779
0.6859386160305732 1.046279338500729 -0.1641846868328083
0.7370158251436021 1.040080035578091 -0.08209234341640419
0.7707965752922061 1.0034240102795675 -0.10889432852886129
0.7621483458099937 0.9881956490916249 -0.1633414927932919
0.7880930342566311 1.033880732655453 -7.347880794884119e-17
0.8132255549230227 0.981996346168987 -0.08124914937688779
0.7707965752922061 1.0034240102795675 -0.10889432852886129
0.7370158251436021 1.040080035578091 -0.08209234341640419
-1.205753186432722 0.4859621933930017 -7.347880794884119e-17
-1.166049941707139 0.5199945459865687 -0.0788314330372992
-1.1745743400396027 0.47236703971506966 -0.10789580478407697
-1.198688161568626 0.4315371102825367 -0.08301227413881629
-1.126346696981556 0.5540268985801358 -0.1576628660745983
-1.158984916843043 0.46556946287610373 -0.1618437071761154
-1.1745743400396027 0.47236703971506966 -0.10789580478407697
-1.166049941707139 0.5199945459865687 -0.0788314330372992
-1.19162313670453 0.3771120271720717 -0.1660245482776325
-1.198688161568626 0.4315371102825367 -0.08301227413881629
-1.1745743400396027 0.47236703971506966 -0.10789580478407697
-1.158984916843043 0.46556946287610373 -0.1618437071761154
0.04979355379704932 1.299046035366053 -7.347880794884119e-17
0.1027220249036378 1.284567243853219 -0.05438100047747504
0.0531715486312282 1.2767792060762135 -0.08494289654832378
0.0019320749417291692 1.280124582944128 -0.07303334434501069
0.1556504960102263 1.270088452340385 -0.10876200095495
0.05486054604831765 1.265645791431294 -0.12741434482248565
0.0531715486312282 1.2767792060762135 -0.08494289654832378
0.1027220249036378 1.284567243853219 -0.05438100047747504
-0.04592940391359098 1.261203130522203 -0.1460666886900213
0.0019320749417291692 1.280124582944128 -0.07303334434501069
0.0531715486312282 1.2767792060762135 -0.08494289654832378
0.05486054604831765 1.265645791431294 -0.12741434482248565
-1.19162313670453 0.3771120271720717 -0.1660245482776325
-1.214985368314569 0.28597660091546817 -0.1631623880407394
-1.2319249292234167 0.28938758780167256 -0.10877492536049295
-1.228713593872821 0.3366607943730765 -0.08301227413881629
-1.238347599924608 0.1948411746588646 -0.1603002278038463
-1.25207582548286 0.24552536811647296 -0.0801501139019232
-1.2319249292234167 0.28938758780167256 -0.10877492536049295
-1.214985368314569 0.28597660091546817 -0.1631623880407394
-1.265804051041112 0.2962095615740813 -7.347880794884119e-17
-1.228713593872821 0.3366607943730765 -0.08301227413881629
-1.2319249292234167 0.28938758780167256 -0.10877492536049295
-1.25207582548286 0.24552536811647296 -0.0801501139019232
0.7503307138289915 0.5605541715592728 0.2932239374530641
0.839288104341998 0.5752858131603169 0.2880525750882987
0.8307226113327847 0.6350816239712853 0.285107929471521
0.7819611695716748 0.6576137085762475 0.2862212878455149
0.9282454948550044 0.5900174547613611 0.2828812127235333
0.8709185600846812 0.6723453501772917 0.2810499254807495
0.8307226113327847 0.6350816239712853 0.285107929471521
0.839288104341998 0.5752858131603169 0.2880525750882987
0.813591625314358 0.7546732455932222 0.2792186382379657
0.7819611695716748 0.6576137085762475 0.2862212878455149
0.8307226113327847 0.6350816239712853 0.285107929471521
0.8709185600846812 0.6723453501772917 0.2810499254807495
0.04979355379704932 1.299046035366053 -7.347880794884119e-17
0.004008280026182871 1.2752249045645776 0.08130978486314885
0.05045204133154102 1.2640249779551536 0.10954803933459671
0.09656655886965332 1.2703355800511793 0.08301227413874616
-0.04177699374468358 1.251403773763102 0.1626195697262978
0.05078128509878686 1.246514449249704 0.16432205900189512
0.05045204133154102 1.2640249779551536 0.10954803933459671
0.004008280026182871 1.2752249045645776 0.08130978486314885
0.1433395639422573 1.241625124736306 0.1660245482774924
0.09656655886965332 1.2703355800511793 0.08301227413874616
0.05045204133154102 1.2640249779551536 0.10954803933459671
0.05078128509878686 1.246514449249704 0.16432205900189512
-0.422477718884639 -1.17630427951843 -0.1660245482776514
-0.33230400686620054 -1.2031401034417535 -0.16316238804101385
-0.3363613221960211 -1.21993658365753 -0.10877492536067591
-0.38347683587015063 -1.2149169118037566 -0.08301227413882574
-0.2421302948477621 -1.229975927365077 -0.1603002278043763
-0.2933031238517122 -1.2417527357270801 -0.0801501139021882
-0.3363613221960211 -1.21993658365753 -0.10877492536067591
-0.33230400686620054 -1.2031401034417535 -0.16316238804101385
-0.3444759528556623 -1.253529544089083 -7.347880794884119e-17
-0.38347683587015063 -1.2149169118037566 -0.08301227413882574
-0.3363613221960211 -1.21993658365753 -0.10877492536067591
-0.2933031238517122 -1.2417527357270801 -0.0801501139021882
-0.5970884653491988 1.098027570471044 0.1660245482774925
-0.5084496534337628 1.137630387897887 0.1660426134098083
-0.5162295117300881 1.1538384924050966 0.11069507560653885
-0.5644388468359689 1.14214113594528 0.0830122741387462
-0.4198108415183267 1.17723320532473 0.1660606785421241
-0.4758000349205328 1.181743953372123 0.08303033927106201
-0.5162295117300881 1.1538384924050966 0.11069507560653885
-0.5084496534337628 1.137630387897887 0.1660426134098083
-0.5317892283227389 1.186254701419516 -7.347880794884119e-17
-0.5644388468359689 1.14214113594528 0.0830122741387462
-0.5162295117300881 1.1538384924050966 0.11069507560653885
-0.4758000349205328 1.181743953372123 0.08303033927106201
-1.11744048908336 0.6643242832812459 -7.347880794884119e-17
-1.1200398982483426 0.6103931314703812 0.08062116136298075
-1.0874621763814118 0.6466202517178538 0.1090889570011514
-1.069873610865455 0.6916993877470223 0.0830122741387463
-1.122639307413325 0.5564619796595165 0.1612423227259616
-1.0724730200304373 0.6377682359361576 0.16363343550172715
-1.0874621763814118 0.6466202517178538 0.1090889570011514
-1.1200398982483426 0.6103931314703812 0.08062116136298075
-1.02230673264755 0.7190744922127988 0.1660245482774927
-1.069873610865455 0.6916993877470223 0.0830122741387463
-1.0874621763814118 0.6466202517178538 0.1090889570011514
-1.0724730200304373 0.6377682359361576 0.16363343550172715
-0.5317892283227432 -1.186254701419514 -7.347880794884119e-17
-0.5690082879904093 -1.1467530247563489 -0.07275753264804764
-0.5201647649551525 -1.1566034430103758 -0.10384653785791557
-0.47713347360369107 -1.181279490468972 -0.08301227413882574
-0.6062273476580752 -1.107251348093184 -0.1455150652960952
-0.5143525332713571 -1.141777813805807 -0.1557698067868733
-0.5201647649551525 -1.1566034430103758 -0.10384653785791557
-0.5690082879904093 -1.1467530247563489 -0.07275753264804764
-0.422477718884639 -1.17630427951843 -0.1660245482776514
-0.47713347360369107 -1.181279490468972 -0.08301227413882574
-0.5201647649551525 -1.1566034430103758 -0.10384653785791557
-0.5143525332713571 -1.141777813805807 -0.1557698067868733
-1.117440489083363 -0.6643242832812413 -7.347880794884119e-17
-1.1196439614279534 -0.6118606762688146 -0.0801504659217249
-1.0881033083784029 -0.6484848966231948 -0.10684575193302116
-1.0712312456813324 -0.6930288103065982 -0.0801181619778069
-1.121847433772544 -0.5593970692563878 -0.1603009318434497
-1.073434718025923 -0.6405652032941715 -0.16026862789953172
-1.0881033083784029 -0.6484848966231948 -0.10684575193302116
-1.1196439614279534 -0.6118606762688146 -0.0801504659217249
-1.025022002279302 -0.7217333373319552 -0.1602363239556137
-1.0712312456813324 -0.6930288103065982 -0.0801181619778069
-1.0881033083784029 -0.6484848966231948 -0.10684575193302116
-1.073434718025923 -0.6405652032941715 -0.16026862789953172
-0.8649234102152327 0.9705191880955536 -7.347880794884119e-17
-0.8828535437108078 0.921165407450517 0.08015046592172685
-0.8412004539507704 0.9455315013885682 0.108617346698435
-0.8114088423229641 0.9823914386801123 0.0827755541259256
-0.9007836772063831 0.8718116268054804 0.1603009318434538
-0.8293389758185392 0.9330376580350757 0.16292602004765255
-0.8412004539507704 0.9455315013885682 0.108617346698435
-0.8828535437108078 0.921165407450517 0.08015046592172685
-0.7578942744306955 0.9942636892646708 0.1655511082518513
-0.8114088423229641 0.9823914386801123 0.0827755541259256
-0.8412004539507704 0.9455315013885682 0.108617346698435
-0.8293389758185392 0.9330376580350757 0.16292602004765255
0.6869500717861571 -0.1938114223806439 -0.08983676842747311
0.720025371686682 -0.2598480236913453 -0.16513758245071625
0.6868797965411244 -0.30341955960395545 -0.15585619690663652
0.6537693590180831 -0.29218702690490983 -0.11356509712297505
0.7531006715872071 -0.3258846250020467 -0.2404383964739594
0.6868446589186081 -0.35822362821561127 -0.1888659111462182
0.6868797965411244 -0.30341955960395545 -0.15585619690663652
0.720025371686682 -0.2598480236913453 -0.16513758245071625
0.6205886462500091 -0.3905626314291758 -0.137293425818477
0.6537693590180831 -0.29218702690490983 -0.11356509712297505
0.6868797965411244 -0.30341955960395545 -0.15585619690663652
0.6868446589186081 -0.35822362821561127 -0.1888659111462182
-0.3410139412596226 0.8928503142421993 -0.2967197189439788
-0.387106379183028 0.9640943404371487 -0.28532655220146635
-0.33695246789642797 0.9975719665948312 -0.2855576623055452
-0.28882929329142526 0.9786887665761976 -0.2913698007288408
-0.4331988171064334 1.035338366632098 -0.2739333854589539
-0.33492173121483065 1.049932792771147 -0.2799766339863283
-0.33695246789642797 0.9975719665948312 -0.2855576623055452
-0.387106379183028 0.9640943404371487 -0.28532655220146635
-0.2366446453232279 1.064527218910196 -0.2860198825137028
-0.28882929329142526 0.9786887665761976 -0.2913698007288408
-0.33695246789642797 0.9975719665948312 -0.2855576623055452
-0.33492173121483065 1.049932792771147 -0.2799766339863283
1.092705098312484 -2.676355602120756e-16 0.285316954888546
1.046352549156244 0.07544625760076987 0.29255165025808927
1.0000000000000016 0.05029750506717984 0.2901400851349083
1.0000000000000002 -2.4492935982947074e-16 0.28531695488854614
1.000000000000004 0.15089251520154 0.2997863456276325
0.9536474508437602 0.0754462576007699 0.2925516502580894
1.0000000000000016 0.05029750506717984 0.2901400851349083
1.046352549156244 0.07544625760076987 0.29255165025808927
0.9072949016875165 -2.222231594468659e-16 0.2853169548885463
1.0000000000000002 -2.4492935982947074e-16 0.28531695488854614
1.0000000000000016 0.05029750506717984 0.2901400851349083
0.9536474508437602 0.0754462576007699 0.2925516502580894
1.092705098312482 -2.676355602120751e-16 -0.2853169548885466
1.0483574461784029 -0.07697913272322938 -0.2924517357073513
1.0013365980147733 -0.05131942181548633 -0.29007347543441603
0.999999999999998 -2.449293598294702e-16 -0.285316954888546
1.004009794044324 -0.1539582654464585 -0.299586516526156
0.9556523478659189 -0.07697913272322936 -0.2924517357073507
1.0013365980147733 -0.05131942181548633 -0.29007347543441603
1.0483574461784029 -0.07697913272322938 -0.2924517357073513
0.9072949016875139 -2.222231594468653e-16 -0.2853169548885455
0.999999999999998 -2.449293598294702e-16 -0.285316954888546
1.0013365980147733 -0.05131942181548633 -0.29007347543441603
0.9556523478659189 -0.07697913272322936 -0.2924517357073507
0.8315717411648943 0.9330957187038333 0.1660245482775931
0.7587164382557918 0.9901165538134067 0.16458598508225375
0.7274879305386416 0.9604650057181564 0.2013781726658059
0.7483013281346177 0.9171288141157448 0.22049354805525165
0.6858611353466892 1.04713738892298 0.1631474218869144
0.6754460252255152 0.9741496492253181 0.2190549848599123
0.7274879305386416 0.9604650057181564 0.2013781726658059
0.7587164382557918 0.9901165538134067 0.16458598508225375
0.6650309151043411 0.9011619095276562 0.2749625478329102
0.7483013281346177 0.9171288141157448 0.22049354805525165
0.7274879305386416 0.9604650057181564 0.2013781726658059
0.6754460252255152 0.9741496492253181 0.2190549848599123
1.080394716610322 -0.6389082404169869 -0.1577571061472756
1.046276386243692 -0.568221695822335 -0.21457947817905249
1.0857233135099928 -0.5354701898606599 -0.19526196931205528
1.1225059423264585 -0.5544377091771482 -0.15719202886266825
1.012158055877062 -0.497535151227683 -0.2714018502108294
1.0883876119598286 -0.48375116458249623 -0.21401440089444515
1.0857233135099928 -0.5354701898606599 -0.19526196931205528
1.046276386243692 -0.568221695822335 -0.21457947817905249
1.164617168042595 -0.4699671779373095 -0.1566269515780609
1.1225059423264585 -0.5544377091771482 -0.15719202886266825
1.0857233135099928 -0.5354701898606599 -0.19526196931205528
1.0883876119598286 -0.48375116458249623 -0.21401440089444515
1.085157373847568 0.3303471558728229 -0.268247070393255
1.1556388385422176 0.31224979241188777 -0.20815972479434186
1.1612551704449388 0.261621074908105 -0.21790952871738156
1.1288226040489744 0.2453553978866812 -0.252828103478358
1.226120303236867 0.2941524289509527 -0.1480723791954287
1.199304068743624 0.2272580344257461 -0.19274075787944484
1.1612551704449388 0.261621074908105 -0.21790952871738156
1.1556388385422176 0.31224979241188777 -0.20815972479434186
1.172487834250381 0.1603636399005395 -0.237409136563461
1.1288226040489744 0.2453553978866812 -0.252828103478358
1.1612551704449388 0.261621074908105 -0.21790952871738156
1.199304068743624 0.2272580344257461 -0.19274075787944484
1.284764550914453 0.1984440694845365 -7.347880794884119e-17
1.2554424270756601 0.24629824921774462 -0.0740361895977144
1.2501000546075767 0.29494442553641287 -0.049357459731809626
1.2620899302929316 0.29534042382914294 -7.347880794884119e-17
1.226120303236867 0.2941524289509527 -0.1480723791954287
1.2327678064541385 0.3431946035623511 -0.0740361895977144
1.2501000546075767 0.29494442553641287 -0.049357459731809626
1.2554424270756601 0.24629824921774462 -0.0740361895977144
1.23941530967141 0.3922367781737494 -7.347880794884119e-17
1.2620899302929316 0.29534042382914294 -7.347880794884119e-17
1.2501000546075767 0.29494442553641287 -0.049357459731809626
1.2327678064541385 0.3431946035623511 -0.0740361895977144
1.284764550914453 -0.1984440694845376 -7.347880794884119e-17
1.2534177901354655 -0.25026725193433436 0.07581890118848161
1.248750296647447 -0.29759042734747293 0.05054593412565438
1.2620899302929316 -0.2953404238291438 -7.347880794884119e-17
1.222071029356478 -0.3020904343841311 0.1516378023769633
1.2307431695139441 -0.3471636062789406 0.07581890118848161
1.248750296647447 -0.29759042734747293 0.05054593412565438
1.2534177901354655 -0.25026725193433436 0.07581890118848161
1.23941530967141 -0.3922367781737501 -7.347880794884119e-17
1.2620899302929316 -0.2953404238291438 -7.347880794884119e-17
1.248750296647447 -0.29759042734747293 0.05054593412565438
1.2307431695139441 -0.3471636062789406 0.07581890118848161
0.8185376381759554 0.1588549647122785 0.2497615140603893
0.761961108768118 0.1435107681871817 0.17456356827859035
0.7604057064079174 0.09567384545812108 0.17515423741497438
0.7879162699317358 0.07942748235613915 0.21304854487406588
0.7053845793602807 0.1281665716620849 0.09936562249679139
0.7313397405238984 0.06408328583104235 0.13785059909226693
0.7604057064079174 0.09567384545812108 0.17515423741497438
0.761961108768118 0.1435107681871817 0.17456356827859035
0.7572949016875162 -1.854837554724452e-16 0.1763355756877425
0.7879162699317358 0.07942748235613915 0.21304854487406588
0.7604057064079174 0.09567384545812108 0.17515423741497438
0.7313397405238984 0.06408328583104235 0.13785059909226693
0.3311928715565076 -1.205193122614695 0.1660245482774925
0.4257532718521032 -1.1829247316849065 0.1463462453276618
0.44552246900030285 -1.1462906959438948 0.17816629290929317
0.408126867426605 -1.1391078735382831 0.2039154681750242
0.5203136721476989 -1.160656340755118 0.1266679423778311
0.5026872677222005 -1.1168394826084946 0.1842371652251935
0.44552246900030285 -1.1462906959438948 0.17816629290929317
0.4257532718521032 -1.1829247316849065 0.1463462453276618
0.4850608632967023 -1.073022624461871 0.2418063880725559
0.408126867426605 -1.1391078735382831 0.2039154681750242
0.44552246900030285 -1.1462906959438948 0.17816629290929317
0.5026872677222005 -1.1168394826084946 0.1842371652251935
-0.9758124653413066 -0.3310194034314499 -0.2984528090656202
-1.0286463382990494 -0.3835989749487612 -0.2741283295848245
-1.0569550991103753 -0.33752026718473765 -0.27114558563568547
-1.0446925430371667 -0.28819112754407017 -0.28181645340151384
-1.081480211256792 -0.4361785464660725 -0.2498038501040288
-1.0975264159949094 -0.34077069906138147 -0.2574919739207181
-1.0569550991103753 -0.33752026718473765 -0.27114558563568547
-1.0286463382990494 -0.3835989749487612 -0.2741283295848245
-1.113572620733027 -0.2453628516566904 -0.2651800977374074
-1.0446925430371667 -0.28819112754407017 -0.28181645340151384
-1.0569550991103753 -0.33752026718473765 -0.27114558563568547
-1.0975264159949094 -0.34077069906138147 -0.2574919739207181
1.170706868457713 -0.158113697734397 -0.2389922397474112
1.198540033949024 -0.22942181397701772 -0.19192690865980266
1.1606079587517464 -0.2613422986230605 -0.21767954915399457
1.1277253384074521 -0.24164848282477158 -0.2540885349448948
1.226373199440335 -0.3007299302196384 -0.1448615775721941
1.155558503898763 -0.31295659906739226 -0.20702320385728623
1.1606079587517464 -0.2613422986230605 -0.21767954915399457
1.198540033949024 -0.22942181397701772 -0.19192690865980266
1.084743808357191 -0.3251832679151462 -0.2691848301423784
1.1277253384074521 -0.24164848282477158 -0.2540885349448948
1.1606079587517464 -0.2613422986230605 -0.21767954915399457
1.155558503898763 -0.31295659906739226 -0.20702320385728623
0.818537638175965 0.1588549647132312 -0.2497615140605163
0.8588025231795052 0.23833787851366578 -0.2730749140382723
0.9030532868442208 0.21346224961224658 -0.28203617079617066
0.9050462261748085 0.1612829782613197 -0.2748600991862418
0.8990674081830454 0.3178207923141003 -0.2963883140160283
0.9453111111783488 0.24076589206175425 -0.2981734991639978
0.9030532868442208 0.21346224961224658 -0.28203617079617066
0.8588025231795052 0.23833787851366578 -0.2730749140382723
0.991554814173652 0.1637109918094082 -0.2999586843119673
0.9050462261748085 0.1612829782613197 -0.2748600991862418
0.9030532868442208 0.21346224961224658 -0.28203617079617066
0.9453111111783488 0.24076589206175425 -0.2981734991639978
-0.2292562621494807 -0.9033718399045282 -0.2921936048768397
-0.31644631170731735 -0.9031762434259608 -0.2959975550032438
-0.3205873588908332 -0.840378931604882 -0.26768833261607217
-0.2790628577036728 -0.8090780739336263 -0.2516317463592843
-0.403636361265154 -0.9029806469473934 -0.2998015051296479
-0.3662529072615094 -0.8088824774550589 -0.2554356964856884
-0.3205873588908332 -0.840378931604882 -0.26768833261607217
-0.31644631170731735 -0.9031762434259608 -0.2959975550032438
-0.3288694532578648 -0.7147843079627243 -0.2110698878417289
-0.2790628577036728 -0.8090780739336263 -0.2516317463592843
-0.3205873588908332 -0.840378931604882 -0.26768833261607217
-0.3662529072615094 -0.8088824774550589 -0.2554356964856884
-0.2379644527649984 -1.227009413243378 0.1660245482774925
-0.1268681079371562 -1.246679916977186 0.15194181552851865
-0.10627988306507263 -1.2165765687216255 0.1862601698995625
-0.15153394304295192 -1.191689642726941 0.21046071345957135
-0.01577176310931397 -1.266350420710994 0.1378590827795448
-0.04043759821510973 -1.2113601464607489 0.19637798071059753
-0.10627988306507263 -1.2165765687216255 0.1862601698995625
-0.1268681079371562 -1.246679916977186 0.15194181552851865
-0.06510343332090548 -1.156369872210504 0.2548968786416502
-0.15153394304295192 -1.191689642726941 0.21046071345957135
-0.10627988306507263 -1.2165765687216255 0.1862601698995625
-0.04043759821510973 -1.2113601464607489 0.19637798071059753
-0.982159675751437 -0.1225719411923596 -0.299825818186928
-1.045757794032593 -0.03596084014038915 -0.28936468276033633
-1.0069207524680837 0.00802864920107114 -0.2904742732689158
-0.9557031725452511 -0.01328215665418394 -0.2962596362365013
-1.109355912313749 0.05065026091158129 -0.2789035473337447
-1.019301290826407 0.0733289443977865 -0.28579850080990965
-1.0069207524680837 0.00802864920107114 -0.2904742732689158
-1.045757794032593 -0.03596084014038915 -0.28936468276033633
-0.9292466693390651 0.09600762788399173 -0.2926934542860747
-0.9557031725452511 -0.01328215665418394 -0.2962596362365013
-1.0069207524680837 0.00802864920107114 -0.2904742732689158
-1.019301290826407 0.0733289443977865 -0.28579850080990965
-0.594837791571095 -0.8318042133907992 0.2991468021270587
-0.6121558075809905 -0.9013767168798588 0.27734870193612615
-0.5594014799585026 -0.8947728720013023 0.2848594798395262
-0.5243653081423109 -0.8566846978174942 0.2995139188866925
-0.629473823590886 -0.9709492203689184 0.2555506017451937
-0.5416833241522064 -0.9262572013065538 0.27771581869576
-0.5594014799585026 -0.8947728720013023 0.2848594798395262
-0.6121558075809905 -0.9013767168798588 0.27734870193612615
-0.4538928247135268 -0.8815651822441891 0.2998810356463263
-0.5243653081423109 -0.8566846978174942 0.2995139188866925
-0.5594014799585026 -0.8947728720013023 0.2848594798395262
-0.5416833241522064 -0.9262572013065538 0.27771581869576
0.8990674081830454 0.3178207923141003 -0.2963883140160283
0.8196685111479084 0.3186263062533064 -0.2627150622166207
0.8242924297567863 0.3679782120234811 -0.2740266579039679
0.8663038375787937 0.3922514079389653 -0.29651908164734525
0.7402696141127714 0.3194318201925125 -0.2290418104172132
0.7869049405436567 0.39305692187817143 -0.2628458298479377
0.8242924297567863 0.3679782120234811 -0.2740266579039679
0.8196685111479084 0.3186263062533064 -0.2627150622166207
0.833540266974542 0.4666820235638303 -0.2966498492786622
0.8663038375787937 0.3922514079389653 -0.29651908164734525
0.8242924297567863 0.3679782120234811 -0.2740266579039679
0.7869049405436567 0.39305692187817143 -0.2628458298479377
0.1217260936991987 -1.189555379905481 0.2273217888464258
0.13918815466617185 -1.2292481345787285 0.1693313278515767
0.20318972696295043 -1.221229797257384 0.16822906799354864
0.22645948262785315 -1.197374251260088 0.19667316856195916
0.156650215633145 -1.268940889251976 0.1113408668567276
0.24392154359482632 -1.2370670059333355 0.13868270756711004
0.20318972696295043 -1.221229797257384 0.16822906799354864
0.13918815466617185 -1.2292481345787285 0.1693313278515767
0.3311928715565076 -1.205193122614695 0.1660245482774925
0.22645948262785315 -1.197374251260088 0.19667316856195916
0.20318972696295043 -1.221229797257384 0.16822906799354864
0.24392154359482632 -1.2370670059333355 0.13868270756711004
-0.04592940391359098 1.261203130522203 -0.1460666886900213
0.05486054604831765 1.265645791431294 -0.12741434482248565
0.06831988800899386 1.2415662951273834 -0.16030246253652738
0.024654584008377636 1.2273052165208824 -0.18607269332731607
0.1556504960102263 1.270088452340385 -0.10876200095495
0.12544453397028626 1.2317478774299735 -0.16742034945978046
0.06831988800899386 1.2415662951273834 -0.16030246253652738
0.05486054604831765 1.265645791431294 -0.12741434482248565
0.09523857193034625 1.193407302519562 -0.2260786979646109
0.024654584008377636 1.2273052165208824 -0.18607269332731607
0.06831988800899386 1.2415662951273834 -0.16030246253652738
0.12544453397028626 1.2317478774299735 -0.16742034945978046
1.284764550914453 0.1984440694845365 -7.347880794884119e-17
1.273467135203467 0.17264589137056274 0.06467306760328521
1.282311423468978 0.11509726091370838 0.04311537840219012
1.2923822754572265 0.0992220347422681 -7.347880794884119e-17
1.262169719492481 0.146847713256589 0.1293461352065705
1.2810848597462405 0.07342385662829434 0.06467306760328521
1.282311423468978 0.11509726091370838 0.04311537840219012
1.273467135203467 0.17264589137056274 0.06467306760328521
1.3 -3.184081677783119e-16 -7.347880794884119e-17
1.2923822754572265 0.0992220347422681 -7.347880794884119e-17
1.282311423468978 0.11509726091370838 0.04311537840219012
1.2810848597462405 0.07342385662829434 0.06467306760328521
1.284764550914453 -0.1984440694845376 -7.347880794884119e-17
1.2734671352040956 -0.1726458913684798 -0.06467306760248365
1.282311423469397 -0.11509726091231998 -0.043115378401655795
1.2923822754572265 -0.09922203474226896 -7.347880794884119e-17
1.262169719493738 -0.146847713252422 -0.1293461352049672
1.2810848597468691 -0.07342385662621115 -0.06467306760248365
1.282311423469397 -0.11509726091231998 -0.043115378401655795
1.2734671352040956 -0.1726458913684798 -0.06467306760248365
1.3 -3.184081677783119e-16 -7.347880794884119e-17
1.2923822754572265 -0.09922203474226896 -7.347880794884119e-17
1.282311423469397 -0.11509726091231998 -0.043115378401655795
1.2810848597468691 -0.07342385662621115 -0.06467306760248365
0.5998964206596477 -0.456561426512185 0.1715265386637756
0.6723755795047789 -0.4652834037672519 0.22386158162823364
0.6871647349290849 -0.41394677321078643 0.2177337681789708
0.6583197332186724 -0.38391746930502024 0.18850233997211036
0.7448547383499101 -0.4740053810223188 0.2761966245926917
0.7307988920638037 -0.3926394465600871 0.24083738293656837
0.6871647349290849 -0.41394677321078643 0.2177337681789708
0.6723755795047789 -0.4652834037672519 0.22386158162823364
0.7167430457776972 -0.3112735120978554 0.2054781412804451
0.6583197332186724 -0.38391746930502024 0.18850233997211036
0.6871647349290849 -0.41394677321078643 0.2177337681789708
0.7307988920638037 -0.3926394465600871 0.24083738293656837
0.818537638175965 0.1588549647132312 -0.2497615140605163
0.9050462261748085 0.1612829782613197 -0.2748600991862418
0.9057957846790435 0.1075219855075464 -0.2783457177536764
0.8629162699317394 0.0794274823566155 -0.26753923447453093
0.991554814173652 0.1637109918094082 -0.2999586843119673
0.949424857930583 0.08185549590470399 -0.2926378196002564
0.9057957846790435 0.1075219855075464 -0.2783457177536764
0.9050462261748085 0.1612829782613197 -0.2748600991862418
0.9072949016875139 -2.222231594468653e-16 -0.2853169548885455
0.8629162699317394 0.0794274823566155 -0.26753923447453093
0.9057957846790435 0.1075219855075464 -0.2783457177536764
0.949424857930583 0.08185549590470399 -0.2926378196002564
-0.7194319227552466 0.4491238195751748 0.2587085827246993
-0.8082656502310137 0.46919369809708045 0.2789561117911781
-0.8369233356109174 0.41984606579076794 0.2845809728081476
-0.8068353145629856 0.3851373103766589 0.27726963878339295
-0.8970993777067807 0.4892635766189861 0.2992036408576568
-0.8956690420387527 0.40520718889856455 0.2975171678498717
-0.8369233356109174 0.41984606579076794 0.2845809728081476
-0.8082656502310137 0.46919369809708045 0.2789561117911781
-0.8942387063707247 0.321150801178143 0.2958306948420866
-0.8068353145629856 0.3851373103766589 0.27726963878339295
-0.8369233356109174 0.41984606579076794 0.2845809728081476
-0.8956690420387527 0.40520718889856455 0.2975171678498717
-0.5532476459103886 0.8519558510866266 0.2995820310349577
-0.4752237619807588 0.8388511407703395 0.29383620425307133
-0.4670240082014951 0.8964477944665834 0.2892545685222742
-0.5019360732766781 0.9317984764728489 0.2898366640478188
-0.397199878051129 0.8257464304540524 0.288090377471185
-0.42391218934704833 0.9186937661565617 0.2840908372659324
-0.4670240082014951 0.8964477944665834 0.2892545685222742
-0.4752237619807588 0.8388511407703395 0.29383620425307133
-0.4506245006429676 1.011641101859071 0.2800912970606799
-0.5019360732766781 0.9317984764728489 0.2898366640478188
-0.4670240082014951 0.8964477944665834 0.2892545685222742
-0.42391218934704833 0.9186937661565617 0.2840908372659324
-0.9015774240981834 0.3034374987560044 -0.2960159906578091
-0.9768992925200541 0.35968407685889037 -0.282843287794468
-0.9493498090462817 0.4088207434261912 -0.2881249998684738
-0.8979141330984602 0.4052657876583986 -0.2973522073371472
-1.052221160941925 0.4159306549617763 -0.2696705849311269
-0.973236001520331 0.4615123657612845 -0.28417950447380613
-0.9493498090462817 0.4088207434261912 -0.2881249998684738
-0.9768992925200541 0.35968407685889037 -0.282843287794468
-0.8942508420987371 0.5070940765607928 -0.2986884240164853
-0.8979141330984602 0.4052657876583986 -0.2973522073371472
-0.9493498090462817 0.4088207434261912 -0.2881249998684738
-0.973236001520331 0.4615123657612845 -0.28417950447380613
1.23941530967141 -0.3922367781737501 -7.347880794884119e-17
1.2328942545558725 -0.34648335419669424 -0.07243078878609709
1.250184353342066 -0.2971369259593087 -0.04828719252406475
1.2620899302929316 -0.2953404238291438 -7.347880794884119e-17
1.226373199440335 -0.3007299302196384 -0.1448615775721941
1.255568875177394 -0.249586999852088 -0.07243078878609709
1.250184353342066 -0.2971369259593087 -0.04828719252406475
1.2328942545558725 -0.34648335419669424 -0.07243078878609709
1.284764550914453 -0.1984440694845376 -7.347880794884119e-17
1.2620899302929316 -0.2953404238291438 -7.347880794884119e-17
1.250184353342066 -0.2971369259593087 -0.04828719252406475
1.255568875177394 -0.249586999852088 -0.07243078878609709
1.23941530967141 0.3922367781737494 -7.347880794884119e-17
1.2322832800847425 0.3450753215952266 0.0740880091144825
1.2497770370279795 0.2961982375583299 0.04939200607632164
1.2620899302929316 0.29534042382914294 -7.347880794884119e-17
1.225151250498075 0.2979138650167037 0.1481760182289651
1.254957900706264 0.2481789672506201 0.0740880091144825
1.2497770370279795 0.2961982375583299 0.04939200607632164
1.2322832800847425 0.3450753215952266 0.0740880091144825
1.284764550914453 0.1984440694845365 -7.347880794884119e-17
1.2620899302929316 0.29534042382914294 -7.347880794884119e-17
1.2497770370279795 0.2961982375583299 0.04939200607632164
1.254957900706264 0.2481789672506201 0.0740880091144825
0.8425174578886259 0.4181219617812107 0.2940534395782373
0.9333117608149539 0.4309899410759191 0.28532702851963787
0.9316230054949708 0.4839991123043998 0.284511756587603
0.8853814763718151 0.5040697082712859 0.28846732615088533
1.024106063741282 0.4438579203706275 0.2766006174610385
0.9761757792981431 0.5169376875659943 0.2797409150922859
0.9316230054949708 0.4839991123043998 0.284511756587603
0.9333117608149539 0.4309899410759191 0.28532702851963787
0.9282454948550044 0.5900174547613611 0.2828812127235333
0.8853814763718151 0.5040697082712859 0.28846732615088533
0.9316230054949708 0.4839991123043998 0.284511756587603
0.9761757792981431 0.5169376875659943 0.2797409150922859
0.5940067295585165 -0.82790612222037 0.2994004801528212
0.6466812088679021 -0.8741037807816125 0.27786240440075227
0.6868353354015387 -0.8380466030875996 0.28123687078648923
0.6805751590136642 -0.7969191849599718 0.2936931418553922
0.6993556881772879 -0.9203014393428551 0.2563243286486833
0.7332496383230498 -0.8431168435212144 0.2721550661033232
0.6868353354015387 -0.8380466030875996 0.28123687078648923
0.6466812088679021 -0.8741037807816125 0.27786240440075227
0.7671435884688117 -0.7659322476995737 0.2879858035579631
0.6805751590136642 -0.7969191849599718 0.2936931418553922
0.6868353354015387 -0.8380466030875996 0.28123687078648923
0.7332496383230498 -0.8431168435212144 0.2721550661033232
-1.126346696981556 0.5540268985801358 -0.1576628660745983
-1.0688768645597075 0.5667919794678369 -0.20387861833576865
-1.06332496335378 0.51650487129915 -0.2258092738675547
-1.0892839289617404 0.484978776770956 -0.2136667255028626
-1.011407032137859 0.5795570603555379 -0.250094370596939
-1.0318140965398919 0.4977438576586571 -0.25988247776403295
-1.06332496335378 0.51650487129915 -0.2258092738675547
-1.0688768645597075 0.5667919794678369 -0.20387861833576865
-1.052221160941925 0.4159306549617763 -0.2696705849311269
-1.0892839289617404 0.484978776770956 -0.2136667255028626
-1.06332496335378 0.51650487129915 -0.2258092738675547
-1.0318140965398919 0.4977438576586571 -0.25988247776403295
0.7579108953916528 0.6440733692061125 -0.2999516696305128
0.7942055031437816 0.7124208887164988 -0.2826720831761286
0.840018351944357 0.6874480273407028 -0.27875000077940815
0.8447774724685804 0.6407878368976115 -0.28542875280824004
0.8305001108959104 0.7807684082268851 -0.2653924967217443
0.8810720802207093 0.7091353564079979 -0.2681491663538558
0.840018351944357 0.6874480273407028 -0.27875000077940815
0.7942055031437816 0.7124208887164988 -0.2826720831761286
0.9316440495455081 0.6375023045891106 -0.2709058359859673
0.8447774724685804 0.6407878368976115 -0.28542875280824004
0.840018351944357 0.6874480273407028 -0.27875000077940815
0.8810720802207093 0.7091353564079979 -0.2681491663538558
0.4850608632967023 -1.073022624461871 0.2418063880725559
0.4510770580307852 -0.993915435539316 0.2708788394416951
0.3910087723584584 -1.0041649356979476 0.2785748460213175
0.37796653215525355 -1.048843280238541 0.26788662362655913
0.4170932527648681 -0.9148082466167611 0.2999512908108343
0.3439827268893365 -0.969736091315986 0.2969590749956983
0.3910087723584584 -1.0041649356979476 0.2785748460213175
0.4510770580307852 -0.993915435539316 0.2708788394416951
0.2708722010138049 -1.024663936015211 0.2939668591805623
0.37796653215525355 -1.048843280238541 0.26788662362655913
0.3910087723584584 -1.0041649356979476 0.2785748460213175
0.3439827268893365 -0.969736091315986 0.2969590749956983
-0.1490884530179223 -1.291422716687577 -7.347880794884119e-17
-0.08243010806361814 -1.2788865686992854 0.06892954138977236
-0.13427488963074488 -1.2615941835473163 0.10129454368567907
-0.19352645289146037 -1.2592160649654773 0.0830122741387462
-0.01577176310931397 -1.266350420710994 0.1378590827795448
-0.1268681079371562 -1.246679916977186 0.15194181552851865
-0.13427488963074488 -1.2615941835473163 0.10129454368567907
-0.08243010806361814 -1.2788865686992854 0.06892954138977236
-0.2379644527649984 -1.227009413243378 0.1660245482774925
-0.19352645289146037 -1.2592160649654773 0.0830122741387462
-0.13427488963074488 -1.2615941835473163 0.10129454368567907
-0.1268681079371562 -1.246679916977186 0.15194181552851865
0.09118478838114523 0.9272543332408619 0.2921280575125165
-0.0005853249473607158 0.9593332283109403 0.29604865213411
-0.029072638207608362 0.9139706470793149 0.27923498015208487
0.002568761826520785 0.8752499089284629 0.26886784685027554
-0.09235543827586666 0.9914121233810186 0.2999692467557036
-0.08920135150198516 0.9073288039985412 0.27278844147186904
-0.029072638207608362 0.9139706470793149 0.27923498015208487
-0.0005853249473607158 0.9593332283109403 0.29604865213411
-0.08604726472810366 0.8232454846160637 0.2456076361880345
0.002568761826520785 0.8752499089284629 0.26886784685027554
-0.029072638207608362 0.9139706470793149 0.27923498015208487
-0.08920135150198516 0.9073288039985412 0.27278844147186904
0.8185376381759554 0.1588549647122785 0.2497615140603893
0.7765665830783074 0.2152919403879059 0.22858193566103235
0.7528392485056319 0.18625015081263221 0.18550983127295204
0.761961108768118 0.1435107681871817 0.17456356827859035
0.7345955279806594 0.2717289160635333 0.2074023572616754
0.71999005367047 0.19994774386280909 0.1533839898792334
0.7528392485056319 0.18625015081263221 0.18550983127295204
0.7765665830783074 0.2152919403879059 0.22858193566103235
0.7053845793602807 0.1281665716620849 0.09936562249679139
0.761961108768118 0.1435107681871817 0.17456356827859035
0.7528392485056319 0.18625015081263221 0.18550983127295204
0.71999005367047 0.19994774386280909 0.1533839898792334
-0.6069688850756709 -0.9601516644629136 -0.2674456310022321
-0.606598116366873 -1.0337015062780488 -0.20648034814916366
-0.6559779602602632 -1.0224807263054085 -0.19145558529438556
-0.6808532665613574 -0.9800954154115208 -0.2144258452935307
-0.6062273476580752 -1.107251348093184 -0.1455150652960952
-0.6804824978525594 -1.053645257226656 -0.15346056244046224
-0.6559779602602632 -1.0224807263054085 -0.19145558529438556
-0.606598116366873 -1.0337015062780488 -0.20648034814916366
-0.7547376480470438 -1.000039166360128 -0.1614060595848293
-0.6808532665613574 -0.9800954154115208 -0.2144258452935307
-0.6559779602602632 -1.0224807263054085 -0.19145558529438556
-0.6804824978525594 -1.053645257226656 -0.15346056244046224
0.6793896791943654 -1.049099063373719 0.1660245482775935
0.5998516756710321 -1.1048777020644185 0.1463462453277123
0.606913038469335 -1.117273776771021 0.09756416355180818
0.6502127216301532 -1.0955824947789725 0.08301227413879671
0.5203136721476989 -1.160656340755118 0.1266679423778311
0.5706747181068199 -1.151361133469672 0.06333397118891551
0.606913038469335 -1.117273776771021 0.09756416355180818
0.5998516756710321 -1.1048777020644185 0.1463462453277123
0.6210357640659409 -1.142065926184226 -7.347880794884119e-17
0.6502127216301532 -1.0955824947789725 0.08301227413879671
0.606913038469335 -1.117273776771021 0.09756416355180818
0.5706747181068199 -1.151361133469672 0.06333397118891551
0.4394219419310522 -1.223482062373431 -7.347880794884119e-17
0.45637972004277294 -1.1961262769443075 -0.0739746002655715
0.5112650680504957 -1.1781061600242804 -0.04931640017704769
0.5302288529984965 -1.1827739942788287 -7.347880794884119e-17
0.4733374981544937 -1.168770491515184 -0.1479492005311429
0.5471866311102173 -1.1554182088497051 -0.0739746002655715
0.5112650680504957 -1.1781061600242804 -0.04931640017704769
0.45637972004277294 -1.1961262769443075 -0.0739746002655715
0.6210357640659409 -1.142065926184226 -7.347880794884119e-17
0.5302288529984965 -1.1827739942788287 -7.347880794884119e-17
0.5112650680504957 -1.1781061600242804 -0.04931640017704769
0.5471866311102173 -1.1554182088497051 -0.0739746002655715
0.9689953224409157 0.795340722068825 -0.160268084041613
0.899747716668413 0.788054565147855 -0.21283029038167867
0.8792845029754135 0.8354070299927437 -0.19605295983904428
0.903676699015165 0.8627263408756729 -0.16138319139769425
0.8305001108959104 0.7807684082268851 -0.2653924967217443
0.8344290932426623 0.855440183954703 -0.2139453977377599
0.8792845029754135 0.8354070299927437 -0.19605295983904428
0.899747716668413 0.788054565147855 -0.21283029038167867
0.8383580755894142 0.9301119596825209 -0.1624982987537755
0.903676699015165 0.8627263408756729 -0.16138319139769425
0.8792845029754135 0.8354070299927437 -0.19605295983904428
0.8344290932426623 0.855440183954703 -0.2139453977377599
1.23941530967141 0.3922367781737494 -7.347880794884119e-17
1.2327678064541385 0.3431946035623511 -0.0740361895977144
1.2082648821663835 0.38453752447004086 -0.10469897582480424
1.199337171631142 0.42973007222958487 -0.083012274139492
1.226120303236867 0.2941524289509527 -0.1480723791954287
1.1926896684138706 0.38068789761818655 -0.15704846373720632
1.2082648821663835 0.38453752447004086 -0.10469897582480424
1.2327678064541385 0.3431946035623511 -0.0740361895977144
1.159259033590874 0.4672233662854203 -0.1660245482789839
1.199337171631142 0.42973007222958487 -0.083012274139492
1.2082648821663835 0.38453752447004086 -0.10469897582480424
1.1926896684138706 0.38068789761818655 -0.15704846373720632
0.4394219419310522 -1.223482062373431 -7.347880794884119e-17
0.47986780703937554 -1.1920692015642746 0.06333397118891551
0.43030949521175293 -1.1964438419144148 0.09756416355177451
0.38530740674377995 -1.2143375924940631 0.0830122741387462
0.5203136721476989 -1.160656340755118 0.1266679423778311
0.4257532718521032 -1.1829247316849065 0.1463462453276618
0.43030949521175293 -1.1964438419144148 0.09756416355177451
0.47986780703937554 -1.1920692015642746 0.06333397118891551
0.3311928715565076 -1.205193122614695 0.1660245482774925
0.38530740674377995 -1.2143375924940631 0.0830122741387462
0.43030949521175293 -1.1964438419144148 0.09756416355177451
0.4257532718521032 -1.1829247316849065 0.1463462453276618
1.23941530967141 -0.3922367781737501 -7.347880794884119e-17
1.2307431695139441 -0.3471636062789406 0.07581890118848161
1.206915124206559 -0.3871835262812238 0.10588745021815389
1.1993371716315995 -0.4297300722297702 0.0830122741387492
1.222071029356478 -0.3020904343841311 0.1516378023769633
1.1906650314741336 -0.3846569003349607 0.1588311753272309
1.206915124206559 -0.3871835262812238 0.10588745021815389
1.2307431695139441 -0.3471636062789406 0.07581890118848161
1.159259033591789 -0.4672233662857903 0.1660245482774985
1.1993371716315995 -0.4297300722297702 0.0830122741387492
1.206915124206559 -0.3871835262812238 0.10588745021815389
1.1906650314741336 -0.3846569003349607 0.1588311753272309
1.3 -3.184081677783119e-16 -7.347880794884119e-17
1.281738313046823 0.06704298490760895 -0.06479004647141909
1.2827470590026995 0.11084334643325146 -0.04319336431427942
1.2923822754572265 0.0992220347422681 -7.347880794884119e-17
1.263476626093646 0.1340859698152182 -0.1295800929428381
1.2741205885040494 0.16626501964987733 -0.06479004647141909
1.2827470590026995 0.11084334643325146 -0.04319336431427942
1.281738313046823 0.06704298490760895 -0.06479004647141909
1.284764550914453 0.1984440694845365 -7.347880794884119e-17
1.2923822754572265 0.0992220347422681 -7.347880794884119e-17
1.2827470590026995 0.11084334643325146 -0.04319336431427942
1.2741205885040494 0.16626501964987733 -0.06479004647141909
1.3 -3.184081677783119e-16 -7.347880794884119e-17
1.281738313046848 -0.06704298490761415 0.06479004647136696
1.2827470590027163 -0.11084334643325529 0.043193364314244614
1.2923822754572265 -0.09922203474226896 -7.347880794884119e-17
1.263476626093696 -0.134085969815228 0.129580092942734
1.2741205885040745 -0.1662650196498828 0.06479004647136696
1.2827470590027163 -0.11084334643325529 0.043193364314244614
1.281738313046848 -0.06704298490761415 0.06479004647136696
1.284764550914453 -0.1984440694845376 -7.347880794884119e-17
1.2923822754572265 -0.09922203474226896 -7.347880794884119e-17
1.2827470590027163 -0.11084334643325529 0.043193364314244614
1.2741205885040745 -0.1662650196498828 0.06479004647136696
-1.265804051041113 -0.2962095615740766 -7.347880794884119e-17
-1.2543533744767124 -0.2454270965877905 -0.0765006674636351
-1.235210739684773 -0.2914298643259339 -0.1026745152521548
-1.2313647605710036 -0.33982248068814863 -0.07751110541459715
-1.242902697912312 -0.1946446316015044 -0.1530013349272701
-1.219914084006603 -0.28904001570186255 -0.15401177287823214
-1.235210739684773 -0.2914298643259339 -0.1026745152521548
-1.2543533744767124 -0.2454270965877905 -0.0765006674636351
-1.196925470100894 -0.3834353998022207 -0.1550222108291942
-1.2313647605710036 -0.33982248068814863 -0.07751110541459715
-1.235210739684773 -0.2914298643259339 -0.1026745152521548
-1.219914084006603 -0.28904001570186255 -0.15401177287823214
-0.2421302948499589 1.229975927367176 -0.1603002278004466
-0.17287176341881355 1.19600286800927 -0.2048809218105365
-0.194129390720285 1.152177651642912 -0.2319272420449253
-0.2393874700865934 1.147251573138686 -0.2231600551570747
-0.1036132319876682 1.162029808651364 -0.2494616158206264
-0.17012893865544804 1.11327851378078 -0.2677407491671646
-0.194129390720285 1.152177651642912 -0.2319272420449253
-0.17287176341881355 1.19600286800927 -0.2048809218105365
-0.2366446453232279 1.064527218910196 -0.2860198825137028
-0.2393874700865934 1.147251573138686 -0.2231600551570747
-0.194129390720285 1.152177651642912 -0.2319272420449253
-0.17012893865544804 1.11327851378078 -0.2677407491671646
-1.296185541538863 -0.09951402868744211 -7.347880794884119e-17
-1.2695441197255874 -0.14707933014447325 -0.0765006674636351
-1.268297430164096 -0.19678940728767436 -0.05100044497575676
-1.280994796289988 -0.19786179513075935 -7.347880794884119e-17
-1.242902697912312 -0.1946446316015044 -0.1530013349272701
-1.2543533744767124 -0.2454270965877905 -0.0765006674636351
-1.268297430164096 -0.19678940728767436 -0.05100044497575676
-1.2695441197255874 -0.14707933014447325 -0.0765006674636351
-1.265804051041113 -0.2962095615740766 -7.347880794884119e-17
-1.280994796289988 -0.19786179513075935 -7.347880794884119e-17
-1.268297430164096 -0.19678940728767436 -0.05100044497575676
-1.2543533744767124 -0.2454270965877905 -0.0765006674636351
-0.06510343332090548 -1.156369872210504 0.2548968786416502
-0.16450542165205873 -1.1331500398086969 0.2598820796278868
-0.18899176535637197 -1.1644364976202572 0.228596235844422
-0.15153394304295192 -1.191689642726941 0.21046071345957135
-0.263907409983212 -1.10993020740689 0.2648672806141233
-0.2509359313741052 -1.168469810325134 0.2154459144458079
-0.18899176535637197 -1.1644364976202572 0.228596235844422
-0.16450542165205873 -1.1331500398086969 0.2598820796278868
-0.2379644527649984 -1.227009413243378 0.1660245482774925
-0.15153394304295192 -1.191689642726941 0.21046071345957135
-0.18899176535637197 -1.1644364976202572 0.228596235844422
-0.2509359313741052 -1.168469810325134 0.2154459144458079
0.2020004878218286 1.031238271620693 -0.2956614415035926
0.2935045834238509 1.0290202504820054 -0.2898398921169675
0.2928885217817379 0.9716697675091286 -0.2881069243864539
0.2468284431596703 0.9441035365920339 -0.2901512152145097
0.3850086790258732 1.026802229343318 -0.2840183427303423
0.3383325387616926 0.9418855154533465 -0.28432966582788455
0.2928885217817379 0.9716697675091286 -0.2881069243864539
0.2935045834238509 1.0290202504820054 -0.2898398921169675
0.291656398497512 0.856968801563375 -0.2846409889254268
0.2468284431596703 0.9441035365920339 -0.2901512152145097
0.2928885217817379 0.9716697675091286 -0.2881069243864539
0.3383325387616926 0.9418855154533465 -0.28432966582788455
0.6210357640659409 -1.142065926184226 -7.347880794884119e-17
0.6794794446977213 -1.0856180734863 -0.06899446174418264
0.7156839745506905 -1.0683722932093518 -0.04599630782945512
0.7045643991612849 -1.0879733294198406 -7.347880794884119e-17
0.7379231253295016 -1.029170220788374 -0.1379889234883652
0.7630080797930652 -1.0315254767219146 -0.06899446174418264
0.7156839745506905 -1.0683722932093518 -0.04599630782945512
0.6794794446977213 -1.0856180734863 -0.06899446174418264
0.7880930342566289 -1.033880732655455 -7.347880794884119e-17
0.7045643991612849 -1.0879733294198406 -7.347880794884119e-17
0.7156839745506905 -1.0683722932093518 -0.04599630782945512
0.7630080797930652 -1.0315254767219146 -0.06899446174418264
