x y z
0.5112832989675 1.14051241517322 -0.1660245482776514
0.4073106044140665 1.170751718798051 -0.1738683379993636
0.41801438358639653 1.1883284999898436 -0.11591222533290908
0.4753526204492783 1.1819972387733246 -0.08301227413882574
0.3033379098606331 1.200991022422882 -0.1817121277210758
0.3713799258958448 1.2122365423981556 -0.09085606386053795
0.41801438358639653 1.1883284999898436 -0.11591222533290908
0.4073106044140665 1.170751718798051 -0.1738683379993636
0.4394219419310565 1.223482062373429 -7.347880794884119e-17
0.4753526204492783 1.1819972387733246 -0.08301227413882574
0.41801438358639653 1.1883284999898436 -0.11591222533290908
0.3713799258958448 1.2122365423981556 -0.09085606386053795
0.4733374981544937 -1.168770491515184 -0.1479492005311429
0.4258661788815417 -1.1277579503164665 -0.203664629595598
0.48474140782088165 -1.1063413621859284 -0.2029225856910112
0.5379146819270276 -1.116139338720018 -0.1746938492064903
0.3783948596085897 -1.086745409117749 -0.2593800586600531
0.4904433626540756 -1.0751267975213006 -0.2304092782709454
0.48474140782088165 -1.1063413621859284 -0.2029225856910112
0.4258661788815417 -1.1277579503164665 -0.203664629595598
0.6024918656995616 -1.063508185924852 -0.2014384978818377
0.5379146819270276 -1.116139338720018 -0.1746938492064903
0.48474140782088165 -1.1063413621859284 -0.2029225856910112
0.4904433626540756 -1.0751267975213006 -0.2304092782709454
-0.6310199209367587 -0.6387753109504443 0.282090575721743
-0.6952833717393508 -0.732293054625402 0.27808268684443027
-0.6618015116832655 -0.7654634408805343 0.2851040586053064
-0.6129288562539268 -0.7352897621706218 0.29061868892440085
-0.759546822541943 -0.8258107983003596 0.2740747979671175
-0.6771923070565189 -0.8288075058455795 0.28661080004708805
-0.6618015116832655 -0.7654634408805343 0.2851040586053064
-0.6952833717393508 -0.732293054625402 0.27808268684443027
-0.594837791571095 -0.8318042133907992 0.2991468021270587
-0.6129288562539268 -0.7352897621706218 0.29061868892440085
-0.6618015116832655 -0.7654634408805343 0.2851040586053064
-0.6771923070565189 -0.8288075058455795 0.28661080004708805
0.5048275257834252 0.8649003956642577 0.2999964923787531
0.4549607100053299 0.9554370747244199 0.2871062300415077
0.3989050700735115 0.9207324581898596 0.28548673580627126
0.39581065799664994 0.8581118103924985 0.29112211985727576
0.4050938942272347 1.045973753784582 0.2742159677042624
0.3459438422185547 0.9486484894526606 0.2782318575200304
0.3989050700735115 0.9207324581898596 0.28548673580627126
0.4549607100053299 0.9554370747244199 0.2871062300415077
0.2867937902098747 0.8513232251207392 0.2822477473357984
0.39581065799664994 0.8581118103924985 0.29112211985727576
0.3989050700735115 0.9207324581898596 0.28548673580627126
0.3459438422185547 0.9486484894526606 0.2782318575200304
0.1864647546929038 0.7367353964194818 -0.1799545067345681
0.07745802302641994 0.740118629345672 -0.16832180591213214
0.07785350103762256 0.7876429309644976 -0.2047389151794697
0.1325546058764658 0.8097134653108153 -0.22876382022435646
-0.03154870864006391 0.7435018622718621 -0.1566891050896962
0.023547874209981952 0.8130966982370054 -0.2171311194019205
0.07785350103762256 0.7876429309644976 -0.2047389151794697
0.07745802302641994 0.740118629345672 -0.16832180591213214
0.07864445706002782 0.8826915342021487 -0.2775731337141448
0.1325546058764658 0.8097134653108153 -0.22876382022435646
0.07785350103762256 0.7876429309644976 -0.2047389151794697
0.023547874209981952 0.8130966982370054 -0.2171311194019205
-1.296185541538863 -0.09951402868744211 -7.347880794884119e-17
-1.2489740238472835 -0.1382159113768499 0.10475850935670711
-1.2490940793416765 -0.0894304653915365 0.12543600447085887
-1.2727598659346624 -0.0456868010541759 0.08339549734958115
-1.201762506155704 -0.1769177940662577 0.2095170187134143
-1.2255483482430831 -0.0843886837435837 0.18815400670628835
-1.2490940793416765 -0.0894304653915365 0.12543600447085887
-1.2489740238472835 -0.1382159113768499 0.10475850935670711
-1.249334190330462 0.008140426579090315 0.1667909946991624
-1.2727598659346624 -0.0456868010541759 0.08339549734958115
-1.2490940793416765 -0.0894304653915365 0.12543600447085887
-1.2255483482430831 -0.0843886837435837 0.18815400670628835
-0.8855868177914494 -0.8718764052999071 0.176271033765423
-0.9439663715231412 -0.7863901293028521 0.18842038882920664
-0.9636228922716032 -0.7999651445434101 0.1256135925528044
-0.9442613757799883 -0.8494957901622167 0.08813551688271146
-1.002345925254833 -0.7009038533057973 0.2005697438929903
-1.00264092951168 -0.7640095141651617 0.1002848719464951
-0.9636228922716032 -0.7999651445434101 0.1256135925528044
-0.9439663715231412 -0.7863901293028521 0.18842038882920664
-1.002935933768527 -0.8271151750245261 -7.347880794884119e-17
-0.9442613757799883 -0.8494957901622167 0.08813551688271146
-0.9636228922716032 -0.7999651445434101 0.1256135925528044
-1.00264092951168 -0.7640095141651617 0.1002848719464951
-0.9758124653413066 -0.3310194034314499 -0.2984528090656202
-1.0446925430371667 -0.28819112754407017 -0.28181645340151384
-1.0238482539419236 -0.23298473209349999 -0.2878195749966519
-0.9789860705463718 -0.22679567231190476 -0.2991393136262741
-1.113572620733027 -0.2453628516566904 -0.2651800977374074
-1.047866148242232 -0.183967396424525 -0.28250295796216773
-1.0238482539419236 -0.23298473209349999 -0.2878195749966519
-1.0446925430371667 -0.28819112754407017 -0.28181645340151384
-0.982159675751437 -0.1225719411923596 -0.299825818186928
-0.9789860705463718 -0.22679567231190476 -0.2991393136262741
-1.0238482539419236 -0.23298473209349999 -0.2878195749966519
-1.047866148242232 -0.183967396424525 -0.28250295796216773
0.6200462655116502 0.3530077921411719 -0.08895832171388969
0.659462106429388 0.2552486122960348 -0.09339940379544467
0.656734079263075 0.2648670087615162 -0.03598284221321168
0.6356621452210498 0.31855579691682545 -0.005054020381317692
0.6988779473471258 0.1574894324508977 -0.09784048587699964
0.6750779861387877 0.22079661707168835 -0.009495102462872669
0.656734079263075 0.2648670087615162 -0.03598284221321168
0.659462106429388 0.2552486122960348 -0.09339940379544467
0.6512780249304494 0.284103801692479 0.0788502809512543
0.6356621452210498 0.31855579691682545 -0.005054020381317692
0.656734079263075 0.2648670087615162 -0.03598284221321168
0.6750779861387877 0.22079661707168835 -0.009495102462872669
-0.2610605614444126 0.903498453398201 0.2940319749536634
-0.26871200843976983 0.9880896574859681 0.28701473749558326
-0.3293495058408358 0.9959401389436691 0.28470692401728215
-0.3558425310436901 0.957569777628636 0.28706163600717166
-0.276363455435127 1.072680861573735 0.2799975000375032
-0.3634939780390473 1.042160981716403 0.2800443985490916
-0.3293495058408358 0.9959401389436691 0.28470692401728215
-0.26871200843976983 0.9880896574859681 0.28701473749558326
-0.4506245006429676 1.011641101859071 0.2800912970606799
-0.3558425310436901 0.957569777628636 0.28706163600717166
-0.3293495058408358 0.9959401389436691 0.28470692401728215
-0.3634939780390473 1.042160981716403 0.2800443985490916
1.16428277749664 0.4627665347218596 0.1614060595848752
1.124663983271231 0.37532539783828756 0.2176086125733572
1.1581597390135123 0.34952155356442627 0.1944644144585598
1.1947170139973575 0.38034019986928164 0.15479103890692014
1.085045189045822 0.2878842609547156 0.2738111655618392
1.1550982197719484 0.29289906298570967 0.21099359189540215
1.1581597390135123 0.34952155356442627 0.1944644144585598
1.124663983271231 0.37532539783828756 0.2176086125733572
1.225151250498075 0.2979138650167037 0.1481760182289651
1.1947170139973575 0.38034019986928164 0.15479103890692014
1.1581597390135123 0.34952155356442627 0.1944644144585598
1.1550982197719484 0.29289906298570967 0.21099359189540215
-0.1352671116825261 0.887627988822079 -0.2820826333528704
-0.083407910161295 0.8155649255469706 -0.2193858692212833
-0.13931332613330769 0.7919833036542249 -0.2163449737323003
-0.19319563487992955 0.8162240243454061 -0.2461729080536023
-0.03154870864006391 0.7435018622718621 -0.1566891050896962
-0.14133643335869847 0.7441609610702976 -0.1834761439220152
-0.13931332613330769 0.7919833036542249 -0.2163449737323003
-0.083407910161295 0.8155649255469706 -0.2193858692212833
-0.251124158077333 0.7448200598687331 -0.2102631827543342
-0.19319563487992955 0.8162240243454061 -0.2461729080536023
-0.13931332613330769 0.7919833036542249 -0.2163449737323003
-0.14133643335869847 0.7441609610702976 -0.1834761439220152
0.481562432505316 -0.7804886242908715 -0.2883173743074094
0.5648392020952911 -0.7329835165637488 -0.2914613712719468
0.5961794842951679 -0.789199642425454 -0.28643023783713845
0.5702112406001187 -0.8410602592198679 -0.28234267263746554
0.6481159716852662 -0.6854784088366263 -0.2946053682364843
0.6534880101900938 -0.7935551514927452 -0.285486669602003
0.5961794842951679 -0.789199642425454 -0.28643023783713845
0.5648392020952911 -0.7329835165637488 -0.2914613712719468
0.6588600486949214 -0.9016318941488642 -0.2763679709675217
0.5702112406001187 -0.8410602592198679 -0.28234267263746554
0.5961794842951679 -0.789199642425454 -0.28643023783713845
0.6534880101900938 -0.7935551514927452 -0.285486669602003
0.9072949016875165 -2.222231594468659e-16 0.2853169548885463
0.9510653931176933 -0.092162143824611 0.29254303403699056
0.9982786281826236 -0.06144142921640743 0.29013434098750907
1.0000000000000002 -2.4492935982947074e-16 0.28531695488854614
0.9948358845478702 -0.1843242876492218 0.2997691131854348
1.043770491430177 -0.09216214382461103 0.29254303403699045
0.9982786281826236 -0.06144142921640743 0.29013434098750907
0.9510653931176933 -0.092162143824611 0.29254303403699056
1.092705098312484 -2.676355602120756e-16 0.285316954888546
1.0000000000000002 -2.4492935982947074e-16 0.28531695488854614
0.9982786281826236 -0.06144142921640743 0.29013434098750907
1.043770491430177 -0.09216214382461103 0.29254303403699045
0.6205886462500091 -0.3905626314291758 -0.137293425818477
0.6868446589186081 -0.35822362821561127 -0.1888659111462182
0.6915227493485924 -0.4026090756142591 -0.21363208085146113
0.660733788229285 -0.4409713009203654 -0.20022892304021195
0.7531006715872071 -0.3258846250020467 -0.2404383964739594
0.7269898008978839 -0.4086322977068009 -0.2518014083679532
0.6915227493485924 -0.4026090756142591 -0.21363208085146113
0.6868446589186081 -0.35822362821561127 -0.1888659111462182
0.7008789302085607 -0.491379970411555 -0.2631644202619469
0.660733788229285 -0.4409713009203654 -0.20022892304021195
0.6915227493485924 -0.4026090756142591 -0.21363208085146113
0.7269898008978839 -0.4086322977068009 -0.2518014083679532
0.4404366578558302 0.6934251674595496 0.2410999830457988
0.5399418151467278 0.7053963522840594 0.26927666809214057
0.5282370520256269 0.7585643667441255 0.27951660952101137
0.4726320918196277 0.7791627815619037 0.27054823771227593
0.6394469724376254 0.7173675371085692 0.2974533531384823
0.5721372491105252 0.7911339663864134 0.29872492275861773
0.5282370520256269 0.7585643667441255 0.27951660952101137
0.5399418151467278 0.7053963522840594 0.26927666809214057
0.5048275257834252 0.8649003956642577 0.2999964923787531
0.4726320918196277 0.7791627815619037 0.27054823771227593
0.5282370520256269 0.7585643667441255 0.27951660952101137
0.5721372491105252 0.7911339663864134 0.29872492275861773
0.2708722010138049 -1.024663936015211 0.2939668591805623
0.3439827268893365 -0.969736091315986 0.2969590749956983
0.3006531504114292 -0.9268583894172276 0.28775589495804477
0.24243309923470968 -0.932883460817461 0.28165819703165007
0.4170932527648681 -0.9148082466167611 0.2999512908108343
0.3155436251102413 -0.877955616118236 0.28465041284678605
0.3006531504114292 -0.9268583894172276 0.28775589495804477
0.3439827268893365 -0.969736091315986 0.2969590749956983
0.2139939974556145 -0.8411029856197109 0.2693495348827378
0.24243309923470968 -0.932883460817461 0.28165819703165007
0.3006531504114292 -0.9268583894172276 0.28775589495804477
0.3155436251102413 -0.877955616118236 0.28465041284678605
0.3378506900541404 1.205842521083816 0.1623452956487915
0.2878468783647279 1.17771391150435 0.20338941801158064
0.3269292169855635 1.1338005255977606 0.2269982679091412
0.37147229214068755 1.125908137434199 0.21828063167652695
0.2378430666753154 1.149585301924884 0.2444335403743698
0.3214684804512751 1.0977795278547329 0.2593247540393161
0.3269292169855635 1.1338005255977606 0.2269982679091412
0.2878468783647279 1.17771391150435 0.20338941801158064
0.4050938942272347 1.045973753784582 0.2742159677042624
0.37147229214068755 1.125908137434199 0.21828063167652695
0.3269292169855635 1.1338005255977606 0.2269982679091412
0.3214684804512751 1.0977795278547329 0.2593247540393161
-0.9082117208945133 -0.3142359949150959 0.297459092988066
-0.9403726362701215 -0.4171968278721685 0.2896300977601056
-0.8827366506852661 -0.4371382774792991 0.28778699355998466
-0.8378382002050342 -0.3956285858043282 0.2907799390739043
-0.9725335516457297 -0.5201576608292411 0.2818011025321453
-0.8699991155806424 -0.4985894187614008 0.282950943845944
-0.8827366506852661 -0.4371382774792991 0.28778699355998466
-0.9403726362701215 -0.4171968278721685 0.2896300977601056
-0.7674646795155551 -0.4770211766935605 0.2841007851597427
-0.8378382002050342 -0.3956285858043282 0.2907799390739043
-0.8827366506852661 -0.4371382774792991 0.28778699355998466
-0.8699991155806424 -0.4985894187614008 0.282950943845944
-0.9292466693390651 0.09600762788399173 -0.2926934542860747
-1.0055018366640276 0.15873994426125443 -0.2870087803876124
-0.9708603658087461 0.20697246242617107 -0.2900111838110113
-0.9154120467186242 0.19972256331999805 -0.2943547224719419
-1.08175700398899 0.2214722606385171 -0.2813241064891501
-0.9916672140435867 0.2624548796972608 -0.2886700485734796
-0.9708603658087461 0.20697246242617107 -0.2900111838110113
-1.0055018366640276 0.15873994426125443 -0.2870087803876124
-0.9015774240981834 0.3034374987560044 -0.2960159906578091
-0.9154120467186242 0.19972256331999805 -0.2943547224719419
-0.9708603658087461 0.20697246242617107 -0.2900111838110113
-0.9916672140435867 0.2624548796972608 -0.2886700485734796
0.813591625314358 0.7546732455932222 0.2792186382379657
0.7393112702093496 0.8279175775604393 0.2770905930354379
0.7060231709521082 0.7910675640764825 0.28387817973645274
0.7265192988759916 0.7360203913508957 0.288335995688224
0.6650309151043411 0.9011619095276562 0.2749625478329102
0.6522389437709832 0.8092647233181127 0.28620795048569625
0.7060231709521082 0.7910675640764825 0.28387817973645274
0.7393112702093496 0.8279175775604393 0.2770905930354379
0.6394469724376254 0.7173675371085692 0.2974533531384823
0.7265192988759916 0.7360203913508957 0.288335995688224
0.7060231709521082 0.7910675640764825 0.28387817973645274
0.6522389437709832 0.8092647233181127 0.28620795048569625
-1.117440489083363 -0.6643242832812413 -7.347880794884119e-17
-1.059893207169098 -0.6826140682935193 0.1002848719464951
-1.084140046644048 -0.6261501087944383 0.12527538960195095
-1.1250371073386556 -0.5887732365387588 0.08762821245643126
-1.002345925254833 -0.7009038533057973 0.2005697438929903
-1.0674898254243905 -0.6070630215510369 0.18791308440292645
-1.084140046644048 -0.6261501087944383 0.12527538960195095
-1.059893207169098 -0.6826140682935193 0.1002848719464951
-1.132633725593948 -0.5132221897962764 0.1752564249128626
-1.1250371073386556 -0.5887732365387588 0.08762821245643126
-1.084140046644048 -0.6261501087944383 0.12527538960195095
-1.0674898254243905 -0.6070630215510369 0.18791308440292645
-0.263907409983212 -1.10993020740689 0.2648672806141233
-0.36474333971487466 -1.0836721206751876 0.26074868106107585
-0.38174599545709736 -1.1160314348773674 0.2281907475018532
-0.3398293584623773 -1.1453401353443085 0.2139710804987656
-0.4655792694465373 -1.057414033943485 0.2566300815080284
-0.44066528819403994 -1.119082048612606 0.20985248094571815
-0.38174599545709736 -1.1160314348773674 0.2281907475018532
-0.36474333971487466 -1.0836721206751876 0.26074868106107585
-0.4157513069415426 -1.180750063281727 0.1630748803834079
-0.3398293584623773 -1.1453401353443085 0.2139710804987656
-0.38174599545709736 -1.1160314348773674 0.2281907475018532
-0.44066528819403994 -1.119082048612606 0.20985248094571815
-1.097529460820717 -0.3320954294701152 0.2617004350466728
-1.146910216820284 -0.3521895692328938 0.2115532473157526
-1.1421513864115054 -0.405867109420688 0.19945430651478926
-1.1150815932073326 -0.4226588096331958 0.21847842997976769
-1.196290972819851 -0.3722837089956724 0.1614060595848324
-1.1644623492068995 -0.4427529493959744 0.1683312422488475
-1.1421513864115054 -0.405867109420688 0.19945430651478926
-1.146910216820284 -0.3521895692328938 0.2115532473157526
-1.132633725593948 -0.5132221897962764 0.1752564249128626
-1.1150815932073326 -0.4226588096331958 0.21847842997976769
-1.1421513864115054 -0.405867109420688 0.19945430651478926
-1.1644623492068995 -0.4427529493959744 0.1683312422488475
0.6588600486949214 -0.9016318941488642 -0.2763679709675217
0.7395338622039049 -0.8435502542342191 -0.27197393233649264
0.7776565188718932 -0.8691397983425948 -0.23375562107767245
0.7563809404513956 -0.9109753903541051 -0.2168434847637769
0.8202076757128884 -0.785468614319574 -0.2675798937054636
0.8370547539603791 -0.85289375043946 -0.21244944613274785
0.7776565188718932 -0.8691397983425948 -0.23375562107767245
0.7395338622039049 -0.8435502542342191 -0.27197393233649264
0.8539018322078697 -0.920318886559346 -0.1573189985600321
0.7563809404513956 -0.9109753903541051 -0.2168434847637769
0.7776565188718932 -0.8691397983425948 -0.23375562107767245
0.8370547539603791 -0.85289375043946 -0.21244944613274785
1.024106063741282 0.4438579203706275 0.2766006174610385
1.054575626393552 0.36587109066267154 0.2752058915114388
1.091144676761248 0.3981695720157343 0.23727261420258428
1.0941944206189609 0.45331222754624356 0.21900333852295684
1.085045189045822 0.2878842609547156 0.2738111655618392
1.124663983271231 0.37532539783828756 0.2176086125733572
1.091144676761248 0.3981695720157343 0.23727261420258428
1.054575626393552 0.36587109066267154 0.2752058915114388
1.16428277749664 0.4627665347218596 0.1614060595848752
1.0941944206189609 0.45331222754624356 0.21900333852295684
1.091144676761248 0.3981695720157343 0.23727261420258428
1.124663983271231 0.37532539783828756 0.2176086125733572
0.7531006715872071 -0.3258846250020467 -0.2404383964739594
0.8310050191592812 -0.302884126931617 -0.26820701848269063
0.8401534771807064 -0.3481575948932016 -0.2780842135972466
0.8057755324053821 -0.38229457790920873 -0.26913850015015894
0.9089093667313553 -0.2798836288611873 -0.2959756404914219
0.8836798799774561 -0.35929407983877903 -0.2969071221588902
0.8401534771807064 -0.3481575948932016 -0.2780842135972466
0.8310050191592812 -0.302884126931617 -0.26820701848269063
0.8584503932235571 -0.4387045308163708 -0.2978386038263585
0.8057755324053821 -0.38229457790920873 -0.26913850015015894
0.8401534771807064 -0.3481575948932016 -0.2780842135972466
0.8836798799774561 -0.35929407983877903 -0.2969071221588902
0.1450427383882854 -1.244179630981516 -0.1618347904123548
0.07971064302176324 -1.1754411468235064 -0.22109103825335646
0.11961543854097904 -1.1513628111156449 -0.23888667678828623
0.172233883983848 -1.173692885340719 -0.21815637213525024
0.01437854765524108 -1.106702662665497 -0.2803472860943581
0.10690178861732584 -1.1049544011827095 -0.2774126199762519
0.11961543854097904 -1.1513628111156449 -0.23888667678828623
0.07971064302176324 -1.1754411468235064 -0.22109103825335646
0.1994250295794106 -1.103206139699922 -0.2744779538581457
0.172233883983848 -1.173692885340719 -0.21815637213525024
0.11961543854097904 -1.1513628111156449 -0.23888667678828623
0.10690178861732584 -1.1049544011827095 -0.2774126199762519
-0.515073677065515 -0.7653832152667495 -0.2898321250698271
-0.4593550191653345 -0.8341819311070715 -0.2948168150997375
-0.5085596411354466 -0.8761718422256856 -0.2856930870672357
-0.561021281070593 -0.8627674398648315 -0.2786388780360296
-0.403636361265154 -0.9029806469473934 -0.2998015051296479
-0.5053026231704125 -0.9315661557051536 -0.28362356806594
-0.5085596411354466 -0.8761718422256856 -0.2856930870672357
-0.4593550191653345 -0.8341819311070715 -0.2948168150997375
-0.6069688850756709 -0.9601516644629136 -0.2674456310022321
-0.561021281070593 -0.8627674398648315 -0.2786388780360296
-0.5085596411354466 -0.8761718422256856 -0.2856930870672357
-0.5053026231704125 -0.9315661557051536 -0.28362356806594
1.159259033591789 -0.4672233662857903 0.1660245482774985
1.10795645370548 -0.543143343572396 0.18242852278340985
1.1269760438201109 -0.5543741587906134 0.12161901518893987
1.1621371288205804 -0.5220295777564192 0.0830122741387492
1.056653873819171 -0.6190633208590017 0.1988324972893212
1.1108345489342715 -0.5979495550430249 0.09941624864466056
1.1269760438201109 -0.5543741587906134 0.12161901518893987
1.10795645370548 -0.543143343572396 0.18242852278340985
1.165015224049372 -0.576835789227048 -7.347880794884119e-17
1.1621371288205804 -0.5220295777564192 0.0830122741387492
1.1269760438201109 -0.5543741587906134 0.12161901518893987
1.1108345489342715 -0.5979495550430249 0.09941624864466056
-0.515073677065515 -0.7653832152667495 -0.2898321250698271
-0.5795685073195456 -0.7224339928383802 -0.2914874969692546
-0.5550779765167876 -0.6725943195487144 -0.2562484319521093
-0.5105852959883932 -0.6691490941180662 -0.23780121349382288
-0.6440633375735761 -0.6794847704100109 -0.2931428688686821
-0.5750801262424238 -0.6261998716896969 -0.23945658539325043
-0.5550779765167876 -0.6725943195487144 -0.2562484319521093
-0.5795685073195456 -0.7224339928383802 -0.2914874969692546
-0.5060969149112714 -0.572914972969383 -0.1857703019178187
-0.5105852959883932 -0.6691490941180662 -0.23780121349382288
-0.5550779765167876 -0.6725943195487144 -0.2562484319521093
-0.5750801262424238 -0.6261998716896969 -0.23945658539325043
-0.4506245006429676 1.011641101859071 0.2800912970606799
-0.42391218934704833 0.9186937661565617 0.2840908372659324
-0.3696283133795031 0.9136286619037749 0.28740454982850944
-0.3558425310436901 0.957569777628636 0.28706163600717166
-0.397199878051129 0.8257464304540524 0.288090377471185
-0.3291302197477708 0.8646224419261267 0.2910611762124242
-0.3696283133795031 0.9136286619037749 0.28740454982850944
-0.42391218934704833 0.9186937661565617 0.2840908372659324
-0.2610605614444126 0.903498453398201 0.2940319749536634
-0.3558425310436901 0.957569777628636 0.28706163600717166
-0.3696283133795031 0.9136286619037749 0.28740454982850944
-0.3291302197477708 0.8646224419261267 0.2910611762124242
0.7 -1.714505518806295e-16 1.102553507614571e-15
0.6934750358930786 -0.09690571119032203 -0.04491838421373601
0.6957350670030696 -0.11906494889943209 0.00513260970800183
0.7001275646115257 -0.08169171215882619 0.0526172987757393
0.6869500717861571 -0.1938114223806439 -0.08983676842747311
0.6936026005046043 -0.17859742334914805 0.007698914562002196
0.6957350670030696 -0.11906494889943209 0.00513260970800183
0.6934750358930786 -0.09690571119032203 -0.04491838421373601
0.7002551292230516 -0.1633834243176522 0.1052345975514775
0.7001275646115257 -0.08169171215882619 0.0526172987757393
0.6957350670030696 -0.11906494889943209 0.00513260970800183
0.6936026005046043 -0.17859742334914805 0.007698914562002196
0.3850086790258732 1.026802229343318 -0.2840183427303423
0.3441732944432532 1.1138966258831 -0.23286523522570907
0.39987662928466877 1.1227685556464733 -0.21058500624302315
0.4481459889966866 1.083657322258269 -0.22502144550399686
0.3033379098606331 1.200991022422882 -0.1817121277210758
0.4073106044140665 1.170751718798051 -0.1738683379993636
0.39987662928466877 1.1227685556464733 -0.21058500624302315
0.3441732944432532 1.1138966258831 -0.23286523522570907
0.5112832989675 1.14051241517322 -0.1660245482776514
0.4481459889966866 1.083657322258269 -0.22502144550399686
0.39987662928466877 1.1227685556464733 -0.21058500624302315
0.4073106044140665 1.170751718798051 -0.1738683379993636
-0.04787350156178749 -1.248954486285696 -0.1660245482790884
-0.016747476953273204 -1.1778285744755965 -0.22318591718672326
0.03718259482724633 -1.1999455933109031 -0.2027355415952671
0.04858461841324896 -1.2465670586336062 -0.16392966934572162
0.01437854765524108 -1.106702662665497 -0.2803472860943581
0.07971064302176324 -1.1754411468235064 -0.22109103825335646
0.03718259482724633 -1.1999455933109031 -0.2027355415952671
-0.016747476953273204 -1.1778285744755965 -0.22318591718672326
0.1450427383882854 -1.244179630981516 -0.1618347904123548
0.04858461841324896 -1.2465670586336062 -0.16392966934572162
0.03718259482724633 -1.1999455933109031 -0.2027355415952671
0.07971064302176324 -1.1754411468235064 -0.22109103825335646
0.813591625314358 0.7546732455932222 0.2792186382379657
0.8911837384075066 0.7716091253815883 0.22317579213129377
0.8713130726599693 0.8254379898223366 0.20412537751339355
0.8225816832396262 0.8438844821485278 0.22262159325777942
0.9687758515006553 0.7885450051699544 0.1671329460246218
0.9001737963327747 0.8608203619368939 0.16657874715110746
0.8713130726599693 0.8254379898223366 0.20412537751339355
0.8911837384075066 0.7716091253815883 0.22317579213129377
0.8315717411648943 0.9330957187038333 0.1660245482775931
0.8225816832396262 0.8438844821485278 0.22262159325777942
0.8713130726599693 0.8254379898223366 0.20412537751339355
0.9001737963327747 0.8608203619368939 0.16657874715110746
0.8584503932235571 -0.4387045308163708 -0.2978386038263585
0.9353042245503096 -0.46811984102202686 -0.28462022701859396
0.9045743765783363 -0.516065500885123 -0.2887716805722071
0.8507825369289734 -0.5253306757138431 -0.29745659575289596
1.012158055877062 -0.497535151227683 -0.2714018502108294
0.9276363682557258 -0.5547459859194992 -0.2842382189451314
0.9045743765783363 -0.516065500885123 -0.2887716805722071
0.9353042245503096 -0.46811984102202686 -0.28462022701859396
0.8431146806343897 -0.6119568206113154 -0.2970745876794334
0.8507825369289734 -0.5253306757138431 -0.29745659575289596
0.9045743765783363 -0.516065500885123 -0.2887716805722071
0.9276363682557258 -0.5547459859194992 -0.2842382189451314
-0.4198108415183267 1.17723320532473 0.1660606785421241
-0.34808714847672684 1.1249570334492325 0.22302908928981363
-0.3113795832394824 1.1589744933806145 0.20402757561903995
-0.3288876471416601 1.2021213092840546 0.16604261340980836
-0.276363455435127 1.072680861573735 0.2799975000375032
-0.25716395410006027 1.149845137408557 0.2230110241574979
-0.3113795832394824 1.1589744933806145 0.20402757561903995
-0.34808714847672684 1.1249570334492325 0.22302908928981363
-0.2379644527649935 1.227009413243379 0.1660245482774926
-0.3288876471416601 1.2021213092840546 0.16604261340980836
-0.3113795832394824 1.1589744933806145 0.20402757561903995
-0.25716395410006027 1.149845137408557 0.2230110241574979
-0.7396083433723641 0.8117427977336987 -0.2834878753108042
-0.8094998750419877 0.749204537559935 -0.2801346696391134
-0.8420593599100892 0.7866992006441244 -0.2414301622951649
-0.8233933365093282 0.8367156622731007 -0.2237545114590361
-0.8793914067116114 0.6866662773861711 -0.2767814639674225
-0.8932848681789518 0.7741774020993369 -0.22040130578734524
-0.8420593599100892 0.7866992006441244 -0.2414301622951649
-0.8094998750419877 0.749204537559935 -0.2801346696391134
-0.9071783296462923 0.8616885268125027 -0.164021147607268
-0.8233933365093282 0.8367156622731007 -0.2237545114590361
-0.8420593599100892 0.7866992006441244 -0.2414301622951649
-0.8932848681789518 0.7741774020993369 -0.22040130578734524
-0.2525778619363875 0.7255457609628319 0.1905077266945757
-0.3248888699937582 0.7756460957084421 0.23929905208288033
-0.366935260696948 0.7481671615548983 0.24123583467575901
-0.35180295201985745 0.7093775271053211 0.21780856327804604
-0.397199878051129 0.8257464304540524 0.288090377471185
-0.42411396007722824 0.7594778618509315 0.2665998886663507
-0.366935260696948 0.7481671615548983 0.24123583467575901
-0.3248888699937582 0.7756460957084421 0.23929905208288033
-0.4510280421033274 0.6932092932478104 0.2451093998615164
-0.35180295201985745 0.7093775271053211 0.21780856327804604
-0.366935260696948 0.7481671615548983 0.24123583467575901
-0.42411396007722824 0.7594778618509315 0.2665998886663507
-0.5009922037175892 0.4893165702148543 -0.01347360301787767
-0.53174082719851 0.5220742014662546 -0.11389938550841029
-0.4825781804253137 0.5523200375079901 -0.1145865079593774
-0.44262254529825507 0.5510641399031577 -0.06471717793959464
-0.5624894506794309 0.5548318327176549 -0.2143251679989429
-0.4733711687791759 0.583821771154558 -0.16514296043012727
-0.4825781804253137 0.5523200375079901 -0.1145865079593774
-0.53174082719851 0.5220742014662546 -0.11389938550841029
-0.3842528868789209 0.6128117095914611 -0.1159607528613116
-0.44262254529825507 0.5510641399031577 -0.06471717793959464
-0.4825781804253137 0.5523200375079901 -0.1145865079593774
-0.4733711687791759 0.583821771154558 -0.16514296043012727
-0.1919067545671363 -0.6760153082686995 -0.04035617526826585
-0.26038810391250056 -0.6953998081157119 -0.12571303155499736
-0.2972467167861966 -0.662062368278929 -0.09379205639050087
-0.28143534855036245 -0.6357013984370314 -0.03515314066488688
-0.3288694532578648 -0.7147843079627243 -0.2110698878417289
-0.3499166978957267 -0.6550858982840437 -0.1205099969516184
-0.2972467167861966 -0.662062368278929 -0.09379205639050087
-0.26038810391250056 -0.6953998081157119 -0.12571303155499736
-0.3709639425335886 -0.5953874886053633 -0.02995010606150791
-0.28143534855036245 -0.6357013984370314 -0.03515314066488688
-0.2972467167861966 -0.662062368278929 -0.09379205639050087
-0.3499166978957267 -0.6550858982840437 -0.1205099969516184
-0.672181159931532 0.1985015891088229 0.02293924837637159
-0.7075464714516279 0.1913530081293652 -0.0820270691463709
-0.6804036747539847 0.243548357174828 -0.08719831707165665
-0.6491496206451153 0.27322032218728826 -0.03730078227292828
-0.7429117829717237 0.1842044271499075 -0.1869933866691134
-0.6845149321652111 0.26607174120783056 -0.14226709979567076
-0.6804036747539847 0.243548357174828 -0.08719831707165665
-0.7075464714516279 0.1913530081293652 -0.0820270691463709
-0.6261180813586984 0.3479390552657536 -0.09754081292222816
-0.6491496206451153 0.27322032218728826 -0.03730078227292828
-0.6804036747539847 0.243548357174828 -0.08719831707165665
-0.6845149321652111 0.26607174120783056 -0.14226709979567076
-0.5060969149112714 -0.572914972969383 -0.1857703019178187
-0.5747914150649622 -0.481289435542061 -0.17748787045478842
-0.5580981120590135 -0.475348309048859 -0.12074465259336047
-0.5154042104791937 -0.5181905145159189 -0.09651425939416163
-0.6434859152186531 -0.389663898114739 -0.1692054389917581
-0.5840987106328845 -0.426564977088597 -0.08823182793113132
-0.5580981120590135 -0.475348309048859 -0.12074465259336047
-0.5747914150649622 -0.481289435542061 -0.17748787045478842
-0.524711506047116 -0.4634660560624549 -0.007258216870504541
-0.5154042104791937 -0.5181905145159189 -0.09651425939416163
-0.5580981120590135 -0.475348309048859 -0.12074465259336047
-0.5840987106328845 -0.426564977088597 -0.08823182793113132
-0.7905917327337469 -0.03834747137264777 -0.2157234146552252
-0.7667517578527353 0.07292847788862987 -0.2013584006621693
-0.7456508650713826 0.054430181580164494 -0.14982244394679903
-0.7470204061212121 -0.01045694120470702 -0.13123697258564185
-0.7429117829717237 0.1842044271499075 -0.1869933866691134
-0.7231804312402005 0.10081900805657062 -0.11687195859258594
-0.7456508650713826 0.054430181580164494 -0.14982244394679903
-0.7667517578527353 0.07292847788862987 -0.2013584006621693
-0.7034490795086773 0.01743358896323373 -0.04675053051605849
-0.7470204061212121 -0.01045694120470702 -0.13123697258564185
-0.7456508650713826 0.054430181580164494 -0.14982244394679903
-0.7231804312402005 0.10081900805657062 -0.11687195859258594
0.4828168094743638 -0.9611909072335917 -0.2903079180760778
0.4306058345414767 -1.0239681581756703 -0.27484398836806545
0.3861521841645592 -0.9803814648745578 -0.2813009438420561
0.39003084644254393 -0.9271994927529621 -0.2922613864330576
0.3783948596085897 -1.086745409117749 -0.2593800586600531
0.33781987150965687 -0.9899767436950409 -0.27679745672504524
0.3861521841645592 -0.9803814648745578 -0.2813009438420561
0.4306058345414767 -1.0239681581756703 -0.27484398836806545
0.2972448834107241 -0.8932080782723325 -0.2942148547900374
0.39003084644254393 -0.9271994927529621 -0.2922613864330576
0.3861521841645592 -0.9803814648745578 -0.2813009438420561
0.33781987150965687 -0.9899767436950409 -0.27679745672504524
-0.6318280346699815 -0.3063402418700458 0.03606676683582174
-0.6376569749443173 -0.3480020699923924 -0.06656933607796818
-0.6568730435373831 -0.2922001655141918 -0.07884052553200792
-0.663566607696748 -0.24346829921391822 -0.03365806880213283
-0.6434859152186531 -0.389663898114739 -0.1692054389917581
-0.6693955479710838 -0.2851301273362648 -0.13629417171592276
-0.6568730435373831 -0.2922001655141918 -0.07884052553200792
-0.6376569749443173 -0.3480020699923924 -0.06656933607796818
-0.6953051807235145 -0.1805963565577906 -0.1033829044400874
-0.663566607696748 -0.24346829921391822 -0.03365806880213283
-0.6568730435373831 -0.2922001655141918 -0.07884052553200792
-0.6693955479710838 -0.2851301273362648 -0.13629417171592276
-0.2525778619363875 0.7255457609628319 0.1905077266945757
-0.35180295201985745 0.7093775271053211 0.21780856327804604
-0.3586013352701333 0.6750183373279527 0.17254455904124488
-0.3123879818535362 0.6659228593680238 0.13626213863110914
-0.4510280421033274 0.6932092932478104 0.2451093998615164
-0.41161307193700625 0.6497546255105131 0.1635629752145795
-0.3586013352701333 0.6750183373279527 0.17254455904124488
-0.35180295201985745 0.7093775271053211 0.21780856327804604
-0.372198101770685 0.6062999577732157 0.08201655056764258
-0.3123879818535362 0.6659228593680238 0.13626213863110914
-0.3586013352701333 0.6750183373279527 0.17254455904124488
-0.41161307193700625 0.6497546255105131 0.1635629752145795
0.1950347785460649 -0.674716605258125 -0.03739450786902281
0.14986337333630445 -0.7285468696889461 -0.12549944867651536
0.10062025930827877 -0.720166815389199 -0.09870084693105631
0.09858440489914613 -0.6890616560239149 -0.04124907565458053
0.104691968126544 -0.7823771341197672 -0.2136043894840079
0.053412999689385676 -0.742891920454736 -0.12935401646207306
0.10062025930827877 -0.720166815389199 -0.09870084693105631
0.14986337333630445 -0.7285468696889461 -0.12549944867651536
0.002134031252227362 -0.7034067067897046 -0.04510364344013825
0.09858440489914613 -0.6890616560239149 -0.04124907565458053
0.10062025930827877 -0.720166815389199 -0.09870084693105631
0.053412999689385676 -0.742891920454736 -0.12935401646207306
-0.5329397541992255 0.5379404136154945 0.17625293945117
-0.6261858384772361 0.49353211659533464 0.21748076108793465
-0.6218798503809083 0.4532467663508612 0.17875777591685163
-0.5731038141937392 0.4553082397387044 0.1387823725129278
-0.7194319227552466 0.4491238195751748 0.2587085827246993
-0.6663498984717497 0.4108999427185446 0.18001019414969247
-0.6218798503809083 0.4532467663508612 0.17875777591685163
-0.6261858384772361 0.49353211659533464 0.21748076108793465
-0.6132678741882529 0.3726760658619143 0.1013118055746856
-0.5731038141937392 0.4553082397387044 0.1387823725129278
-0.6218798503809083 0.4532467663508612 0.17875777591685163
-0.6663498984717497 0.4108999427185446 0.18001019414969247
0.566013150509514 0.4312556468925192 0.08256164940005728
0.5276353939621266 0.4796434332363292 -0.012380859925249912
0.5584390178119678 0.4374315528712767 -0.03790668052146317
0.5930297080105821 0.39213171951684556 -0.0031983361569162053
0.4892576374147391 0.5280312195801391 -0.1073233692505571
0.5546519514631947 0.44051950586065547 -0.0981408454822234
0.5584390178119678 0.4374315528712767 -0.03790668052146317
0.5276353939621266 0.4796434332363292 -0.012380859925249912
0.6200462655116502 0.3530077921411719 -0.08895832171388969
0.5930297080105821 0.39213171951684556 -0.0031983361569162053
0.5584390178119678 0.4374315528712767 -0.03790668052146317
0.5546519514631947 0.44051950586065547 -0.0981408454822234
0.3166168428240649 0.6281617336989078 -0.04532668515477409
0.402937240119402 0.5780964766395235 -0.0763250272026656
0.4135652599336916 0.5751949354512668 -0.01824064700649883
0.37571907119316783 0.5987767933868304 0.026300714115530303
0.4892576374147391 0.5280312195801391 -0.1073233692505571
0.4620394684885049 0.5487115363274462 -0.004697627932361205
0.4135652599336916 0.5751949354512668 -0.01824064700649883
0.402937240119402 0.5780964766395235 -0.0763250272026656
0.4348212995622707 0.5693918530747532 0.0979281133858347
0.37571907119316783 0.5987767933868304 0.026300714115530303
0.4135652599336916 0.5751949354512668 -0.01824064700649883
0.4620394684885049 0.5487115363274462 -0.004697627932361205
0.4837611563308072 0.8442853828803522 -0.298787801935808
0.5206889581644993 0.9187376202949471 -0.28231674489299097
0.5765447252089796 0.8969531197003858 -0.28291457605215126
0.5860087078143736 0.8488347506958076 -0.29144902015313995
0.5576167599981914 0.9931898577095422 -0.265845687850174
0.6229365096480657 0.9232869881104027 -0.27497796311032296
0.5765447252089796 0.8969531197003858 -0.28291457605215126
0.5206889581644993 0.9187376202949471 -0.28231674489299097
0.68825625929794 0.8533841185112631 -0.2841102383704719
0.5860087078143736 0.8488347506958076 -0.29144902015313995
0.5765447252089796 0.8969531197003858 -0.28291457605215126
0.6229365096480657 0.9232869881104027 -0.27497796311032296
0.09118478838114523 0.9272543332408619 0.2921280575125165
0.08671358079949816 1.0268377002085174 0.28138828144970374
0.027023907774376552 1.0150291745993512 0.28758193655170367
-0.0005853249473607158 0.9593332283109403 0.29604865213411
0.08224237321785109 1.126421067176173 0.2706485053868909
-0.0050565325290077845 1.0589165952785957 0.28530887607129723
0.027023907774376552 1.0150291745993512 0.28758193655170367
0.08671358079949816 1.0268377002085174 0.28138828144970374
-0.09235543827586666 0.9914121233810186 0.2999692467557036
-0.0005853249473607158 0.9593332283109403 0.29604865213411
0.027023907774376552 1.0150291745993512 0.28758193655170367
-0.0050565325290077845 1.0589165952785957 0.28530887607129723
-0.2921913014551148 -0.6690947544576167 0.1309979878948601
-0.270724880246572 -0.7408957373591015 0.1954207542384516
-0.21432200330374018 -0.7338760958043018 0.17171192182947628
-0.1968537754365957 -0.6944657835761594 0.1276461224531929
-0.2492584590380292 -0.8126967202605864 0.2598435205820431
-0.1753873542280529 -0.7662667664776444 0.19206888879678438
-0.21432200330374018 -0.7338760958043018 0.17171192182947628
-0.270724880246572 -0.7408957373591015 0.1954207542384516
-0.1015162494180766 -0.7198368126947022 0.1242942570115257
-0.1968537754365957 -0.6944657835761594 0.1276461224531929
-0.21432200330374018 -0.7338760958043018 0.17171192182947628
-0.1753873542280529 -0.7662667664776444 0.19206888879678438
-0.7396083433723641 0.8117427977336987 -0.2834878753108042
-0.8233933365093282 0.8367156622731007 -0.2237545114590361
-0.8014968790909777 0.8891484501208092 -0.2045111903988381
-0.7486561538133204 0.9028784117749624 -0.22475621179462316
-0.9071783296462923 0.8616885268125027 -0.164021147607268
-0.8324411469502845 0.9278512763143645 -0.16502284794285504
-0.8014968790909777 0.8891484501208092 -0.2045111903988381
-0.8233933365093282 0.8367156622731007 -0.2237545114590361
-0.7577039642542767 0.9940140258162262 -0.1660245482784421
-0.7486561538133204 0.9028784117749624 -0.22475621179462316
-0.8014968790909777 0.8891484501208092 -0.2045111903988381
-0.8324411469502845 0.9278512763143645 -0.16502284794285504
0.2842120043953355 -0.6737733003853745 0.1333451177624471
0.343471127493218 -0.7156317885340677 0.19877674138917295
0.38089805142436095 -0.6708480210035649 0.18161375604280572
0.36998195184099114 -0.6275268931639668 0.14031645155625921
0.4027302505911005 -0.7574902766827609 0.2642083650158988
0.42924107493887365 -0.66938538131266 0.20574807518298505
0.38089805142436095 -0.6708480210035649 0.18161375604280572
0.343471127493218 -0.7156317885340677 0.19877674138917295
0.4557518992866467 -0.581280485942559 0.1472877853500713
0.36998195184099114 -0.6275268931639668 0.14031645155625921
0.38089805142436095 -0.6708480210035649 0.18161375604280572
0.42924107493887365 -0.66938538131266 0.20574807518298505
1.092705098312484 -2.676355602120756e-16 0.285316954888546
1.043770491430177 -0.09216214382461103 0.29254303403699045
1.0866762723702321 -0.11489597584982252 0.2741650682125008
1.132596466281413 -0.08018181995012288 0.26136304572603375
0.9948358845478702 -0.1843242876492218 0.2997691131854348
1.083661859399106 -0.17234396377473366 0.26858912487447817
1.0866762723702321 -0.11489597584982252 0.2741650682125008
1.043770491430177 -0.09216214382461103 0.29254303403699045
1.172487834250342 -0.1603636399002455 0.2374091365635215
1.132596466281413 -0.08018181995012288 0.26136304572603375
1.0866762723702321 -0.11489597584982252 0.2741650682125008
1.083661859399106 -0.17234396377473366 0.26858912487447817
-0.6096831047365159 -0.441395148547077 0.1698177529749346
-0.6203515128366373 -0.5400852297487606 0.22595416434833882
-0.5683733909902928 -0.5511307103804876 0.1991951778982137
-0.5370501260170599 -0.5073084100955093 0.157747478986449
-0.6310199209367587 -0.6387753109504443 0.282090575721743
-0.5477185341171814 -0.605998491297193 0.21388389035985322
-0.5683733909902928 -0.5511307103804876 0.1991951778982137
-0.6203515128366373 -0.5400852297487606 0.22595416434833882
-0.4644171472976041 -0.5732216716439417 0.1456772049979634
-0.5370501260170599 -0.5073084100955093 0.157747478986449
-0.5683733909902928 -0.5511307103804876 0.1991951778982137
-0.5477185341171814 -0.605998491297193 0.21388389035985322
0.2762227015909748 0.6799822846358521 0.1386167418983874
0.2815082459004248 0.7656527548782956 0.2104322446170929
0.22215484671747798 0.7636662484738576 0.20315757255990366
0.18983537497127959 0.7198377601504167 0.1636124851719563
0.2867937902098747 0.8513232251207392 0.2822477473357984
0.19512091928072955 0.8055082303928602 0.23542798789066177
0.22215484671747798 0.7636662484738576 0.20315757255990366
0.2815082459004248 0.7656527548782956 0.2104322446170929
0.1034480483515844 0.7596932356649813 0.1886082284455252
0.18983537497127959 0.7198377601504167 0.1636124851719563
0.22215484671747798 0.7636662484738576 0.20315757255990366
0.19512091928072955 0.8055082303928602 0.23542798789066177
0.623816736795696 -0.3246227636144778 0.04387919741689999
0.6553834042909266 -0.25921709299756085 -0.02297878550528656
0.6437851516106208 -0.3029989391414325 -0.061083665609683375
0.6222026915228526 -0.35759269752182676 -0.046707114200788505
0.6869500717861571 -0.1938114223806439 -0.08983676842747311
0.6537693590180831 -0.29218702690490983 -0.11356509712297505
0.6437851516106208 -0.3029989391414325 -0.061083665609683375
0.6553834042909266 -0.25921709299756085 -0.02297878550528656
0.6205886462500091 -0.3905626314291758 -0.137293425818477
0.6222026915228526 -0.35759269752182676 -0.046707114200788505
0.6437851516106208 -0.3029989391414325 -0.061083665609683375
0.6537693590180831 -0.29218702690490983 -0.11356509712297505
0.6200462655116502 0.3530077921411719 -0.08895832171388969
0.6801579398122108 0.3362198061668422 -0.15900006606555145
0.6863979423238492 0.27664301492819404 -0.13861353933603418
0.659462106429388 0.2552486122960348 -0.09339940379544467
0.7402696141127714 0.3194318201925125 -0.2290418104172132
0.7195737807299486 0.2384606263217051 -0.16344114814710642
0.6863979423238492 0.27664301492819404 -0.13861353933603418
0.6801579398122108 0.3362198061668422 -0.15900006606555145
0.6988779473471258 0.1574894324508977 -0.09784048587699964
0.659462106429388 0.2552486122960348 -0.09339940379544467
0.6863979423238492 0.27664301492819404 -0.13861353933603418
0.7195737807299486 0.2384606263217051 -0.16344114814710642
0.2139939974556145 -0.8411029856197109 0.2693495348827378
0.3155436251102413 -0.877955616118236 0.28465041284678605
0.34460583360386104 -0.8378005029730776 0.277836396903157
0.3083621240233575 -0.799296631151236 0.2667789499493183
0.4170932527648681 -0.9148082466167611 0.2999512908108343
0.4099117516779843 -0.836149261649761 0.28207982791336655
0.34460583360386104 -0.8378005029730776 0.277836396903157
0.3155436251102413 -0.877955616118236 0.28465041284678605
0.4027302505911005 -0.7574902766827609 0.2642083650158988
0.3083621240233575 -0.799296631151236 0.2667789499493183
0.34460583360386104 -0.8378005029730776 0.277836396903157
0.4099117516779843 -0.836149261649761 0.28207982791336655
-1.031640325246295 -0.1443988744009623 0.2970881248971383
-1.0645848930335058 -0.23824715193553875 0.2793942799719056
-1.0124605023205084 -0.2635767662620578 0.28541588431062576
-0.9699260230704041 -0.22931743465802912 0.29727360894260213
-1.097529460820717 -0.3320954294701152 0.2617004350466728
-1.002870590857615 -0.3231657121926056 0.2795797640173694
-1.0124605023205084 -0.2635767662620578 0.28541588431062576
-1.0645848930335058 -0.23824715193553875 0.2793942799719056
-0.9082117208945133 -0.3142359949150959 0.297459092988066
-0.9699260230704041 -0.22931743465802912 0.29727360894260213
-1.0124605023205084 -0.2635767662620578 0.28541588431062576
-1.002870590857615 -0.3231657121926056 0.2795797640173694
-0.003908353371851659 -0.8352222534986348 0.2507016309234855
0.10504282204188142 -0.8381626195591728 0.2600255829031116
0.10180543112654783 -0.7990567517305042 0.2148998864968443
0.04571114796201449 -0.7780336347859009 0.18767506230389755
0.2139939974556145 -0.8411029856197109 0.2693495348827378
0.1546623233757476 -0.780974000846439 0.19699901428352368
0.10180543112654783 -0.7990567517305042 0.2148998864968443
0.10504282204188142 -0.8381626195591728 0.2600255829031116
0.09533064929588064 -0.720845016073167 0.1246484936843096
0.04571114796201449 -0.7780336347859009 0.18767506230389755
0.10180543112654783 -0.7990567517305042 0.2148998864968443
0.1546623233757476 -0.780974000846439 0.19699901428352368
0.5159925862514265 -0.4730357317051016 0.00218622224952827
0.5135229855405368 -0.5194491260477195 -0.09053700546273456
0.46614787628832777 -0.5444729883603163 -0.06848735071377109
0.44369512201766814 -0.5337782223453058 -0.01110090948315794
0.5110533848296469 -0.5658625203903375 -0.1832602331749974
0.4412255213067784 -0.5801916166879237 -0.10382413719542077
0.46614787628832777 -0.5444729883603163 -0.06848735071377109
0.5135229855405368 -0.5194491260477195 -0.09053700546273456
0.3713976577839098 -0.5945207129855099 -0.02438804121584415
0.44369512201766814 -0.5337782223453058 -0.01110090948315794
0.46614787628832777 -0.5444729883603163 -0.06848735071377109
0.4412255213067784 -0.5801916166879237 -0.10382413719542077
-0.7343021653452251 0.06103492545202214 0.1440273122248714
-0.7873662639303719 -0.007372138820414601 0.20008981079437593
-0.7589914274502632 -0.047121592579839694 0.16312437664652776
-0.7182719599176354 -0.03279278732333388 0.1166104102878514
-0.8404303625155187 -0.07577920309285134 0.2561523093638805
-0.7713360585027822 -0.1011998515957706 0.17267290885735595
-0.7589914274502632 -0.047121592579839694 0.16312437664652776
-0.7873662639303719 -0.007372138820414601 0.20008981079437593
-0.7022417544900457 -0.1266205000986899 0.0891935083508314
-0.7182719599176354 -0.03279278732333388 0.1166104102878514
-0.7589914274502632 -0.047121592579839694 0.16312437664652776
-0.7713360585027822 -0.1011998515957706 0.17267290885735595
-0.5060969149112714 -0.572914972969383 -0.1857703019178187
-0.5750801262424238 -0.6261998716896969 -0.23945658539325043
-0.6039813887253674 -0.5969528011746043 -0.2468414256140827
-0.5839404143012631 -0.5556868165569009 -0.22369070398678298
-0.6440633375735761 -0.6794847704100109 -0.2931428688686821
-0.6529236256324155 -0.6089717152772147 -0.2773769874622147
-0.6039813887253674 -0.5969528011746043 -0.2468414256140827
-0.5750801262424238 -0.6261998716896969 -0.23945658539325043
-0.6617839136912548 -0.5384586601444187 -0.2616111060557472
-0.5839404143012631 -0.5556868165569009 -0.22369070398678298
-0.6039813887253674 -0.5969528011746043 -0.2468414256140827
-0.6529236256324155 -0.6089717152772147 -0.2773769874622147
0.4050938942272347 1.045973753784582 0.2742159677042624
0.3214684804512751 1.0977795278547329 0.2593247540393161
0.30201034228115353 1.0737907563205835 0.27092925561510545
0.33409398008407254 1.0358934835184335 0.28417711323547323
0.2378430666753154 1.149585301924884 0.2444335403743698
0.25046856630811287 1.0876992575885844 0.26928589957052695
0.30201034228115353 1.0737907563205835 0.27092925561510545
0.3214684804512751 1.0977795278547329 0.2593247540393161
0.2630940659409104 1.025813213252285 0.2941382587666841
0.33409398008407254 1.0358934835184335 0.28417711323547323
0.30201034228115353 1.0737907563205835 0.27092925561510545
0.25046856630811287 1.0876992575885844 0.26928589957052695
-0.7942485011295782 -0.4451610205078597 -0.2863365950339039
-0.8850304832354424 -0.3880902119696548 -0.29239470204976203
-0.8587068840225442 -0.34083658319599325 -0.2801136096745099
-0.800154093363163 -0.34574517307826497 -0.27094400997895474
-0.9758124653413066 -0.3310194034314499 -0.2984528090656202
-0.8909360754690272 -0.28867436454006007 -0.2770021169948129
-0.8587068840225442 -0.34083658319599325 -0.2801136096745099
-0.8850304832354424 -0.3880902119696548 -0.29239470204976203
-0.8060596855967479 -0.2463293256486702 -0.2555514249240056
-0.800154093363163 -0.34574517307826497 -0.27094400997895474
-0.8587068840225442 -0.34083658319599325 -0.2801136096745099
-0.8909360754690272 -0.28867436454006007 -0.2770021169948129
-1.08175700398899 0.2214722606385171 -0.2813241064891501
-1.160052301956799 0.20815671764869087 -0.2208121671464982
-1.170575913539376 0.2644751541564845 -0.20254962752354297
-1.1366900703467602 0.2992921439052944 -0.22367432738339132
-1.238347599924608 0.1948411746588646 -0.1603002278038463
-1.214985368314569 0.28597660091546817 -0.1631623880407394
-1.170575913539376 0.2644751541564845 -0.20254962752354297
-1.160052301956799 0.20815671764869087 -0.2208121671464982
-1.19162313670453 0.3771120271720717 -0.1660245482776325
-1.1366900703467602 0.2992921439052944 -0.22367432738339132
-1.170575913539376 0.2644751541564845 -0.20254962752354297
-1.214985368314569 0.28597660091546817 -0.1631623880407394
0.3378506900541404 1.205842521083816 0.1623452956487915
0.37147229214068755 1.125908137434199 0.21828063167652695
0.4180759610829728 1.1307762300139046 0.200861937210182
0.4245669945108419 1.173177468128566 0.16418492196314183
0.4050938942272347 1.045973753784582 0.2742159677042624
0.458188596597389 1.093243084478949 0.22012025799087728
0.4180759610829728 1.1307762300139046 0.200861937210182
0.37147229214068755 1.125908137434199 0.21828063167652695
0.5112832989675433 1.140512415173316 0.1660245482774922
0.4245669945108419 1.173177468128566 0.16418492196314183
0.4180759610829728 1.1307762300139046 0.200861937210182
0.458188596597389 1.093243084478949 0.22012025799087728
-0.9725335516457297 -0.5201576608292411 0.2818011025321453
-0.9874397384502813 -0.6105307570675191 0.2411854232125678
-0.940445033397355 -0.6301647019273374 0.25724447415860563
-0.9094945874686159 -0.5947951262381077 0.2855818392914133
-1.002345925254833 -0.7009038533057973 0.2005697438929903
-0.9244007742731675 -0.6851682224763858 0.2449661599718358
-0.940445033397355 -0.6301647019273374 0.25724447415860563
-0.9874397384502813 -0.6105307570675191 0.2411854232125678
-0.846455623291502 -0.6694325916469742 0.2893625760506813
-0.9094945874686159 -0.5947951262381077 0.2855818392914133
-0.940445033397355 -0.6301647019273374 0.25724447415860563
-0.9244007742731675 -0.6851682224763858 0.2449661599718358
0.6988779473471258 0.1574894324508977 -0.09784048587699964
0.7195737807299486 0.2384606263217051 -0.16344114814710642
0.752561733211954 0.2119254057855471 -0.19221460345157637
0.7587077927615454 0.15817219858206444 -0.17380099996875797
0.7402696141127714 0.3194318201925125 -0.2290418104172132
0.7794036261443682 0.23914339245287186 -0.23940166223886475
0.752561733211954 0.2119254057855471 -0.19221460345157637
0.7195737807299486 0.2384606263217051 -0.16344114814710642
0.818537638175965 0.1588549647132312 -0.2497615140605163
0.7587077927615454 0.15817219858206444 -0.17380099996875797
0.752561733211954 0.2119254057855471 -0.19221460345157637
0.7794036261443682 0.23914339245287186 -0.23940166223886475
-0.4506245006429676 1.011641101859071 0.2800912970606799
-0.3634939780390473 1.042160981716403 0.2800443985490916
-0.3822662658654738 1.087185056252512 0.24204982521343577
-0.43521767108064713 1.0944371535919006 0.22307598780140203
-0.276363455435127 1.072680861573735 0.2799975000375032
-0.34808714847672684 1.1249570334492325 0.22302908928981363
-0.3822662658654738 1.087185056252512 0.24204982521343577
-0.3634939780390473 1.042160981716403 0.2800443985490916
-0.4198108415183267 1.17723320532473 0.1660606785421241
-0.43521767108064713 1.0944371535919006 0.22307598780140203
-0.3822662658654738 1.087185056252512 0.24204982521343577
-0.34808714847672684 1.1249570334492325 0.22302908928981363
0.6588600486949214 -0.9016318941488642 -0.2763679709675217
0.6983915870122115 -0.9654010574686192 -0.20717844722794343
0.6664250132413282 -0.9981034336206968 -0.20526513077924155
0.6306759571972416 -0.9825700400368582 -0.2389032344246797
0.7379231253295016 -1.029170220788374 -0.1379889234883652
0.6702074955145316 -1.046339203356613 -0.16971371068510144
0.6664250132413282 -0.9981034336206968 -0.20526513077924155
0.6983915870122115 -0.9654010574686192 -0.20717844722794343
0.6024918656995616 -1.063508185924852 -0.2014384978818377
0.6306759571972416 -0.9825700400368582 -0.2389032344246797
0.6664250132413282 -0.9981034336206968 -0.20526513077924155
0.6702074955145316 -1.046339203356613 -0.16971371068510144
-0.1400236013694301 -0.9885019178856034 0.2999955717835194
-0.03437222386765691 -1.0021575706537151 0.29971811562315476
-0.024217600369055164 -0.946512464935355 0.2833792873899317
-0.07196597737064088 -0.9118620856921191 0.2753486013535025
0.07127915363411627 -1.015813223421827 0.2994406594627901
0.033685400131132304 -0.9255177384602309 0.2750711451931378
-0.024217600369055164 -0.946512464935355 0.2833792873899317
-0.03437222386765691 -1.0021575706537151 0.29971811562315476
-0.003908353371851659 -0.8352222534986348 0.2507016309234855
-0.07196597737064088 -0.9118620856921191 0.2753486013535025
-0.024217600369055164 -0.946512464935355 0.2833792873899317
0.033685400131132304 -0.9255177384602309 0.2750711451931378
-0.2492584590380292 -0.8126967202605864 0.2598435205820431
-0.29517490916165395 -0.9002405869555066 0.2782233368381569
-0.243457806564246 -0.9296610305988722 0.2854807484866111
-0.19464103020372964 -0.9005993190730949 0.27991954618278125
-0.3410913592852787 -0.9877844536504268 0.2966031530942708
-0.24055748032735438 -0.9881431857680151 0.2982993624388951
-0.243457806564246 -0.9296610305988722 0.2854807484866111
-0.29517490916165395 -0.9002405869555066 0.2782233368381569
-0.1400236013694301 -0.9885019178856034 0.2999955717835194
-0.19464103020372964 -0.9005993190730949 0.27991954618278125
-0.243457806564246 -0.9296610305988722 0.2854807484866111
-0.24055748032735438 -0.9881431857680151 0.2982993624388951
-0.7349483350500264 0.2511953071395637 0.2003318960378549
-0.7271901289026366 0.3501595633573692 0.2295202393812771
-0.7828729880586659 0.3404899759642938 0.25162372453488024
-0.8145935207103756 0.2861730541588533 0.24808129543997073
-0.7194319227552466 0.4491238195751748 0.2587085827246993
-0.8068353145629856 0.3851373103766589 0.27726963878339295
-0.7828729880586659 0.3404899759642938 0.25162372453488024
-0.7271901289026366 0.3501595633573692 0.2295202393812771
-0.8942387063707247 0.321150801178143 0.2958306948420866
-0.8145935207103756 0.2861730541588533 0.24808129543997073
-0.7828729880586659 0.3404899759642938 0.25162372453488024
-0.8068353145629856 0.3851373103766589 0.27726963878339295
-0.7674646795155551 -0.4770211766935605 0.2841007851597427
-0.8699991155806424 -0.4985894187614008 0.282950943845944
-0.8621512848175956 -0.555537143056592 0.2850881545808564
-0.8069601514035285 -0.5732268841702673 0.286731680605212
-0.9725335516457297 -0.5201576608292411 0.2818011025321453
-0.9094945874686159 -0.5947951262381077 0.2855818392914133
-0.8621512848175956 -0.555537143056592 0.2850881545808564
-0.8699991155806424 -0.4985894187614008 0.282950943845944
-0.846455623291502 -0.6694325916469742 0.2893625760506813
-0.8069601514035285 -0.5732268841702673 0.286731680605212
-0.8621512848175956 -0.555537143056592 0.2850881545808564
-0.9094945874686159 -0.5947951262381077 0.2855818392914133
-0.8942387063707247 0.321150801178143 0.2958306948420866
-0.9667136859184063 0.3739367174852558 0.2846403326234215
-0.9995233289281272 0.32460571104098784 0.2852745601871134
-0.9796906606591468 0.2735472496652974 0.2911868550782919
-1.039188665466088 0.4267226337923686 0.2734499704047564
-1.0521656402068285 0.32633316597241024 0.2799964928596268
-0.9995233289281272 0.32460571104098784 0.2852745601871134
-0.9667136859184063 0.3739367174852558 0.2846403326234215
-1.065142614947569 0.2259436981524519 0.2865430153144973
-0.9796906606591468 0.2735472496652974 0.2911868550782919
-0.9995233289281272 0.32460571104098784 0.2852745601871134
-1.0521656402068285 0.32633316597241024 0.2799964928596268
1.07786990541737 0.6360876352605992 -0.1634498149546428
1.0409344710967736 0.5574036325646828 -0.22082128386898775
1.004504330579685 0.5841031899061587 -0.2375161345746476
1.0047569774814389 0.636794969924855 -0.21717782547030506
1.003999036776177 0.4787196298687664 -0.2781927527833327
0.9678215431608426 0.5581109672289385 -0.27454929438465003
1.004504330579685 0.5841031899061587 -0.2375161345746476
1.0409344710967736 0.5574036325646828 -0.22082128386898775
0.9316440495455081 0.6375023045891106 -0.2709058359859673
1.0047569774814389 0.636794969924855 -0.21717782547030506
1.004504330579685 0.5841031899061587 -0.2375161345746476
0.9678215431608426 0.5581109672289385 -0.27454929438465003
0.8185376381782947 -0.1588549647123298 0.2497615140619239
0.9066867613630825 -0.17158962618077578 0.27476531362367934
0.9068894748045605 -0.11439308412051725 0.27828252737863496
0.8629162699329056 -0.07942748235616501 0.2675392344752351
0.9948358845478702 -0.1843242876492218 0.2997691131854348
0.9510653931176933 -0.092162143824611 0.29254303403699056
0.9068894748045605 -0.11439308412051725 0.27828252737863496
0.9066867613630825 -0.17158962618077578 0.27476531362367934
0.9072949016875165 -2.222231594468659e-16 0.2853169548885463
0.8629162699329056 -0.07942748235616501 0.2675392344752351
0.9068894748045605 -0.11439308412051725 0.27828252737863496
0.9510653931176933 -0.092162143824611 0.29254303403699056
0.6394469724376254 0.7173675371085692 0.2974533531384823
0.6522389437709832 0.8092647233181127 0.28620795048569625
0.6031018044417972 0.8278099474334945 0.29080413111671516
0.5721372491105252 0.7911339663864134 0.29872492275861773
0.6650309151043411 0.9011619095276562 0.2749625478329102
0.5849292204438832 0.8830311525959569 0.28747952010583167
0.6031018044417972 0.8278099474334945 0.29080413111671516
0.6522389437709832 0.8092647233181127 0.28620795048569625
0.5048275257834252 0.8649003956642577 0.2999964923787531
0.5721372491105252 0.7911339663864134 0.29872492275861773
0.6031018044417972 0.8278099474334945 0.29080413111671516
0.5849292204438832 0.8830311525959569 0.28747952010583167
-0.4538928247135268 -0.8815651822441891 0.2998810356463263
-0.5416833241522064 -0.9262572013065538 0.27771581869576
-0.5163153059169834 -0.9699761455188641 0.2706872396331828
-0.4597360470800321 -0.9694896080938371 0.2782555585771773
-0.629473823590886 -0.9709492203689184 0.2555506017451937
-0.5475265465187117 -1.0141816271562016 0.25609034162661104
-0.5163153059169834 -0.9699761455188641 0.2706872396331828
-0.5416833241522064 -0.9262572013065538 0.27771581869576
-0.4655792694465373 -1.057414033943485 0.2566300815080284
-0.4597360470800321 -0.9694896080938371 0.2782555585771773
-0.5163153059169834 -0.9699761455188641 0.2706872396331828
-0.5475265465187117 -1.0141816271562016 0.25609034162661104
0.5940067295585165 -0.82790612222037 0.2994004801528212
0.6805751590136642 -0.7969191849599718 0.2936931418553922
0.6600828618131468 -0.742933015576371 0.2884065085247525
0.6065524984853143 -0.7314333995147697 0.2886168610081472
0.7671435884688117 -0.7659322476995737 0.2879858035579631
0.6931209279404619 -0.7004464622543716 0.2829095227107181
0.6600828618131468 -0.742933015576371 0.2884065085247525
0.6805751590136642 -0.7969191849599718 0.2936931418553922
0.619098267412112 -0.6349606768091695 0.2778332418634732
0.6065524984853143 -0.7314333995147697 0.2886168610081472
0.6600828618131468 -0.742933015576371 0.2884065085247525
0.6931209279404619 -0.7004464622543716 0.2829095227107181
0.8383580755894142 0.9301119596825209 -0.1624982987537755
0.8344290932426623 0.855440183954703 -0.2139453977377599
0.7857048152610883 0.8547548288068897 -0.2373336779486639
0.7633071674436771 0.8917480390968919 -0.2233042685621237
0.8305001108959104 0.7807684082268851 -0.2653924967217443
0.7593781850969252 0.817076263369074 -0.27475136754610807
0.7857048152610883 0.8547548288068897 -0.2373336779486639
0.8344290932426623 0.855440183954703 -0.2139453977377599
0.68825625929794 0.8533841185112631 -0.2841102383704719
0.7633071674436771 0.8917480390968919 -0.2233042685621237
0.7857048152610883 0.8547548288068897 -0.2373336779486639
0.7593781850969252 0.817076263369074 -0.27475136754610807
-0.8253787977011056 0.6410983280336954 0.2965889209467713
-0.8612390877039431 0.5651809523263407 0.2978962809022141
-0.8139700327210443 0.5264952414092854 0.2848337148430425
-0.7724053602281761 0.5451110738044351 0.27764875183573534
-0.8970993777067807 0.4892635766189861 0.2992036408576568
-0.8082656502310137 0.46919369809708045 0.2789561117911781
-0.8139700327210443 0.5264952414092854 0.2848337148430425
-0.8612390877039431 0.5651809523263407 0.2978962809022141
-0.7194319227552466 0.4491238195751748 0.2587085827246993
-0.7724053602281761 0.5451110738044351 0.27764875183573534
-0.8139700327210443 0.5264952414092854 0.2848337148430425
-0.8082656502310137 0.46919369809708045 0.2789561117911781
0.2630940659409104 1.025813213252285 0.2941382587666841
0.17266821957938075 1.076117140214229 0.2823933820767875
0.14550707584663558 1.02649620455644 0.28563827388869717
0.17713942716102782 0.9765337732465735 0.2931331581396003
0.08224237321785109 1.126421067176173 0.2706485053868909
0.08671358079949816 1.0268377002085174 0.28138828144970374
0.14550707584663558 1.02649620455644 0.28563827388869717
0.17266821957938075 1.076117140214229 0.2823933820767875
0.09118478838114523 0.9272543332408619 0.2921280575125165
0.17713942716102782 0.9765337732465735 0.2931331581396003
0.14550707584663558 1.02649620455644 0.28563827388869717
0.08671358079949816 1.0268377002085174 0.28138828144970374
1.012158055877062 -0.497535151227683 -0.2714018502108294
0.9838114267998249 -0.5863802889882073 -0.2593014661801738
0.9369125114113466 -0.5949057995292434 -0.271892506679927
0.9276363682557258 -0.5547459859194992 -0.2842382189451314
0.9554647977225879 -0.6752254267487314 -0.2472010821495182
0.8992897391784888 -0.6435911236800234 -0.2721378349144758
0.9369125114113466 -0.5949057995292434 -0.271892506679927
0.9838114267998249 -0.5863802889882073 -0.2593014661801738
0.8431146806343897 -0.6119568206113154 -0.2970745876794334
0.9276363682557258 -0.5547459859194992 -0.2842382189451314
0.9369125114113466 -0.5949057995292434 -0.271892506679927
0.8992897391784888 -0.6435911236800234 -0.2721378349144758
0.6988779473471258 0.1574894324508977 -0.09784048587699964
0.7021312633537032 0.1428280020564913 0.000762568309895871
0.6851801838792854 0.1899199352684872 0.02679180585701535
0.6750779861387877 0.22079661707168835 -0.009495102462872669
0.7053845793602807 0.1281665716620849 0.09936562249679139
0.678331302145365 0.20613518667728195 0.08910795172402285
0.6851801838792854 0.1899199352684872 0.02679180585701535
0.7021312633537032 0.1428280020564913 0.000762568309895871
0.6512780249304494 0.284103801692479 0.0788502809512543
0.6750779861387877 0.22079661707168835 -0.009495102462872669
0.6851801838792854 0.1899199352684872 0.02679180585701535
0.678331302145365 0.20613518667728195 0.08910795172402285
0.6663692774305443 0.4838733253431507 -0.2425984320143526
0.7033194457716578 0.4016525727678316 -0.23582012121578289
0.675561719018322 0.38543764589227836 -0.18686618804848518
0.6432077714710973 0.4184405587421613 -0.16577837686412114
0.7402696141127714 0.3194318201925125 -0.2290418104172132
0.6801579398122108 0.3362198061668422 -0.15900006606555145
0.675561719018322 0.38543764589227836 -0.18686618804848518
0.7033194457716578 0.4016525727678316 -0.23582012121578289
0.6200462655116502 0.3530077921411719 -0.08895832171388969
0.6432077714710973 0.4184405587421613 -0.16577837686412114
0.675561719018322 0.38543764589227836 -0.18686618804848518
0.6801579398122108 0.3362198061668422 -0.15900006606555145
0.1994250295794106 -1.103206139699922 -0.2744779538581457
0.10690178861732584 -1.1049544011827095 -0.2774126199762519
0.11196851637835152 -1.0516761377130746 -0.2837055396438364
0.16076350073990675 -1.0241628752368634 -0.2853846664185755
0.01437854765524108 -1.106702662665497 -0.2803472860943581
0.06824025977782198 -1.025911136719651 -0.28831933253668174
0.11196851637835152 -1.0516761377130746 -0.2837055396438364
0.10690178861732584 -1.1049544011827095 -0.2774126199762519
0.1221019719004029 -0.945119610773805 -0.2962913789790053
0.16076350073990675 -1.0241628752368634 -0.2853846664185755
0.11196851637835152 -1.0516761377130746 -0.2837055396438364
0.06824025977782198 -1.025911136719651 -0.28831933253668174
0.08224237321785109 1.126421067176173 0.2706485053868909
-0.0066420669747687955 1.134705909945307 0.2660894565138404
-0.03521319074180142 1.0869413144238775 0.2773827199277948
-0.0050565325290077845 1.0589165952785957 0.28530887607129723
-0.09552650716738868 1.142990752714441 0.26153040764079
-0.09394097272162767 1.0672014380477297 0.2807498271982468
-0.03521319074180142 1.0869413144238775 0.2773827199277948
-0.0066420669747687955 1.134705909945307 0.2660894565138404
-0.09235543827586666 0.9914121233810186 0.2999692467557036
-0.0050565325290077845 1.0589165952785957 0.28530887607129723
-0.03521319074180142 1.0869413144238775 0.2773827199277948
-0.09394097272162767 1.0672014380477297 0.2807498271982468
-0.2610605614444126 0.903498453398201 0.2940319749536634
-0.3291302197477708 0.8646224419261267 0.2910611762124242
-0.30361276714397634 0.8182635482716951 0.25754335970647474
-0.2568192116904 0.8145221071805164 0.24226985082411956
-0.397199878051129 0.8257464304540524 0.288090377471185
-0.3248888699937582 0.7756460957084421 0.23929905208288033
-0.30361276714397634 0.8182635482716951 0.25754335970647474
-0.3291302197477708 0.8646224419261267 0.2910611762124242
-0.2525778619363875 0.7255457609628319 0.1905077266945757
-0.2568192116904 0.8145221071805164 0.24226985082411956
-0.30361276714397634 0.8182635482716951 0.25754335970647474
-0.3248888699937582 0.7756460957084421 0.23929905208288033
-1.025022002279302 -0.7217333373319552 -0.1602363239556137
-1.073434718025923 -0.6405652032941715 -0.16026862789953172
-1.0358295995074698 -0.6108453417683236 -0.2001888554711674
-0.9928206823749327 -0.6365694780242915 -0.22013281728502626
-1.121847433772544 -0.5593970692563878 -0.1603009318434497
-1.0412333981215536 -0.5554013439865078 -0.22016512122894427
-1.0358295995074698 -0.6108453417683236 -0.2001888554711674
-1.073434718025923 -0.6405652032941715 -0.16026862789953172
-0.9606193624705635 -0.5514056187166279 -0.2800293106144388
-0.9928206823749327 -0.6365694780242915 -0.22013281728502626
-1.0358295995074698 -0.6108453417683236 -0.2001888554711674
-1.0412333981215536 -0.5554013439865078 -0.22016512122894427
-0.3410913592852787 -0.9877844536504268 0.2966031530942708
-0.40333531436590797 -1.022599243796956 0.2766166173011496
-0.35685934623834265 -1.0517095650002675 0.2727001717388075
-0.3024993846342453 -1.0488573305286584 0.28073521685419706
-0.4655792694465373 -1.057414033943485 0.2566300815080284
-0.36474333971487466 -1.0836721206751876 0.26074868106107585
-0.35685934623834265 -1.0517095650002675 0.2727001717388075
-0.40333531436590797 -1.022599243796956 0.2766166173011496
-0.263907409983212 -1.10993020740689 0.2648672806141233
-0.3024993846342453 -1.0488573305286584 0.28073521685419706
-0.35685934623834265 -1.0517095650002675 0.2727001717388075
-0.36474333971487466 -1.0836721206751876 0.26074868106107585
0.8815695884728612 -0.3333922023243791 0.2944389615708233
0.9703263115693196 -0.35759834531190116 0.2833937262694113
0.9784961692288364 -0.299840326091008 0.2888521885747524
0.9382027365103657 -0.25885824498680043 0.29710403737812907
1.059083034665778 -0.3818044882994232 0.2723484909679993
1.026959459606824 -0.2830643879743225 0.2860588020767171
0.9784961692288364 -0.299840326091008 0.2888521885747524
0.9703263115693196 -0.35759834531190116 0.2833937262694113
0.9948358845478702 -0.1843242876492218 0.2997691131854348
0.9382027365103657 -0.25885824498680043 0.29710403737812907
0.9784961692288364 -0.299840326091008 0.2888521885747524
1.026959459606824 -0.2830643879743225 0.2860588020767171
0.3033379098606331 1.200991022422882 -0.1817121277210758
0.2294942029354297 1.2355397373816335 -0.14523706433801292
0.23549894926164391 1.249100096919726 -0.0968247095586753
0.2754231758873527 1.2386059192093963 -0.09085606386053795
0.1556504960102263 1.270088452340385 -0.10876200095495
0.2015794689621493 1.2731546341681481 -0.05438100047747504
0.23549894926164391 1.249100096919726 -0.0968247095586753
0.2294942029354297 1.2355397373816335 -0.14523706433801292
0.2475084419140723 1.276220815995911 -7.347880794884119e-17
0.2754231758873527 1.2386059192093963 -0.09085606386053795
0.23549894926164391 1.249100096919726 -0.0968247095586753
0.2015794689621493 1.2731546341681481 -0.05438100047747504
0.5734206268413365 0.5539097867683418 0.221127674512252
0.606433799639481 0.6356386619384555 0.25929051382536716
0.5511014190449307 0.654900830445487 0.25322700356551103
0.5069286423485834 0.6236674771139457 0.2311138287790254
0.6394469724376254 0.7173675371085692 0.2974533531384823
0.5399418151467278 0.7053963522840594 0.26927666809214057
0.5511014190449307 0.654900830445487 0.25322700356551103
0.606433799639481 0.6356386619384555 0.25929051382536716
0.4404366578558302 0.6934251674595496 0.2410999830457988
0.5069286423485834 0.6236674771139457 0.2311138287790254
0.5511014190449307 0.654900830445487 0.25322700356551103
0.5399418151467278 0.7053963522840594 0.26927666809214057
