0.3186434394741034 0.6207067436002105 0.7163724568472298
0.33972681919395326 0.618682842034404 0.708390590911957
0.3608274084397228 0.6163190082227278 0.6999674716885254
0.38190982887137936 0.6136103290813353 0.6911058143700783
0.4029378988449271 0.6105534228097138 0.6818105070837337
0.4238749104833789 0.6071465259707357 0.6720886520871887
0.4446839241736847 0.6033895617845745 0.6619495783750541
0.4653280754445166 0.5992841874222185 0.6514048241368755
0.4857708886223478 0.5948338185536185 0.6404680882541888
0.5059765912780546 0.5900436299600726 0.629155150834976
0.525910423288617 0.5849205316393457 0.617483763627136
0.5455389343639185 0.5794731204896676 0.605473511991274
0.5648302641313723 0.5737116083265296 0.5931456509093453
0.5837543993235123 0.5676477276342086 0.5805229182230145
0.6022834032565006 0.5612946170530178 0.5676293289014177
0.6203916135910952 0.5546666891269164 0.5544899546058719
0.6380558052939888 0.5477794832622126 0.5411306931302482
0.6552553167228418 0.5406495071603563 0.5275780324404267
0.6719721377963834 0.5332940701766107 0.5138588140139492
0.6881909602356179 0.5257311121190712 0.5000000000000228

0.3186434394741034 0.6207067436002105 0.7163724568472298
0.3083291321289508 0.6358866849741903 0.7075176818660739
0.2978094065050199 0.6509114822307623 0.6983006513653555
0.2870941420451932 0.6657576027329505 0.6887261923337963
0.2761941704738736 0.6804017312478935 0.6788006071823434
0.26512123164566664 0.6948209341313776 0.6685316761556512
0.25388791821020196 0.7089928241875453 0.6579286437277665
0.24250760955605663 0.7228957236290845 0.647002188610046
0.23099439574408312 0.7365088225139147 0.6357643773395869
0.21936299237739756 0.7498123300575112 0.6242286017709855
0.20762864757296381 0.762787616317385 0.6124095011508752
0.19580704238976665 0.77541734191647 0.6003228698007168
0.18391418622361994 0.787685573710622 0.5879855517560545
0.1719663087927165 0.7995778846043663 0.5754153239980795
0.15997975040685666 0.8110814360679861 0.5626307701553952
0.14797085223460996 0.8221850422953669 0.5496511467419393
0.13595584825627882 0.8328792153515846 0.5364962441250121
0.1239507605183173 0.8431561910771522 0.5231862444820196
0.11197129919059341 0.8530099359273222 0.5097415790053194
0.1000327687770128 0.8624361353158836 0.4961827865537132

0.3186434394741034 0.6207067436002105 0.7163724568472298
0.3076383096999076 0.6070621478576541 0.7326897153935188
0.2963400395892986 0.5929226743176641 0.748749145719848
0.2847616900863944 0.5783008727008053 0.7645121846593598
0.2729182073860904 0.563212256009373 0.7799407713140759
0.26082635986866504 0.5476752783233038 0.7949977355383808
0.24850464440235326 0.5317112665013909 0.8096471890804949
0.23597316253924575 0.5153443049436423 0.8238549107235941
0.2232534680757584 0.4986010739618366 0.8375887165167936
0.21036838838790797 0.4815106437517101 0.8508188062806841
0.1973418228356403 0.4641042273911472 0.8635180780259167
0.1841985223122283 0.4464148976307416 0.8756624027279727
0.1709638546515253 0.4284772734252153 0.8872308530257417
0.15766356106274818 0.41032718311354005 0.8982058808041286
0.1443235090152706 0.39200131184226666 0.908573440212436
0.13096944703303348 0.3735368412074295 0.91832305437936
0.1176267666813698 0.35497108915150943 0.9274478258245462
0.10432027665302532 0.3363411578992001 0.935944392248846
0.09107399331109976 0.317683597173736 0.9438128309305427
0.07791095135971203 0.2990340891449526 0.9510565162951533

0.5994314451249396 -0.7461255939885058 -0.28979051156089636
0.6019026725784543 -0.73740805910439 -0.30650045205645365
0.6041700831172707 -0.7283659724458104 -0.32320507553121636
0.6062273436103067 -0.7190039466023987 -0.3398848814368857
0.6080687136963386 -0.7093277429362633 -0.35652011517532417
0.6096890948062874 -0.6993442683579444 -0.37309087631458016
0.6110840743875364 -0.6890615612429409 -0.38957723091496066
0.6122499645781176 -0.6784887663362573 -0.4059593265705288
0.6131838346592106 -0.6676360986927206 -0.42221750867886804
0.6138835367141334 -0.6565147969067592 -0.4383324363925445
0.6143477240383828 -0.6451370660907352 -0.4542851966823236
0.614575861975107 -0.6335160112594067 -0.4700574149564344
0.6145682309899015 -0.621665561963406 -0.4856313607322592
0.6143259219437517 -0.6096003891808822 -0.5009900469455222
0.6138508236688888 -0.597335815618458 -0.5161173216047474
0.6131456030947471 -0.5848877206861257 -0.5309979506515702
0.6122136783058104 -0.5722724414924445 -0.5456176910654075
0.6110591850359257 -0.5595066712544848 -0.5599633534482021
0.6096869372112431 -0.5466073565307115 -0.574022853535015
0.6081023822435262 -0.5335915946650792 -0.587785252292473

0.5994314451249396 -0.7461255939885058 -0.28979051156089636
0.6135876623878196 -0.7393470253741347 -0.27726549845927434
0.6275949389691017 -0.7322187071678994 -0.2645380075787591
0.6414319311833498 -0.724742833949835 -0.25162055221456026
0.6550775178876654 -0.7169229434516865 -0.2385265995873528
0.6685109453316469 -0.7087639331213056 -0.22527051089347044
0.6817119722561509 -0.7002720628075645 -0.2118674702116099
0.6946610130332833 -0.691454943031961 -0.19833340295633595
0.7073392766060596 -0.6823215085961556 -0.18468488481054138
0.7197288990124107 -0.6728819775754267 -0.17093904229451537
0.7318130673659217 -0.6631477960566501 -0.15711344632999655
0.7435761333135182 -0.6531315692853696 -0.14322600032587365
0.7550037141942861 -0.6428469801791564 -0.1292948244415525
0.7660827803772743 -0.6323086964333884 -0.11533813776949091
0.7768017275508986 -0.6215322676814379 -0.10137414021686744
0.7871504330620693 -0.6105340143659616 -0.08742089585665729
0.7971202957478732 -0.5993309101253687 -0.07349621946141564
0.8067042590544202 -0.5879404595954378 -0.05961756783167279
0.8158968175842213 -0.5763805735686233 -0.04580193738964375
0.8246940075437323 -0.5646694434432183 -0.032065769334050045

0.5994314451249396 -0.7461255939885058 -0.28979051156089636
0.5823914488531262 -0.7611598128469456 -0.28540486963182565
0.5648709222802686 -0.7759251848005156 -0.2808219164426533
0.5468878842303675 -0.7903879650776827 -0.2760443927023186
0.5284631551659871 -0.8045150384910993 -0.27107608982290343
0.5096202830965448 -0.8182742403904085 -0.26592185801490176
0.4903854276906489 -0.8316346765539122 -0.260587599593168
0.4707872030022421 -0.8445670353019765 -0.2550802469235038
0.45085648041245047 -0.8570438850233338 -0.24940772484870682
0.4306261545826984 -0.8690399504638943 -0.24357889786890496
0.4101308763536434 -0.8805323615410152 -0.2376035027948775
0.38940675755291937 -0.8915008691044648 -0.23149206802416777
0.36849105354100514 -0.9019280229439267 -0.22525582098738225
0.34742182998529625 -0.9117993084038423 -0.21890658565685717
0.32623762077543544 -0.9211032391606413 -0.2124566722853335
0.3049770841596097 -0.9298314049883786 -0.205918761735885
0.2836786640880612 -0.9379784746261507 -0.19930578686835088
0.26238026340754456 -0.9455421551047457 -0.19263081345947883
0.24111893498350165 -0.9525231100356697 -0.1859069230566668
0.2199305960712486 -0.9589248403660748 -0.1791471000062326

0.49042358854977575 0.29875776985237723 0.8186748431134271
0.4967733858793139 0.28373362430454335 0.8201898765048313
0.5030187000756892 0.2685623913935071 0.8214903707915051
0.5091528497508732 0.2532549627050003 0.8225723673062775
0.5151693429575075 0.23782270283327775 0.8234323955819352
0.5210619083898853 0.22227741034461135 0.8240674975240705
0.526824525635371 0.2066312750231092 0.8244752484892378
0.5324514541547934 0.1908968317355822 0.824653774987881
0.5379372606806363 0.1750869113056424 0.8246017687713647
0.5432768447379183 0.15921458883507658 0.824318497107574
0.5484654620142999 0.1432931299515689 0.8238038090990618
0.5534987453327594 0.1273359354950126 0.823058137950577
0.5583727230116254 0.11135648517908955 0.8220824991478299
0.5630838344321472 0.09536828077989652 0.8208784845653326
0.5676289426723435 0.07938478940878968 0.8194482525768174
0.5720053441067154 0.06341938742220729 0.8177945142958284
0.5762107749136002 0.047485305507187464 0.8159205161254112
0.5802434144745323 0.03159557545805957 0.8138300188432535
0.5841018856919933 0.01576297912803007 0.8115272734912037
0.5877852522924748 -1.439658655611997e-16 0.8090169943749462

0.49042358854977575 0.29875776985237723 0.8186748431134271
0.5032493970052972 0.31220318046101325 0.8057724359419556
0.5159317861399777 0.32560997466720076 0.7923336017408559
0.5284454845688068 0.33895440150769657 0.7783670622125517
0.540765394206725 0.3522124118722407 0.7638842879334438
0.5528668100217387 0.36535985141224436 0.7488995055095239
0.5647256425818796 0.37837266201959063 0.7334296675528552
0.5763186391140761 0.39122708827501174 0.7174943843749271
0.5876235986440597 0.40389988497244245 0.7011158172768982
0.5986195767878904 0.41636852165688276 0.6843185343533733
0.6092870759244576 0.428611380081982 0.6671293307715099
0.6196082167928854 0.4406079406060839 0.6495770164942771
0.6295668880189266 0.4523389538004409 0.6316921753392921
0.6391488706616876 0.4637865939313922 0.6135069000601437
0.6483419355606842 0.4749345914827673 0.5950545087691735
0.6571359120221052 0.48576834248257594 0.576369248461962
0.6655227271775924 0.49627499306130257 0.5574859916375514
0.6734964161431217 0.5064434983671513 0.538439932029574
0.6810531038652073 0.5162646556648642 0.5192662852783785
0.6881909602356179 0.5257311121190712 0.5000000000000228

0.49042358854977575 0.29875776985237723 0.8186748431134271
0.47092115525837147 0.30018024624350176 0.8295330525634956
0.4510052644868065 0.3014632697699676 0.8400679427193883
0.4306982728396329 0.302601148039281 0.8502538109166381
0.41002491607818015 0.3035887285188433 0.8600659580005439
0.3890121925844651 0.30442146126311437 0.8694809301779178
0.36768921261440873 0.3050954559138867 0.8784767530832525
0.34608701472761205 0.30560753161672555 0.887033153188798
0.3242383517046862 0.3059552586246743 0.8951317618114871
0.3021774491509283 0.30613699053717447 0.9027562972638187
0.27993974079649725 0.30615188634226503 0.9098927211555562
0.25756158519992317 0.3059999216853681 0.9165293654640048
0.23507996911038115 0.30568188906799 0.9226570277296365
0.21253220311844567 0.30519938697256666 0.9282690325704016
0.18995561540780923 0.3045547982027112 0.933361258606091
0.16738724940466373 0.30375125800851926 0.9379321308042404
0.14486357091066537 0.30279261282244146 0.9419825791611911
0.12242018991334916 0.3016833706521502 0.9455159654778639
0.10009160171724683 0.3004286443546446 0.9485379807455823
0.07791095135971203 0.2990340891449526 0.9510565162951533

0.5437531766552417 -0.8389141489519162 0.023569759557866013
0.5607419370685411 -0.8277312599343205 0.020722966490403106
0.5776187300602269 -0.8161115869139007 0.01784601884133895
0.5943580016543978 -0.8040617488096852 0.014942221069900603
0.6109342159918995 -0.791590185826915 0.012015050265123586
0.6273220314082965 -0.7787071579164069 0.009068137599330457
0.6434964796306757 -0.7654247230496463 0.006105247521576775
0.6594331453355194 -0.7517566949066103 0.003130254940613985
0.6751083432036483 -0.7377185800102399 0.00014712069988677512
0.6904992895802848 -0.7233274947948838 -0.002840134306549535
0.7055842659025802 -0.7086020635500548 -0.005827455990473978
0.7203427711938697 -0.6935622986188869 -0.008810784483920964
0.7347556611401735 -0.6782294646364735 -0.011786081680903837
0.7488052715531159 -0.6626259289515772 -0.014749358471594762
0.7624755243742795 -0.6467750006728071 -0.0176967012422577
0.7757520147760723 -0.6307007610067186 -0.020624297234344915
0.7886220783484593 -0.6144278877030808 -0.023528458387382347
0.8010748378131504 -0.5979814764881082 -0.026405643331246276
0.8131012291605276 -0.581386862349692 -0.029252477242444404
0.8246940075437323 -0.5646694434432183 -0.032065769334050045

0.5437531766552417 -0.8389141489519162 0.023569759557866013
0.541410949075785 -0.8399439587380347 0.036990950249166585
0.5389595903593717 -0.8408195402855715 0.05044859397068
0.5363995217510444 -0.841538971652441 0.06393521920978067
0.5337313532573512 -0.8421005801390903 0.07744324037308947
0.5309558843943506 -0.8425029504709397 0.09096497828710917
0.5280741040427094 -0.8427449318582363 0.10449268140279733
0.5250871893965735 -0.8428256438675066 0.11801854757168434
0.5219965040011928 -0.8427444810489594 0.13153474625380487
0.5188035948827752 -0.8425011162751913 0.14503344101194707
0.5155101887826287 -0.8420955027582516 0.15850681214265183
0.5121181875161559 -0.841527874724352 0.1719470792920971
0.5086296624855997 -0.8407987467380599 0.1853465239045309
0.5050468483834437 -0.8399089116805217 0.19869751135228733
0.5013721361309235 -0.83885943739891 0.21199251259961768
0.49760806510311084 -0.8376516620566787 0.22522412525753496
0.4937573146983559 -0.8362871882261758 0.23838509389352697
0.48982269531543887 -0.8347678757764851 0.25146832946821235
0.4858071388065265 -0.8330958336199218 0.2644669277806658
0.4817136884778531 -0.8312734103902042 0.2773741868150339

0.5437531766552417 -0.8389141489519162 0.023569759557866013
0.5288282962388605 -0.8486299959805665 0.01295233643508354
0.5135594742728621 -0.8580510544549391 0.002248184456116152
0.49796060903018996 -0.8671577007504049 -0.00852958870951971
0.48204720759423 -0.8759311599782947 -0.019367308271528272
0.4658363279411251 -0.8843536645735085 -0.03025081033187199
0.4493465017422703 -0.8924086063528707 -0.0411655278031399
0.4325976384185923 -0.9000806793067325 -0.052096583125843095
0.4156109114169595 -0.9073560104939604 -0.06302888648586658
0.3984086281071674 -0.9142222765998385 -0.07394723807129919
0.38101408509907275 -0.9206688039836608 -0.08483643278339852
0.3634514111378838 -0.9266866503802212 -0.0956813657352695
0.3457454000370944 -0.9322686668159215 -0.10646713683787173
0.3279213363411528 -0.9374095387417931 -0.11717915278807566
0.310004816564742 -0.94210580585614 -0.1278032248373013
0.2920215689271262 -0.9463558605712202 -0.13832566082923617
0.2739972744867648 -0.9501599255535803 -0.1487333501466274
0.2559573924855422 -0.9535200112190712 -0.15901384039379904
0.23792699253933472 -0.9564398544756104 -0.1691554048555958
0.2199305960712486 -0.9589248403660748 -0.1791471000062326

0.4546257418014239 0.8110470634408664 0.3681278253208422
0.4687140199316592 0.7990912902647118 0.376510660330597
0.4827100661092931 0.7867156421468461 0.38479798658287884
0.4965932486749423 0.773927923077646 0.3929767362722483
0.510342957625047 0.7607376675053507 0.4010339971137585
0.5239387432571341 0.7471561288073469 0.4089571034958973
0.5373604571257853 0.7331962488818194 0.4167337276285617
0.5505883931911014 0.7188726086496522 0.42435196926193847
0.5636034269637971 0.7042013596569924 0.43180044253324595
0.5763871504320182 0.6892001373796706 0.43906835851915044
0.5889220005973758 0.6738879572375198 0.4461456021330112
0.6011913795517291 0.6582850947149761 0.4530228021068958
0.6131797641894917 0.6424129513399631 0.45969139293573624
0.6248728038675395 0.6262939085829738 0.46614366783061756
0.6362574045887075 0.609951171991239 0.47237282192411917
0.6473217985858334 0.593408608060248 0.47837298518582827
0.6580555985103562 0.5766905764608036 0.48413924473283787
0.6684498357706716 0.5598217602816477 0.4896676564500861
0.6784969829085984 0.5428269969160254 0.4949552460607508
0.6881909602356179 0.5257311121190712 0.5000000000000228

0.4546257418014239 0.8110470634408664 0.3681278253208422
0.45736455801794906 0.8168840319858638 0.35145147510796476
0.45997130815950954 0.8224904276715179 0.3345682173470054
0.4624412261051365 0.827856853758384 0.31749195593533974
0.46476987654311874 0.8329744779074149 0.3002373744438954
0.46695318528728413 0.8378350903605138 0.2828198792706216
0.46898746727526297 0.8424311582560672 0.2652555355465276
0.4708694518506866 0.8467558753248672 0.24756099635575016
0.47259630496520066 0.8508032062674847 0.2297534259553204
0.4741656479789034 0.854567925186435 0.2118504177935422
0.4755755727884552 0.8580456475338841 0.19386990822479463
0.4768246530694133 0.8612328551361286 0.1758300869001259
0.47791195148189747 0.8641269139670983 0.15774930487473954
0.4788370227548083 0.8667260844617733 0.13964598151351923
0.47959991263173124 0.8690295242834559 0.12153851129294868
0.48020115272952 0.8710372835829656 0.10344517159175949
0.4806417514265245 0.8727502929096722 0.08538403253374965
0.48092318095978687 0.8741703440506047 0.06737286989558514
0.4810473609676777 0.8753000641817142 0.049429082021821016
0.481016638765014 0.876142883812083 0.03156961160126659

0.4546257418014239 0.8110470634408664 0.3681278253208422
0.4375450679301109 0.816704865170205 0.37622795847378476
0.42017460682602303 0.8220803431911542 0.3842358769262848
0.4025305352157025 0.8271611884492521 0.39213969008783206
0.3846303200677365 0.8319359249265951 0.3999276605851628
0.36649264526733083 0.8363940057373723 0.4075882826229759
0.3481373238983797 0.8405259024058349 0.4151103601377971
0.3295851969307132 0.8443231857801069 0.4224830835882948
0.3108580194100079 0.8477785971531275 0.4296961042150162
0.291978335529663 0.8508861083220133 0.43673960462264766
0.2729693442177261 0.8536409695153101 0.4436043645888822
0.25385475708844857 0.8560397443483694 0.45028182108491005
0.23465865077931058 0.8580803312232732 0.4567641216012826
0.2154053158141316 0.8597619708630834 0.46304417000610326
0.19611910419697323 0.861085239951602 0.4691156643158152
0.17682427794803074 0.8620520311299104 0.47497312592709257
0.15754486074200377 0.8626655198704272 0.48061192003576897
0.13830449470427722 0.862930118999448 0.486028267149343
0.11912630426545315 0.8628514218623782 0.4912192457774094
0.1000327687770128 0.8624361353158836 0.4961827865537132

0.015964436100292887 -0.4517935482239678 0.8919796671243112
0.015206326498661004 -0.4303390461850486 0.9025392362456929
0.014431545333186763 -0.40841273888251334 0.9126832776038905
0.013641087664878652 -0.38604278654331253 0.9223800126223429
0.012836061354042765 -0.36326054161456595 0.9315991704777369
0.012017681241627425 -0.34010038409561205 0.9403123438919601
0.01118726144734173 -0.31659950357476047 0.9484933312983935
0.010346205860323898 -0.2927976301152019 0.9561184570037424
0.009495996957010295 -0.2687367178006971 0.9631668612174638
0.008638183137567956 -0.2444605863566118 0.9696207524131605
0.0077743648238111675 -0.22001452772095062 0.9754656154080026
0.0069061796050984125 -0.19544488567323418 0.9806903697637898
0.006035286751855633 -0.1707986175672011 0.9852874745732617
0.00516335143723468 -0.14612284780373563 0.9892529773276713
0.0042920290148669785 -0.12146442289129003 0.992586506284778
0.0034229496944114496 -0.09686947776388424 0.9952912074830872
0.002557703937164798 -0.07238302247687112 0.9973736291920309
0.0016978288627279108 -0.04804855751558985 0.9988435580699432
0.0008447959165923372 -0.023907724788058284 0.9997138125560324
6.123233995736766e-17 -1.499759782661858e-32 1.0

0.015964436100292887 -0.4517935482239678 0.8919796671243112
0.00024250259459620118 -0.46399500843010644 0.8858377804905574
-0.015600763293340121 -0.47608694487050873 0.8792598234359003
-0.03154561396441246 -0.4880498388871114 0.8722455095911201
-0.047571476885775336 -0.49986428247191056 0.864796307633045
-0.06365707402271802 -0.511511119325392 0.856915486925841
-0.07978055299670822 -0.5229715873972154 0.8486081440445739
-0.0959196282507485 -0.5342274606093035 0.8398812090094487
-0.11205173021396815 -0.5452611873953894 0.8307434304743108
-0.12815416021589132 -0.5560560236925542 0.8212053395677511
-0.1442042487179944 -0.5665961580918774 0.811279192563943
-0.16017951431460847 -0.5768668269964344 0.8009788930458792
-0.17605782091270852 -0.586854417841671 0.7903198946978255
-0.19181753053317419 -0.5965465586986847 0.7793190863086259
-0.20743764928378233 -0.6059321928954852 0.767994660966134
-0.22289796423217076 -0.615001637642884 0.7563659717608433
-0.23817916914781043 -0.6237466260267926 0.7444533765819396
-0.25326297737546877 -0.6321603321130813 0.7322780747732323
-0.26813222043650475 -0.6402373792904429 0.7198619385153621
-0.2827709313150347 -0.6479738323374222 0.7072273418139192

0.015964436100292887 -0.4517935482239678 0.8919796671243112
0.03242314111133085 -0.4607003765656905 0.8869633041748152
0.048978687812570545 -0.4694916004249193 0.8815774074184335
0.06561287047375214 -0.4781543969004598 0.8758215137532032
0.08230688241313958 -0.4866761586652374 0.8696964376690745
0.09904141348521266 -0.49504457628846293 0.8632043013691645
0.11579675506829558 -0.5032477198112569 0.8563485528804401
0.13255291131446964 -0.5112741183975208 0.8491339715020806
0.14928971526394666 -0.519112836882136 0.8415666601645947
0.1659869482957695 -0.5267535480688132 0.83365402451639
0.18262446129143628 -0.5341865996901087 0.8254047388097141
0.19918229583177416 -0.5414030750311244 0.8168286989167474
0.2156408037326416 -0.5483948463338271 0.8079369630608806
0.23198076325273198 -0.5551546202373507 0.7987416810895764
0.24818349037614998 -0.56167597466671 0.7892560133359217
0.2642309436811626 -0.5679533867529393 0.7794940403089868
0.28010582145070484 -0.5739822515462176 0.7694706646126028
0.2957916498546419 -0.5797588914642315 0.7592015066136488
0.31127286123223924 -0.5852805565951401 0.7487027954615758
0.3265348617187975 -0.5905454161426439 0.7379912570994303

0.7685367932144612 -0.19100858906429094 -0.6106282964122293
0.7812808031434062 -0.18168517285210406 -0.5971522457508599
0.7937818418816505 -0.17221116246374382 -0.5833126974632564
0.806017038823417 -0.16259657735023383 -0.5691211524449955
0.8179641117879959 -0.15285220950615003 -0.5545907625231087
0.8296015424503024 -0.14298957204316998 -0.5397362902853488
0.8409087484975784 -0.13302083802541326 -0.5245740494451219
0.851866249561455 -0.12295877019981188 -0.5091218259798443
0.8624558240064905 -0.11281664248207872 -0.4933987807203787
0.8726606537755992 -0.1026081542700781 -0.4774253345071159
0.8824654546983954 -0.09234733884307034 -0.4612230374477811
0.891856589955281 -0.08204846725969368 -0.4448144241969594
0.900822164749075 -0.0717259492832237 -0.4282228575125469
0.9093521006546242 -0.06139423293480625 -0.41147236261669984
0.9174381885798106 -0.051067704301132305 -0.3945874550879794
0.9250741197612973 -0.04076058920164017 -0.37759296513017315
0.932255494716876 -0.030486858253169047 -0.360513861098355
0.9389798105649286 -0.020260136760440677 -0.3433750751145151
0.9452464275828932 -0.01009362071400601 -0.32620133347774627
0.9510565162951535 -2.329416636978185e-16 -0.3090169943749477

0.7685367932144612 -0.19100858906429094 -0.6106282964122293
0.762829214164391 -0.20979181576854633 -0.6116199670169984
0.7567848741983038 -0.22862149579244279 -0.6123796745861865
0.7504047610780473 -0.24747502804530885 -0.6129019538599728
0.7436910831222662 -0.2663293065648281 -0.6131820882487746
0.7366472899193158 -0.28516085068824576 -0.6132161604925978
0.7292780810765822 -0.30394594254564217 -0.6130010966314002
0.7215894024724031 -0.32266077011818695 -0.6125347024179602
0.713588429709082 -0.34128157393621666 -0.6118156914275289
0.7052835387141645 -0.3597847953682551 -0.6108437042653779
0.6966842636944959 -0.37814722437832304 -0.6096193184401462
0.6878012429052974 -0.39634614460883844 -0.6081440486526509
0.6786461529460077 -0.4143594736817406 -0.606420337440768
0.669231632527558 -0.43216589670064315 -0.6044515363148883
0.6595711968643031 -0.4497449910790247 -0.6022418777088808
0.6496791440212168 -0.46707734100882614 -0.5997964382521654
0.6395704546876703 -0.4841446401135878 -0.5971210940336066
0.629260686949266 -0.5009297810922074 -0.5942224686723406
0.6187658676865448 -0.5174169314441937 -0.5911078751302437
0.6081023822435262 -0.5335915946650792 -0.587785252292473

0.7685367932144612 -0.19100858906429094 -0.6106282964122293
0.7610853278543003 -0.18144704391751004 -0.6227568498045682
0.7533699624045107 -0.1717824938057186 -0.6347633216944049
0.7453940301770035 -0.16202244613355435 -0.6466347243424097
0.7371616155436281 -0.1521747709361428 -0.6583582547972195
0.7286775508453602 -0.14224767183713588 -0.6699213586316846
0.7199474075584388 -0.13224965388382992 -0.6813117930855817
0.7109774816670266 -0.12218948853018158 -0.6925176889113703
0.7017747732776006 -0.112076176087843 -0.7035276102220147
0.6923469605975869 -0.10191890600971427 -0.7143306116561619
0.6827023684875755 -0.09172701540874287 -0.7249162922059754
0.6728499318806378 -0.08150994624570403 -0.7352748450962017
0.6627991544416777 -0.07127720164260598 -0.7453971031587098
0.6525600629123454 -0.06103830179253696 -0.7552745792134931
0.6421431576510386 -0.050802739941834346 -0.7648995010433435
0.631559359931307 -0.04057993891630484 -0.7742648406331691
0.6208199566043479 -0.030379208650041567 -0.7833643374341042
0.6099365427613281 -0.0202097051536141 -0.7921925155048882
0.5989209630485088 -0.010080391328750705 -0.800744694476152
0.5877852522924737 -1.439658655611995e-16 -0.809016994374947

-0.012130188293457154 -0.7680974120726167 0.6402181066631232
0.00571653242726774 -0.7617165928757857 0.6478851390445012
0.023693215765518614 -0.7549664917123113 0.6553352027155973
0.041778178394524634 -0.7478484705284347 0.662553581937579
0.05994887861298545 -0.7403653477296634 0.6695261636666486
0.07818204341309318 -0.7325214237316575 0.6762395521277196
0.09645380732976067 -0.7243224910220939 0.6826811789196638
0.11473986130031559 -0.7157758280025267 0.6888394067386692
0.13301560948406235 -0.7068901762056077 0.6947036248772482
0.1512563317586944 -0.6976757008338718 0.7002643347828515
0.1694373494357013 -0.6881439349298498 0.7055132241393258
0.187534191627624 -0.6783077078507795 0.7104432281616845
0.205522759661551 -0.6681810590715079 0.7150485770625508
0.22337948696786034 -0.6577791386634805 0.719324828948025
0.24108149197994505 -0.6471180960842078 0.7232688877209318
0.2586067217553913 -0.6362149591501473 0.7268790058988539
0.2759340842647576 -0.6250875052485917 0.730154772581171
0.2930435675811665 -0.6137541269655561 0.7330970871119667
0.3099163445308509 -0.6022336943642344 0.7357081192735615
0.3265348617187975 -0.5905454161426439 0.7379912570994303

-0.012130188293457154 -0.7680974120726167 0.6402181066631232
-0.02643525014010507 -0.7635315627140298 0.6452292075607718
-0.040796138618894626 -0.7587531752010652 0.6500994494660719
-0.05520222605200091 -0.7537633789767212 0.6548232454277259
-0.06964265598699869 -0.7485638023795946 0.6593952792021487
-0.08410638191438408 -0.7431565752214518 0.6638105311204353
-0.09858220787259107 -0.7375443281800838 0.6680643024891797
-0.11305883060741446 -0.7317301889440623 0.672152238268661
-0.1275248829262254 -0.7257177750859588 0.6760703477885555
-0.14196897786617682 -0.7195111836818578 0.6798150232823373
-0.15637975328030929 -0.7131149777367408 0.6833830560465465
-0.17074591643649945 -0.7065341695166562 0.6867716500596605
-0.1850562882218059 -0.6997742009286729 0.6899784329268598
-0.19929984654906455 -0.6928409211275497 0.6930014640508689
-0.21346576857348298 -0.6857405615630751 0.6958392399645845
-0.2275434713442429 -0.67847970871338 0.6984906967976157
-0.24152265053933705 -0.6710652747765883 0.700955209885393
-0.25539331696047973 -0.6635044666154258 0.7032325905653856
-0.26914583049826746 -0.655804753266479 0.7053230802394675
-0.2827709313150347 -0.6479738323374222 0.7072273418139192

-0.012130188293457154 -0.7680974120726167 0.6402181066631232
-0.015638952293891055 -0.7786692689085614 0.6272396613963087
-0.019161077907445232 -0.7890657475604033 0.6140098526248312
-0.022693492214216626 -0.7992746491936912 0.6005372932361696
-0.02623305213857359 -0.809284110961371 0.5868313682148887
-0.0297765575641921 -0.8190826682229129 0.5729022073936005
-0.03332076514469782 -0.8286593150117092 0.5587606520277684
-0.03686240267788129 -0.8380035620507641 0.5444182153997466
-0.040398183899879606 -0.8471054916364431 0.529887037751417
-0.043924823546626 -0.8559558087435922 0.5151798359354727
-0.04743905252354833 -0.8645458877521943 0.5003098482604936
-0.05093763302115752 -0.8728678142549899 0.48529077508223684
-0.05441737341393317 -0.8809144214758801 0.47013671576100524
-0.05787514278281566 -0.8886793209087653 0.4548621026608
-0.061307884907590954 -0.8961569268738389 0.43948163290881054
-0.06471263158434774 -0.903342474781039 0.4240101986625987
-0.06808651513475635 -0.9102320329860847 0.40846281664653883
-0.07142677998784412 -0.9168225082208533 0.39285455771849137
-0.07473079323083859 -0.9231116446744887 0.377200477212649
-0.07799605404308768 -0.9290980168922862 0.3615155467756938

0.2588981450683693 -0.8334761102203232 0.48814887500859555
0.24200501341452266 -0.841422963232045 0.4831572936715759
0.22490919650580532 -0.8491048853417357 0.4779505696365587
0.20762746033303717 -0.8565076538070877 0.472530926697429
0.1901775136916577 -0.863617756361389 0.466901364512227
0.17257792718429946 -0.8704224920406497 0.46106566169962804
0.15484804170689892 -0.8769100667530574 0.45502837143049335
0.13700786736078135 -0.8830696820744957 0.44879480933061133
0.11907797394703436 -0.8888916158370086 0.44237103365313307
0.1010793743916616 -0.8943672931994179 0.4357638178276588
0.08303340261362194 -0.899489347048121 0.42898061564288575
0.06496158747694297 -0.9042516667672859 0.42202951946642414
0.04688552455789297 -0.9086494346356414 0.4149192120440562
0.028826747505400346 -0.9126791493451533 0.4076589125468341
0.010806600775867205 -0.9163386363875254 0.40025831764389536
-0.007153884517709724 -0.9196270453096429 0.39272753846829134
-0.02503410998603926 -0.9225448340906307 0.3850770344098667
-0.04281402303965687 -0.9250937411332959 0.37731754471156304
-0.06047422228416683 -0.9272767455841057 0.36946001886276547
-0.07799605404308768 -0.9290980168922862 0.3615155467756938

0.2588981450683693 -0.8334761102203232 0.48814887500859555
0.2712622519598722 -0.8353216656125692 0.478178319897402
0.2836116780742588 -0.8369604382703618 0.4680402128345243
0.2959362948056234 -0.8383884890688263 0.4577405933644181
0.30822591010808104 -0.8396023256659755 0.4472859522434507
0.32047030841041885 -0.8405989248125549 0.4366832135900205
0.33265929138432365 -0.8413757519688759 0.42593971387332297
0.3447827192015694 -0.841930777984551 0.415063177868503
0.35683055190161433 -0.8422624926300558 0.40406169174792406
0.36879289048319974 -0.8423699148063827 0.39294367351839904
0.3806600173320553 -0.8422525993000495 0.3817178410515672
0.3924224356018483 -0.8419106399945506 0.37039317798830895
0.4040709071770231 -0.8413446694950655 0.3589788978274023
0.41559648886397327 -0.8405558551699204 0.34748440653287044
0.42699056648070244 -0.8395458916589188 0.3359192640131253
0.43824488654422455 -0.838316989944213 0.3242931448376826
0.44935158528879743 -0.8368718631229249 0.31261579856368266
0.46030321478586345 -0.8352137090613367 0.30089701004463976
0.47109276597745386 -0.833346190147331 0.2891465600878563
0.4817136884778531 -0.8312734103902042 0.2773741868150339

0.2588981450683693 -0.8334761102203232 0.48814887500859555
0.2632864043251007 -0.8232807414261935 0.5028807911367232
0.2676105532771593 -0.8127417018790124 0.5175282772965158
0.27186478931134345 -0.8018646135928318 0.5320739401627537
0.27604343534021963 -0.790656251532862 0.5465004242611105
0.2801409738765248 -0.7791245352148308 0.5607905075710411
0.2841520805054679 -0.7672785099915497 0.5749271982169232
0.2880716563109942 -0.7551283179583085 0.5888938310491088
0.29189485881781185 -0.7426851585881008 0.6026741628846365
0.2956171310269237 -0.7299612393902484 0.6162524651725647
0.29923422814839906 -0.71696971706654 0.6296136128721784
0.302742241670636 -0.7037246298122525 0.6427431683836448
0.3061376204495325 -0.690240821570209 0.6556274594490236
0.30941718855259137 -0.6765338591895744 0.6682536500448547
0.31257815965057806 -0.6626199435631679 0.6806098034129408
0.31561814781122605 -0.6485158159142248 0.6926849365197126
0.31853517461384306 -0.6342386604732226 0.7044690653924136
0.3213276725686104 -0.6198060048260259 0.715953240947508
0.3239944848880509 -0.6052356192257238 0.7271295750982635
0.3265348617187975 -0.5905454161426439 0.7379912570994303

0.7309067720714626 0.6624430333753388 -0.16414785430384005
0.7203891212563778 0.6761631210012042 -0.15441161799998962
0.7095116358182633 0.689709834751351 -0.14454612580680393
0.698281024805516 0.7030624767898817 -0.1345613768012023
0.6867054132755335 0.7162006657877282 -0.12446799469459473
0.6747943313037444 0.7291044760597256 -0.1142771780803386
0.6625586882274036 0.7417545758740925 -0.10400064338371745
0.650010731996292 0.7541323628470359 -0.09365056111092661
0.6371639938016342 0.7662200943255609 -0.08323948614977986
0.6240332184602353 0.7780010107076737 -0.07278028301675131
0.6106342813329637 0.7894594497513547 -0.06228604706724508
0.5969840928449246 0.8005809500800466 -0.05177002278396692
0.5831004919389157 0.8113523422986173 -0.04124552032817354
0.5690021300248443 0.8217618263834409 -0.030725831577708498
0.5547083471777335 0.8317990342950727 -0.02022414688265914
0.5402390424795327 0.8414550770722828 -0.009753473744074143
0.5256145404909126 0.8507225759912334 0.0006734414353204497
0.510855455876517 0.8595956777022802 0.011044187464616901
0.4959825581909042 0.8680700535782736 0.02134675738887804
0.481016638765014 0.876142883812083 0.03156961160126659

0.7309067720714626 0.6624430333753388 -0.16414785430384005
0.7408569857085311 0.6534091724206909 -0.1555229247518744
0.7506612688947579 0.644167394545589 -0.14681970979967118
0.7603099065364262 0.634722492686279 -0.13804420777666687
0.7697934311672376 0.6250797921332613 -0.12920265786124616
0.7791026655544199 0.6152451389076751 -0.12030151942711946
0.7882287641461304 0.6052248845210015 -0.11134744958554012
0.7971632529458191 0.5950258671812899 -0.1023472790942379
0.805898067410941 0.5846553895563631 -0.09330798682860807
0.8144255879922163 0.5741211932509753 -0.08423667303264738
0.8227386729552616 0.5634314301996417 -0.07514053158583289
0.8308306881584151 0.5525946312188675 -0.06602682153714598
0.8386955334983658 0.5416196720008191 -0.056902838168380376
0.8463276657779738 0.5305157368642649 -0.04777588385547984
0.8537221177975554 0.5192922806071362 -0.038653238998774445
0.8608745135208649 0.5079589888276959 -0.02954213329058682
0.8677810792189765 0.49652573709765646 -0.020449717581850633
0.8744386505480932 0.48500254938034193 -0.011383036598314227
0.8808446755698964 0.47339955609007733 -0.0023490027419014216
0.886997213774254 0.4617269521854738 0.006645628805735385

0.7309067720714626 0.6624430333753388 -0.16414785430384005
0.7310924481652888 0.6574363375751728 -0.18243161532866978
0.7310140450238025 0.6521593795479202 -0.20076506081888257
0.7306668868853133 0.6466133760561664 -0.21912791313425006
0.7300471107516986 0.6408004588390889 -0.2374994484934865
0.729151710042865 0.6347236862743296 -0.2558586051394247
0.7279785713366735 0.6283870466635445 -0.2741840973872921
0.7265265034808323 0.6217954528336436 -0.2924545342020196
0.7247952584830317 0.6149547278971786 -0.31064854082615956
0.7227855437237963 0.6078715821757127 -0.32874488188729556
0.7204990251895352 0.6005535814546319 -0.3467225843566355
0.7179383215866981 0.593009106901812 -0.36456105871141814
0.7151069893669599 0.5852473071407348 -0.3822402166740713
0.712009498862813 0.577278043116163 -0.3997405839605225
0.7086512018976311 0.5691118265227414 -0.41704340656698063
0.7050382913891767 0.5607597526799073 -0.43413074925579676
0.7011777536060044 0.5522334288270185 -0.45098558506230724
0.6970773138582999 0.543544898878281 -0.4675918748304943
0.6927453765051139 0.534706565716497 -0.4839346359896732
0.6881909602364037 0.5257311121174905 -0.5000000000006034

0.8961907160713432 -0.3688896290624325 0.2465007951259267
0.8907567925365214 -0.3754168754325404 0.25615328651125485
0.8851594693900072 -0.3819004445954169 0.2657908278459283
0.8794002867012395 -0.3883366663793414 0.2754083682373468
0.8734810399832337 -0.3947219138357478 0.2850008482928658
0.8674037786069891 -0.4010526130343217 0.29456321297246174
0.8611708031305011 -0.4073252527439253 0.3040904245658929
0.8547846615429806 -0.4135363939398941 0.3135774757185865
0.8482481444338753 -0.41968267907890705 0.32301940242907756
0.8415642791053012 -0.4257608410839216 0.332411296940231
0.8347363226554256 -0.4317677119835963 0.34174832044671033
0.8277677540690621 -0.43770023115316165 0.35102571554222295
0.8206622653601121 -0.44355545310682526 0.3602388183319612
0.8134237518184273 -0.44933055479546347 0.36938307013835187
0.8060563014210284 -0.4550228423675099 0.37845402873168676
0.7985641834743302 -0.46062975735555217 0.387447379021386
0.7909518365599776 -0.4661488822561075 0.39635894314848025
0.7832238558620334 -0.47157794547532234 0.40518468992532597
0.7753849799575059 -0.47691482561882814 0.4139207435744927
0.7674400771555199 -0.4821575551096291 0.422563391725117

0.8961907160713432 -0.3688896290624325 0.2465007951259267
0.895133007472113 -0.38034330551784845 0.2325421873159508
0.8937738463939051 -0.39173732751642276 0.2184265957536649
0.8921097208784201 -0.40305881655993475 0.2041661977594043
0.890137984428161 -0.41429491268638524 0.18977379692768778
0.8878568904276097 -0.4254328421823677 0.17526277104065172
0.8852656197136126 -0.4364599861037638 0.16064701392610956
0.8823643007629229 -0.44736394879140934 0.14594087179716045
0.8791540220741898 -0.4581326255464415 0.13115907471730281
0.8756368364436504 -0.46875426862576486 0.11631666393118448
0.8718157569653445 -0.47921755073207434 0.10142891588346627
0.8676947447243594 -0.4895116252051649 0.08651126381418238
0.8632786882917063 -0.4996261821712218 0.07157921786636244
0.8585733752680197 -0.5095514999731978 0.05664828466903848
0.8535854562565239 -0.519278491286443 0.04173388736527516
0.8483224017699247 -0.5287987434171716 0.026851287040415776
0.842792452687731 -0.5381045523844283 0.012015506470921667
0.8370045649770942 -0.5471889504959851 -0.0027587429397308827
0.8309683494692849 -0.5560457272419054 -0.017457130242765063
0.8246940075437323 -0.5646694434432183 -0.032065769334050045

0.8961907160713432 -0.3688896290624325 0.2465007951259267
0.902300891416636 -0.35072698119257184 0.2506864296532412
0.9081019350600265 -0.33230445965486477 0.2548031036579496
0.9135806455569988 -0.3136399192076422 0.25884436471184963
0.9187247266208998 -0.29475240725074797 0.26280391000752285
0.9235228891297219 -0.2756620788707636 0.26667562979421344
0.9279649457753929 -0.25639009845680744 0.2704536500500237
0.9320418967324818 -0.23695852886162633 0.2741323737449692
0.9357460048494364 -0.21739020936176345 0.2777065200566368
0.939070859035327 -0.19770862392705402 0.2811711609243091
0.94201142472444 -0.17793776153434857 0.2845217543682308
0.9445640805440573 -0.15810197044491892 0.28775417405729087
0.9467266405799541 -0.13822580850261545 0.29086473467918517
0.9484983619209317 -0.11833389159544974 0.2938502127499412
0.9498799374586672 -0.0984507424538443 0.2967078625918186
0.9508734742125846 -0.07860064193353296 0.2994354273070004
0.9514824577317423 -0.058807484851433126 0.3020311446758622
0.9517117033879198 -0.03909464231233727 0.3044937480096014
0.9515672956082324 -0.01948483228847646 0.3068224620843865
0.951056516295154 -2.329416636978186e-16 0.3090169943749463

0.8562098064324964 -0.394463042770706 -0.3336220545121427
0.8647707650895725 -0.37525054000715186 -0.33370429435465204
0.8730119932204242 -0.35571882152002154 -0.3336377971838757
0.8809143945545111 -0.3358889518244735 -0.33341931784003703
0.8884598586401288 -0.3157836757325084 -0.33304616755943656
0.8956314241031132 -0.2954273084747531 -0.33251625158237386
0.9024134336778167 -0.2748456040809513 -0.3318281010330343
0.9087916780694477 -0.25406560339127093 -0.330980898308568
0.914753525853987 -0.23311546359194396 -0.32997449533564294
0.9202880368600073 -0.21202427165462642 -0.3288094241983935
0.9253860568002827 -0.19082184448916378 -0.32748689980727086
0.9300402913202558 -0.1695385189759593 -0.3260088144580943
0.9342453580915286 -0.14820493531157483 -0.32437772431799816
0.9379978160846388 -0.12685181726813155 -0.3225968280628633
0.9412961716872803 -0.10550975302669768 -0.32066993807202354
0.9441408618714371 -0.08420898019533572 -0.3186014447536632
0.946534215135162 -0.06297917846708898 -0.31639627472218024
0.9484803914326345 -0.04184927312000279 -0.3140598436717495
0.9499853027424966 -0.020847252222619794 -0.3115980048845206
0.9510565162951535 -2.329416636978185e-16 -0.3090169943749477

0.8562098064324964 -0.394463042770706 -0.3336220545121427
0.8571385028186225 -0.4046427594014518 -0.31871276135390175
0.8577900224042014 -0.4147475634707197 -0.30361280615102676
0.8581591561638621 -0.4247656878456454 -0.28833482814454425
0.8582414651218915 -0.4346854438100307 -0.27289219938485904
0.858033321831784 -0.4444952839972653 -0.257298972268652
0.8575319459220104 -0.454183865555134 -0.24156982011957953
0.856735433105492 -0.4637401127790138 -0.22571997133894103
0.8556427771434052 -0.4731532784382118 -0.20976513777435213
0.8542538843610858 -0.48241300302509593 -0.19372143806586117
0.8525695804323933 -0.4915093711785155 -0.17760531682647626
0.8505916092758531 -0.5004329645716075 -0.1614334605947193
0.8483226240378511 -0.50917491060858 -0.14522271155807354
0.8457661702714485 -0.5177269263441278 -0.1289899800861652
0.842926661550339 -0.5260813571208581 -0.1127521571300355
0.8398093478824572 -0.534231209512209 -0.09652602753850502
0.8364202774033717 -0.5421701782581778 -0.08032818531476085
0.8327662519328398 -0.5498926669858971 -0.06417495178702663
0.8288547770662062 -0.5573938026137341 -0.04808229759829787
0.8246940075437323 -0.5646694434432183 -0.032065769334050045

0.8562098064324964 -0.394463042770706 -0.3336220545121427
0.8462270074737842 -0.40325115463469957 -0.34826478160696284
0.8358405181625099 -0.41194067894230396 -0.3628711964738735
0.8250555162652775 -0.4205186736434627 -0.3774220981836904
0.8138787226051467 -0.4289723577987693 -0.39189812596538326
0.8023184026897833 -0.4372891971971291 -0.4062798773259699
0.7903843525868811 -0.44545698981102866 -0.42054802985427714
0.7780878687137538 -0.45346394982011073 -0.43468346503407784
0.7654417015226604 -0.46129878892103804 -0.4486673922964291
0.7524599933901995 -0.46895079366251596 -0.46248147148887725
0.7391582013474304 -0.4764098975992891 -0.476107931933786
0.7255530056062364 -0.48366674714698865 -0.4895296862908395
0.7116622051359038 -0.4907127601385402 -0.5027304375292173
0.6975046018116705 -0.4975401762287925 -0.5156947774505432
0.6830998748849962 -0.5041420984622919 -0.5284082753800694
0.6684684477060228 -0.5105125255039854 -0.5408575558546288
0.6536313487566321 -0.5166463742277508 -0.5530303643742401
0.6386100691244443 -0.5225394925563746 -0.5649156205415099
0.6234264185630841 -0.5281886626423189 -0.576503458180196
0.6081023822435262 -0.5335915946650792 -0.587785252292473

0.8192506528861572 -0.17127476962395058 0.5472598295470517
0.8101324831605488 -0.16287636654203988 0.5631666262751962
0.8006155358200281 -0.15435046658207507 0.5789565590521495
0.7907041714717554 -0.14570569827720864 0.5946063930927047
0.7804043252502889 -0.1369513080972829 0.6100929669657602
0.7697235145895377 -0.12809711779372593 0.6253933478226884
0.7586708303660998 -0.11915347439091979 0.6404849886548356
0.7472569109547622 -0.11013119333158876 0.6553458852283326
0.7354938990815373 -0.10104149544550545 0.6699547302706155
0.7233953817206732 -0.0918959385602544 0.6842910624736607
0.7109763136474927 -0.08270634470422897 0.6983354079365356
0.6982529256160326 -0.07348472396036763 0.7120694117943277
0.6852426184665246 -0.06424319611009352 0.7254759579687677
0.6719638447707664 -0.0549939112573477 0.7385392752220482
0.658435979882636 -0.045748970640616504 0.751245027991079
0.6446791844675102 -0.03652034882594221 0.7635803908141809
0.630714260731641 -0.02731981842697674 0.7755341055239651
0.6165625046566598 -0.018158878421420745 0.7870965207558615
0.6022455565641772 -0.009048687030113472 0.7982596136982852
0.5877852522924748 -1.439658655611997e-16 0.8090169943749462

0.8192506528861572 -0.17127476962395058 0.5472598295470517
0.8188724693337712 -0.1881767497782923 0.5422521459709404
0.8182355514592042 -0.2051119342905642 0.5370471829735589
0.817336515393764 -0.22206407983998813 0.5316470305087755
0.8161726779449893 -0.23901665513653356 0.5260543682391091
0.8147420856933619 -0.25595291634255435 0.5202724655560507
0.8130435388442192 -0.2728559858290255 0.5143051768560561
0.8110766094171078 -0.2897089334459644 0.5081569319984232
0.8088416534340885 -0.30649485942564053 0.5018327219459355
0.8063398168571191 -0.32319697799274816 0.4953380796659819
0.8035730351205063 -0.33979870072945345 0.48867905644685955
0.800544026205157 -0.35628371873620557 0.4818621938591337
0.7972562773043833 -0.372636082641883 0.47489449166321995
0.7937140252336163 -0.38884027954908396 0.4677833720298751
0.7899222308358628 -0.40488130605135253 0.46053664049828313
0.7858865477284833 -0.42074473652748584 0.45316244414538903
0.7816132858224804 -0.4364167860018272 0.44566922747887916
0.7771093701208451 -0.45188436695623285 0.4380656865938577
0.7723822953658843 -0.46713513958641695 0.4303607221493461
0.7674400771555199 -0.4821575551096291 0.422563391725117

0.8192506528861572 -0.17127476962395058 0.5472598295470517
0.8283272546544391 -0.16268048854553938 0.5361054167262485
0.8372142084860055 -0.15399802805588847 0.5247446774042106
0.8459009763060172 -0.1452338685598863 0.5131848221719507
0.8543773967928276 -0.1363947869225501 0.50143367053865
0.8626337382042788 -0.1274878323486463 0.48949962851339845
0.8706607491157631 -0.11852029982529871 0.47739166150918416
0.8784497064927197 -0.10949970134382936 0.46511926273641546
0.8859924605450421 -0.10043373515376579 0.45269241732152443
0.8932814758466269 -0.09133025333487575 0.4401215624518523
0.9003098682494284 -0.08219722800138818 0.4274175439094477
0.9070714371769885 -0.07304271647546608 0.4145915694120627
0.9135606929462875 -0.06387482578390058 0.40165515922813116
0.9197728788374775 -0.0547016768424457 0.38862009457263474
0.9257039877069341 -0.04553136869594528 0.3754983643215433
0.9313507730183038 -0.03637194317934687 0.36230211060324563
0.9367107542469404 -0.027231350354978884 0.34904357383566403
0.9417822166933907 -0.01811741506539887 0.3357350377774585
0.9465642058195664 -0.009037804919196863 0.322388775151084
0.951056516295154 -2.329416636978186e-16 0.3090169943749463

0.7946544722917704 0.18759247408505575 0.5773502691896276
0.8055344896155089 0.17830539510136742 0.5650852786240559
0.8161938957964463 0.16889629300922193 0.5525410090412863
0.8266166074923991 0.15937371985172402 0.5397267842514222
0.8367870453405168 0.14974674511959607 0.5266529721518475
0.846690235948334 0.14002491737036363 0.5133309525687861
0.8563119108191644 0.1302182204689449 0.4997730749521553
0.865638600798699 0.1203370248654406 0.4859926061719508
0.8746577246697059 0.11039203442886565 0.47200366885255146
0.8833576705959781 0.10039422944952404 0.4578211708653103
0.8917278692239524 0.09035480650457162 0.4434607267738949
0.8997588573882501 0.08028511594826584 0.4289385721855335
0.9074423315321153 0.07019659783817357 0.414271472099521
0.9147711901405987 0.06010071713951293 0.39947662445763815
0.9217395646877773 0.050008899060844006 0.3845715601860194
0.9283428388131034 0.039932465365225434 0.3695740410719933
0.9345776556596006 0.02988257247219807 0.35450195684121244
0.9404419135215115 0.019870152118731804 0.3393732227898607
0.9459347501548308 0.00990585528340909 0.3242056792849596
0.951056516295154 -2.329416636978186e-16 0.3090169943749463

0.7946544722917704 0.18759247408505575 0.5773502691896276
0.7916538253190396 0.20606672369430484 0.5751701715524081
0.7883506754798891 0.22458273364233386 0.5727702927178914
0.7847433976650556 0.24312013950640776 0.5701494519750846
0.7808313372863698 0.26165816122788593 0.5673071737378447
0.7766148391411355 0.2801757109847558 0.5642437085160764
0.7720952677608064 0.29865150658565537 0.5609600476999114
0.7672750187082298 0.3170641890463732 0.557457931767637
0.7621575204372218 0.3353924428938273 0.5537398516367561
0.7567472264919809 0.3536151176575121 0.5498090429965286
0.7510495979972891 0.37171134895789165 0.5456694735863599
0.7450710765685855 0.3896606775875884 0.5413258235138154
0.7388190479484554 0.40744316500548694 0.5367834588349845
0.7323017968474924 0.4250395037257195 0.5320483987444451
0.7255284536276251 0.4424311211811429 0.5271272768384347
0.7185089336100569 0.4596002757713138 0.5220272970194866
0.7112538699137747 0.476530143963846 0.5167561847007499
0.7037745408307834 0.4932048975001848 0.5113221340410095
0.6960827928183921 0.5096097699562843 0.5057337519953066
0.6881909602356179 0.5257311121190712 0.5000000000000228

0.7946544722917704 0.18759247408505575 0.5773502691896276
0.7863518833442139 0.17830539510136742 0.5914878710833832
0.7777155116752129 0.16889629300922193 0.6055019612746971
0.7687492547290617 0.15937371985172402 0.6193743623804074
0.7594581586742454 0.14974674511959607 0.6330870536894679
0.7498484193359133 0.14002491737036366 0.6466222780997074
0.7399273725309213 0.13021822046894493 0.6599626492744785
0.7297034736048488 0.12033702486544062 0.6730912575985162
0.7191862661617036 0.11039203442886569 0.6859917734922508
0.7083863401749562 0.10039422944952407 0.6986485466575935
0.6973152798672614 0.09035480650457167 0.7110466998764317
0.6859856019397468 0.08028511594826589 0.72317221606512
0.6744106849140864 0.07019659783817363 0.7350120174022045
0.6626046905160722 0.06010071713951299 0.7465540354893384
0.6505824781729993 0.050008899060844075 0.7577872716725991
0.6383595138145858 0.0399324653652255 0.7687018468380706
0.6259517742551352 0.02988257247219814 0.7792890401958006
0.6133756484910282 0.019870152118731884 0.7895413167738526
0.6006478372715227 0.009905855283409173 0.7994523435528514
0.5877852522924748 -1.439658655611997e-16 0.8090169943749462

0.3300993359125625 -0.21320612628728774 0.9195529218830498
0.31398769393626574 -0.20279986247461593 0.9275149291719583
0.29761559930014186 -0.19222537626146746 0.9351333379654233
0.28100037658798793 -0.1814938573322769 0.9423899236027835
0.2641606874981064 -0.1706173589933437 0.949267532358852
0.24711644187960397 -0.15960874071253456 0.9557502362233156
0.22988869190105288 -0.14848159976443612 0.9618234785382485
0.21249951044743506 -0.13725019268879557 0.9674742077525834
0.19497185523534652 -0.12592934752460397 0.9726909967189552
0.17732942050264983 -0.11453436801870484 0.9774641452077668
0.15959647845238484 -0.10308093121683434 0.9817857636394346
0.14179771289843382 -0.09158498001789378 0.9856498364286859
0.12395804776100383 -0.08006261240179742 0.9890522637811817
0.10610247318510138 -0.06852996912204745 0.9919908812666255
0.0882558720998586 -0.057003121683048066 0.9944654569960091
0.07044284999949509 -0.045497962398224984 0.9964776667349642
0.0526875706102478 -0.03403009824980193 0.9980310477717109
0.03501359991766383 -0.022614750148407955 0.9991309328093744
0.01744376077423706 -0.011266659026367561 0.99978436555311
6.123233995736766e-17 -1.499759782661858e-32 1.0

0.3300993359125625 -0.21320612628728774 0.9195529218830498
0.3313636055226926 -0.2340917647176002 0.9140017541703085
0.3324812085560578 -0.25504096340669036 0.9079704581877598
0.33344692225420003 -0.27602299040086253 0.9014568535483919
0.3342560687803291 -0.29700626817584763 0.8944608192356871
0.3349045701640177 -0.31795858778104824 0.8869843658935235
0.33538899767030117 -0.3388473379853031 0.879031684174117
0.3357066144731712 -0.35963974592671766 0.870609167278135
0.33585541063288243 -0.3803031253468352 0.8617254063795771
0.33583412953359193 -0.4008051281749383 0.8523911582537008
0.33564228512780764 -0.42111399503894653 0.8426192850964909
0.335280169550234 -0.4411988002269914 0.8324246672129736
0.33474885089763484 -0.46102968671360683 0.8218240899313348
0.3340501612139715 -0.48057808709483146 0.810836106742412
0.3331866749614606 -0.4998169266386279 0.7994808812433494
0.3321616784885611 -0.5187208051356166 0.7877800109568149
0.33097913121609107 -0.5372661548093137 0.7757563364845023
0.32964361944475074 -0.5554313721897806 0.7634337397225391
0.32816030383496925 -0.5731969225420877 0.7508369350100065
0.3265348617187975 -0.5905454161426439 0.7379912570994303

0.3300993359125625 -0.21320612628728774 0.9195529218830498
0.34472977141630007 -0.20261247170499097 0.9165749129279395
0.35932989101108626 -0.1918878650121094 0.9132694436402957
0.3738835368934191 -0.1810416043752099 0.9096345630665742
0.38837443719179465 -0.1700835125587076 0.9056693079108117
0.40278629052472187 -0.15902389699117137 0.9013737317844777
0.41710285278884596 -0.14787350468370739 0.8967489262931759
0.43130802515541533 -0.1366434724144234 0.8917970334572012
0.44538594220416905 -0.12534527268585977 0.8865212490979627
0.45932105909712995 -0.11399065604666005 0.8809258169698189
0.47309823669218226 -0.10259159044199405 0.8750160135730832
0.4867028235183021 -0.09116019831698897 0.86879812374459
0.5001207335806692 -0.07970869224174706 0.8622794072827228
0.5133385190335094 -0.06824930985401888 0.8554680570196257
0.5263434368495091 -0.05679424892541844 0.8483731488999662
0.5391235087243291 -0.04535560334898879 0.8410045847589759
0.5516675735798516 -0.03394530082035198 0.8333730286088785
0.5639653321665671 -0.022575042942601254 0.8254898373392573
0.5760073834098367 -0.011256248428055202 0.8173669868111137
0.5877852522924748 -1.439658655611997e-16 0.8090169943749462

0.7946544722918623 0.18759247408444732 -0.577350269189699
0.7863518833442967 0.1783053951007881 -0.5914878710834478
0.7777155116752873 0.16889629300867234 -0.6055019612747552
0.768749254729128 0.1593737198512047 -0.6193743623804588
0.7594581586743041 0.14974674511910754 -0.6330870536895132
0.7498484193359648 0.1400249173699064 -0.6466222780997465
0.7399273725309664 0.13021822046851936 -0.659962649274512
0.7297034736048877 0.12033702486504712 -0.6730912575985444
0.7191862661617368 0.11039203442850455 -0.6859917734922738
0.7083863401749845 0.10039422944919559 -0.698648546657612
0.6973152798672849 0.090354806504276 -0.7110466998764462
0.6859856019397662 0.08028511594800325 -0.7231722160651308
0.6744106849141019 0.07019659783794409 -0.7350120174022121
0.6626046905160844 0.06010071713931657 -0.7465540354893434
0.6505824781730084 0.05000889906068077 -0.7577872716726017
0.6383595138145924 0.03993246536509524 -0.7687018468380721
0.6259517742551395 0.02988257247210077 -0.7792890401958009
0.6133756484910304 0.019870152118667227 -0.7895413167738526
0.6006478372715232 0.00990585528337699 -0.7994523435528516
0.5877852522924737 -1.439658655611995e-16 -0.809016994374947

0.7946544722918623 0.18759247408444732 -0.577350269189699
0.7916538253191507 0.20606672369363843 -0.575170171552494
0.7883506754800217 0.22458273364160916 -0.5727702927179931
0.7847433976652117 0.24312013950562444 -0.5701494519752035
0.7808313372865516 0.2616581612270441 -0.5673071737379827
0.7766148391413451 0.28017571098385563 -0.5642437085162347
0.7720952677610459 0.2986515065846972 -0.5609600477000918
0.7672750187085012 0.31706418904535766 -0.5574579317678409
0.7621575204375273 0.3353924428927554 -0.5537398516369848
0.7567472264923222 0.35361511765638465 -0.5498090429967838
0.7510495979976682 0.37171134895671026 -0.5456694735866429
0.7450710765690043 0.38966067758635436 -0.5413258235141274
0.7388190479489155 0.40744316500420197 -0.5367834588353266
0.7323017968479952 0.4250395037243855 -0.5320483987448187
0.7255284536281723 0.44243112117976197 -0.5271272768388408
0.7185089336106497 0.45960027576988777 -0.5220272970199261
0.7112538699144143 0.4765301439623776 -0.5167561847012236
0.703774540831471 0.49320489749867635 -0.5113221340415183
0.6960827928191284 0.5096097699547384 -0.505733751995851
0.6881909602364037 0.5257311121174905 -0.5000000000006034

0.7946544722918623 0.18759247408444732 -0.577350269189699
0.8055344896155916 0.17830539510078813 -0.5650852786241207
0.8161938957965204 0.16889629300867237 -0.552541009041345
0.8266166074924648 0.15937371985120474 -0.539726784251475
0.8367870453405745 0.1497467451191076 -0.5266529721518949
0.8466902359483839 0.14002491736990647 -0.5133309525688285
0.8563119108192071 0.13021822046851939 -0.49977307495219314
0.8656386007987349 0.12033702486504713 -0.4859926061719843
0.8746577246697355 0.11039203442850455 -0.472003668852581
0.883357670596002 0.10039422944919559 -0.4578211708653363
0.8917278692239711 0.090354806504276 -0.44346072677391757
0.8997588573882642 0.08028511594800324 -0.4289385721855531
0.9074423315321255 0.07019659783794406 -0.4142714720995377
0.9147711901406055 0.060100717139316535 -0.3994766244576523
0.9217395646877814 0.05000889906068072 -0.38457156018603106
0.9283428388131053 0.03993246536509517 -0.3695740410720027
0.9345776556596009 0.029882572472100705 -0.35450195684121977
0.9404419135215109 0.01987015211866715 -0.3393732227898659
0.9459347501548299 0.009905855283376907 -0.32420567928496297
0.9510565162951535 -2.329416636978185e-16 -0.3090169943749477

0.9791596883794289 -0.20276519318802588 -0.01151438596375087
0.9812253541812981 -0.19278981446116797 0.00537510481894562
0.9829195597022731 -0.18267000930742885 0.022378714313238728
0.9842328886928413 -0.17241567163865462 0.03947729713058765
0.9851571222641523 -0.1620373654592467 0.05665100746889364
0.9856853247573938 -0.15154627742134616 0.07387940415057077
0.9858119189222033 -0.14095416175074427 0.09114156459085002
0.9855327489337246 -0.13027327809198 0.108416206326849
0.9848451299745783 -0.11951632298143684 0.12568181454113736
0.9837478833455372 -0.10869635580476712 0.14291677385086315
0.9822413563405388 -0.09782672022429043 0.16009950251158558
0.9803274264196556 -0.08692096216831777 0.1772085871089448
0.97800948952827 -0.07599274555365512 0.19422291578459594
0.9752924327316238 -0.06505576696188209 0.21112180806688882
0.9721825916504541 -0.05412367050762379 0.2278851394509717
0.9686876934850319 -0.04320996412246596 0.2444934589946813
0.9648167866918191 -0.03232793843224794 0.26092809836120245
0.9605801586204469 -0.02149058933028597 0.2771712709408284
0.9559892426217758 -0.010710545247842896 0.2932061599147219
0.951056516295154 -2.329416636978186e-16 0.3090169943749463

0.9791596883794289 -0.20276519318802588 -0.01151438596375087
0.9748104114237125 -0.2226763655856568 -0.012645077678499421
0.9700183134023976 -0.24264092052253242 -0.01377880081669361
0.964780548476925 -0.26263294421008077 -0.01491408381726957
0.959095938659487 -0.2826258951008023 -0.016049419470744366
0.9529650328560688 -0.3025927646962501 -0.017183274050986148
0.9463901487866783 -0.3225062482036193 -0.018314097006255387
0.939375396490044 -0.342338922702051 -0.01944033107669866
0.9319266824730454 -0.3620634302349897 -0.020560422691577283
0.9240516939587653 -0.3816526630639827 -0.02167283248923732
0.9157598631087154 -0.40107994821104487 -0.022776045796679446
0.9070623115300525 -0.4203192283870885 -0.023868582903905082
0.8979717758120922 -0.4393452364556091 -0.02494900897115037
0.8885025152524979 -0.4581336607129319 -0.026015943414622072
0.878670203317153 -0.4766612984744342 -0.027068068628167293
0.8684918047153185 -0.49490619573252437 -0.02810413791400279
0.8579854402517714 -0.512847770986117 -0.029122982514594394
0.8471702418314492 -0.5304669217199837 -0.030123517659278246
0.8360662001340547 -0.5477461124211472 -0.031104747562430028
0.8246940075437323 -0.5646694434432183 -0.032065769334050045

0.9791596883794289 -0.20276519318802588 -0.01151438596375087
0.9808748461243231 -0.19272094711791865 -0.02726119554527836
0.9822523574353296 -0.18254601356117528 -0.0430959307320385
0.9832847081905801 -0.17224957154180748 -0.05900226895831542
0.9839653800926472 -0.16184134925288407 -0.07496338073445127
0.9842889130508427 -0.15133158314665207 -0.09096201178249547
0.9842509594150975 -0.14073097136865648 -0.1069805710776228
0.9838483290952308 -0.13005062197600503 -0.1230012238157681
0.9830790247360076 -0.1193019964871609 -0.13900598821013957
0.9819422662791839 -0.10849684940844938 -0.15497683492361264
0.9804385044246036 -0.09764716446760446 -0.170895787874023
0.9785694226984422 -0.0867650883542989 -0.18674502510778782
0.9763379280421813 -0.07586286281933638 -0.20250697842581855
0.9737481300448138 -0.06495275601630311 -0.21816443046499356
0.9708053091468107 -0.054046993980947325 -0.23370060798805964
0.9675158743414103 -0.04315769313410259 -0.2490992702131399
0.9638873110810106 -0.03229679466408911 -0.26434479111842696
0.9599281202587248 -0.02147600159543261 -0.2794222347846069
0.9556477492731859 -0.010706719284329046 -0.29431742298284136
0.9510565162951535 -2.329416636978185e-16 -0.3090169943749477

0.7274028208655107 0.6592672958479677 0.19039897274461848
0.7274316525095987 0.6541207949668476 0.20729007819742276
0.7272319663961724 0.6487405104470001 0.224208423473611
0.7268004047124013 0.6431281448209901 0.24113763922084278
0.7261342259277228 0.6372860923036284 0.2580610828713195
0.7252313323599354 0.6312174425367096 0.27496191518253665
0.7240902931411202 0.624925978802674 0.291823180018871
0.7227103621921317 0.6184161705777569 0.30862788653661954
0.7210914908838953 0.6116931603820828 0.3253590928752732
0.7192343351419823 0.6047627449744719 0.3419999904149305
0.7171402568360631 0.5976313510311622 0.35853398763544486
0.7148113193857627 0.5903060055378088 0.37494479260816743
0.7122502776068396 0.5827943012105957 0.3912164931664223
0.7094605619140574 0.5751043573427598 0.4073336338359026
0.7064462570871757 0.567244776545133 0.42328128866013226
0.7032120758917734 0.5592245979115869 0.4390451291275271
0.6997633279249523 0.5510532471909426 0.45461148649337224
0.6961058841253949 0.542740484584859 0.46996740788973324
0.6922461374461436 0.5342963508156937 0.4851007057260667
0.6881909602356179 0.5257311121190712 0.5000000000000228

0.7274028208655107 0.6592672958479677 0.19039897274461848
0.7376116284809622 0.6504658002164321 0.18117209575003418
0.7476698154181024 0.6414485211920998 0.1718535474557593
0.75756691872637 0.6322201942946045 0.1624499602262985
0.7672927385891516 0.6227861313261822 0.1529682579364991
0.7768373863894168 0.6131522090740433 0.14341563239508015
0.7861913315181079 0.603324853925012 0.1337995174959437
0.7953454464357411 0.5933110224493391 0.12412756129905865
0.8042910495106851 0.5831181780664537 0.11440759627516144
0.813019945179345 0.5727542639606759 0.1046476079776286
0.8215244610036978 0.5622276724682892 0.094855702429922
0.8297974812397806 0.5515472112076711 0.08504007253734373
0.8378324765760599 0.5407220662701806 0.07520896384695504
0.8456235297521467 0.5297617628301851 0.06537063998902655
0.8531653568249123 0.5186761235670164 0.05553334813707135
0.8604533239094437 0.5074752253190239 0.04570528482129844
0.8674834592850579 0.49616935440970183 0.03589456242230542
0.8742524608203568 0.48476896109773604 0.026109176658257103
0.8807576987346115 0.4732846136066347 0.016356975360066462
0.886997213774254 0.4617269521854738 0.006645628805735385

0.7274028208655107 0.6592672958479677 0.19039897274461848
0.7168153144713331 0.6729162208061265 0.1826460093058821
0.7059014657024804 0.6864078910646809 0.1747779385483968
0.6946679711425229 0.6997239353037931 0.16680175128488345
0.6831227016129237 0.7128462495013096 0.15872491648439127
0.6712746874807078 0.7257571083531681 0.1505553506937756
0.6591340927771397 0.7384392759550767 0.14230138251541657
0.6467121781245242 0.7508761142324786 0.13397171246411477
0.6340212526746783 0.7630516876021751 0.12557536862101704
0.6210746154711005 0.7749508623819007 0.11712165859042938
0.607886486851043 0.7865593995337721 0.10862011834355895
0.594471930697214 0.7978640394326285 0.10008045859894764
0.5808467685255781 0.8088525774882073 0.09151250944038843
0.5670274865500619 0.8195139296169816 0.08292616390773493
0.5530311369921485 0.8298381867502962 0.07433132131310487
0.5388752349995167 0.8398166577742727 0.0657378310340817
0.5245776526004848 0.849441900517289 0.05715543751684084
0.5101565111487033 0.8587077406258217 0.048593727186536574
0.49563007370532525 0.8676092783922306 0.0400620779112462
0.481016638765014 0.876142883812083 0.03156961160126659

0.7209662867132751 -0.6529153660280351 0.23218341505660675
0.7246338682347545 -0.6450154841760599 0.24261241143078258
0.7281787480783739 -0.6369706907983005 0.2530297411589157
0.731597781156046 -0.6287842852437338 0.2634293249394934
0.7348880073452931 -0.6204598335730982 0.27380506127993276
0.7380466624260814 -0.6120011618428652 0.28415084371633487
0.7410711882316057 -0.6034123480814739 0.2944605782711813
0.7439592419325883 -0.5946977129908663 0.30472820103581116
0.7467087043814978 -0.5858618094186653 0.3149476957616813
0.7493176874509316 -0.5769094106582996 0.3251131113429316
0.7517845403091573 -0.5678454976458261 0.3352185790726898
0.7541078545853134 -0.5586752451329268 0.34525832955686975
0.756286468386928 -0.5494040069254128 0.3552267091719442
0.758319469143043 -0.5400373002853827 0.3651181959572665
0.7602061952571811 -0.5305807896028264 0.374927414837915
0.7619462365654998 -0.5210402694488218 0.3846491520806599
0.7635394336065545 -0.5114216471274456 0.39427836889339024
0.7649858757199878 -0.5017309248470564 0.40381021408706425
0.7662858980020035 -0.49197418163365925 0.4132400357288175
0.7674400771555199 -0.4821575551096291 0.422563391725117

0.7209662867132751 -0.6529153660280351 0.23218341505660675
0.7099883212270094 -0.6638119183153107 0.23509640750934552
0.6987859264551293 -0.6745900010053677 0.23796335754024128
0.6873650754492875 -0.6852397667341663 0.2407814675981117
0.6757323066267618 -0.6957515450631809 0.24354801851600547
0.6638947083582488 -0.7061158833443897 0.246260381512512
0.6518598997950833 -0.7163235868915646 0.24891602982119698
0.6396360080298596 -0.7263657580774547 0.251512549834377
0.6272316417323268 -0.736233833982285 0.25404765165125065
0.61465586144911 -0.7459196222310657 0.2565191789260926
0.6019181468002687 -0.7554153346754304 0.2589251179197138
0.5890283608469802 -0.7647136185998142 0.26126360566657125
0.5759967119418389 -0.7738075851612949 0.2635329371806027
0.5628337134055744 -0.7826908348068012 0.2657315716348443
0.5495501414007471 -0.7913574794499055 0.26785813746293247
0.5361569913936212 -0.7998021612312879 0.2699114363444081
0.5226654336095622 -0.8080200677312652 0.27189044605004054
0.5090867678947462 -0.816006943548605 0.2737943221378861
0.49543237839765064 -0.8237590982062085 0.27562239850516734
0.4817136884778531 -0.8312734103902042 0.2773741868150339

0.7209662867132751 -0.6529153660280351 0.23218341505660675
0.7280314395439117 -0.6497038779217006 0.2187580719633538
0.7349500091265806 -0.6463217235802688 0.2052235700719337
0.7417150291311494 -0.6427694268449349 0.1915888292004836
0.7483197929660098 -0.6390478922006498 0.17786309040724266
0.7547578836196998 -0.6351584079419895 0.1640558866194965
0.7610232022052843 -0.6311026470223341 0.15017701097910519
0.7671099949287945 -0.6268826655307725 0.13623648313641407
0.7730128782167598 -0.6225008987689332 0.12224451375383359
0.7787268617561146 -0.6179601549287711 0.10821146750637121
0.7842473692222356 -0.6132636064016858 0.09414782488831533
0.7895702564971877 -0.6084147787785946 0.08006414315259336
0.7946918272099364 -0.6034175376291637 0.06597101672165838
0.7996088454627446 -0.5982760731757081 0.051879037415813976
0.804318545642562 -0.5929948830027855 0.0377987548465124
0.8088186392522372 -0.5875787529666799 0.02374063731833664
0.813107318733101 -0.5820327364893826 0.009715033574214367
0.8171832582871454 -0.5763621324389354 -0.004267864295844637
0.8210456117429231 -0.5705724618118165 -0.018198056481183295
0.8246940075437323 -0.5646694434432183 -0.032065769334050045

0.5999318736330987 -0.3826637749991449 0.7026024354515742
0.6016658023233047 -0.36395918537015587 0.7110077170462685
0.6031550725801236 -0.34495805372556415 0.7191716760209184
0.6043923832965509 -0.3256802139529904 0.7270778811466139
0.6053712758009714 -0.30614699549071717 0.7347105794713393
0.6060862046823592 -0.2863811226406612 0.742054826201412
0.606532600593471 -0.26640659535218997 0.749096609503858
0.6067069237203842 -0.24624855270446747 0.7558229680293548
0.6066067067652611 -0.22593312073990307 0.7622220990368443
0.6062305864874804 -0.2054872466953994 0.7682834551469853
0.60557832308054 -0.1849385220258595 0.7739978279593889
0.6046508069208523 -0.16431499690174775 0.7793574170322246
0.6034500525007949 -0.1436449890776061 0.7843558830337682
0.6019791796422284 -0.12295689016254933 0.7889883842230028
0.6002423823678036 -0.10227897237166479 0.7932515957878811
0.5982448860755366 -0.08163919879752467 0.79714371195172
0.5959928939077624 -0.06106504011618583 0.8006644311364527
0.5934935234203306 -0.04058330043830184 0.803814924832611
0.5907547348349923 -0.020219954742786594 0.8065977911575494
0.5877852522924748 -1.439658655611997e-16 0.8090169943749462

0.5999318736330987 -0.3826637749991449 0.7026024354515742
0.5872906282497826 -0.3947799769295041 0.7065681055535381
0.5743869006521224 -0.40683644416764453 0.710326541849786
0.5612297310074037 -0.41881981716691113 0.7138705413319927
0.5478290509801323 -0.43071674902800244 0.7171934278902423
0.5341956534647699 -0.4425139745197026 0.7202890990249148
0.5203411544470034 -0.4541983799624621 0.7231520688128015
0.5062779472306181 -0.4657570731593827 0.7257775065059243
0.4920191493993386 -0.4771774525366507 0.7281612701970517
0.4775785430113227 -0.48844727465038146 0.7302999350553149
0.46297050864469574 -0.4995547192297938 0.7321908157171282
0.4482099540221259 -0.5104884509576791 0.7338319825098337
0.4333122380377823 -0.5212376772376768 0.7352222712857384
0.4182930910883513 -0.5317922012627552 0.7363612867498303
0.4031685326689009 -0.5421424697787903 0.7372493992725655
0.38795478723273086 -0.5522796150290261 0.7378877352867422
0.3726681993310718 -0.5621954904668623 0.7382781614717183
0.35732514904347723 -0.5718826999329853 0.7384232630263051
0.34194196868357546 -0.5813346201052251 0.7383263164210757
0.3265348617187975 -0.5905454161426439 0.7379912570994303

0.5999318736330987 -0.3826637749991449 0.7026024354515742
0.61052206367299 -0.38903068015786335 0.6898680596058813
0.6209769530628595 -0.39530926353342477 0.6768443025758792
0.6312839292311827 -0.4014918396533418 0.6635396773262426
0.6414306202817311 -0.40757088674645403 0.6499636387073533
0.6514049626269414 -0.41353908825920216 0.6361265574920928
0.6611952675844934 -0.41938937360533257 0.6220396863792508
0.6707902861281821 -0.4251149576504424 0.6077151181416617
0.680179270992874 -0.4307093784401937 0.5931657362283026
0.6893520353591585 -0.4361665326990112 0.5784051582580397
0.6982990073860147 -0.44148070865443256 0.5634476729650115
0.7070112799186304 -0.44664661578047976 0.5483081712683704
0.7154806547720953 -0.4516594111005614 0.5330020722391122
0.723699681078215 -0.45651472174535207 0.5175452448212172
0.7316616872798679 -0.4612086635223453 0.5019539262309928
0.7393608064625512 -0.4657378553197222 0.48624463800563544
0.746791994823154 -0.47009942923600184 0.4704341006985354
0.7539510431885801 -0.47429103639680154 0.45453914822433034
0.7608345816086165 -0.47831084848907396 0.43857664284148035
0.7674400771555199 -0.4821575551096291 0.422563391725117

0.8919206175032741 0.34863376847583005 0.287979352646886
0.8978462975566659 0.3313227721003493 0.2899952528086052
0.903500347595675 0.31379529036929693 0.2919240271655333
0.9088720259865558 0.2960666577580895 0.29376210535575853
0.913951300926927 0.2781530854429438 0.2955061430707458
0.9187289224316635 0.2600715948809123 0.2971530457923208
0.923196489139605 0.24183994269192163 0.29869999089232513
0.9273465089411487 0.22347653753730287 0.3001444477664089
0.9311724525061352 0.20500034984801485 0.30148419569838275
0.9346687988942889 0.18643081540007814 0.3027173391842123
0.9378310725545213 0.1677877338600703 0.3038423204843897
0.9406558711615899 0.14909116352582888 0.30485792921907884
0.94314088389506 0.13036131356342656 0.30576330887086983
0.9452848999318922 0.11161843508857915 0.30655796011379177
0.9470878070954871 0.09288271245746856 0.30724174094286827
0.9485505807757039 0.07417415611811817 0.3078148636343607
0.949675263401329 0.05551249832964162 0.308277888621318
0.9504649349040136 0.03691709298462301 0.30863171542061907
0.9509236747565749 0.018406820672241427 0.30887757079495376
0.951056516295154 -2.329416636978186e-16 0.3090169943749463

0.8919206175032741 0.34863376847583005 0.287979352646886
0.8937128658564363 0.3554018092819076 0.27380078042588174
0.8952879899635704 0.36210990168332396 0.25949149144024614
0.8966420628535249 0.3687520276252415 0.24506112144534192
0.8977716181351977 0.37532224965184213 0.23051969674452766
0.898673671941019 0.38181473573745633 0.21587760174177922
0.8993457421457942 0.388223783865078 0.20114554363870857
0.8997858646254263 0.394543846120952 0.18633451453866615
0.8999926063527423 0.4007695520753497 0.1714557512588061
0.8999650751644774 0.40689573122490785 0.1565206931851004
0.899702926073712 0.4129174342809622 0.1415409385345028
0.8992063640449316 0.41882995310104926 0.12652819941209548
0.8984761431935203 0.42462883907692967 0.1114942560685329
0.8975135624169772 0.43030991981181244 0.09645091077402222
0.8963204575104861 0.43586931394150896 0.08140994172919763
0.8948991898637693 0.44130344397857285 0.0663830574304922
0.8932526318784411 0.44660904708454074 0.05138185189808487
0.8913841492845348 0.45178318370263604 0.03641776115848474
0.889297580570716 0.4568232440111385 0.021502021351742957
0.886997213774254 0.4617269521854738 0.006645628805735385

0.8919206175032741 0.34863376847583005 0.287979352646886
0.8837978875553394 0.35901078957286287 0.3000209108095454
0.87534571128145 0.36933050573369475 0.31203343294535874
0.8665674305051276 0.37958152173087734 0.3240042542131388
0.8574673952827697 0.3897524717158151 0.33592064065549043
0.8480509651019495 0.3998320777139541 0.34776985237451863
0.8383245017740443 0.40980920868813797 0.35953920815357904
0.8282953538749181 0.41967293948481565 0.371216150798155
0.817971832721359 0.42941260896166183 0.38278831243808925
0.8073631800091894 0.4390178765935313 0.3942435790177898
0.7964795273778267 0.44847877686696497 0.4055701532015208
0.7853318483018072 0.4577857708016443 0.4167566149377976
0.773931902838681 0.46692979397973294 0.4277919789600346
0.7622921758811718 0.4759023005199016 0.43866574854918167
0.7504258096663486 0.48469530250056075 0.4493679649468739
0.7383465313829735 0.4933014044145359 0.45988925188286184
0.7260685767879573 0.5017138323229563 0.47022085476605846
0.71360661079238 0.5099264574670752 0.4803546741819963
0.7009756460059192 0.5179338141905727 0.4902832934381811
0.6881909602356179 0.5257311121190712 0.5000000000000228

0.9865698492943951 0.16332301321775772 0.002350705576405709
0.9877809729826377 0.15521106753592442 -0.01408097751693095
0.9886631620995562 0.14699817522833172 -0.0306053653277885
0.989209909434384 0.13869149405928002 -0.04720619188647104
0.9894156474554744 0.1302985887195746 -0.06386669200727037
0.9892758014572719 0.12182739993463336 -0.0805696796334667
0.9887868352626866 0.11328620955410916 -0.09729763170839843
0.9879462886852726 0.10468360194486984 -0.11403277667777863
0.98675280607596 0.09602842208215312 -0.13075718662326147
0.9852061554185583 0.08732973080004762 -0.14745287194142664
0.9833072375933641 0.07859675772004285 -0.16410187741888937
0.9810580855949057 0.06983885242338403 -0.18068637851549169
0.9784618536634725 0.061065434467840664 -0.19718877665499943
0.9755227964657357 0.05228594287112719 -0.2135917923370374
0.9722462386323802 0.04350978569094033 -0.22987855492480638
0.9686385351253387 0.03474629032521972 -0.24603268802920014
0.964707023059305 0.02600465513611482 -0.26203838949914415
0.9604599657376167 0.01729390296803884 -0.27788050513742085
0.9559064897778695 0.008622837085328922 -0.29354459538739874
0.9510565162951535 -2.329416636978185e-16 -0.3090169943749477

0.9865698492943951 0.16332301321775772 0.002350705576405709
0.9837597094945428 0.1794718958016308 0.0025831361910186655
0.9806701419549467 0.19564800805155663 0.0028159587217895026
0.9773000407278221 0.2118379902401275 0.0030489808823704633
0.9736489779151681 0.22802827945622842 0.003282007461993865
0.9697172186377364 0.2442051632737298 0.003514841097924758
0.9655057314847167 0.2603548354452101 0.0037472830770598053
0.961016194235367 0.2764634531158011 0.003979134159405258
0.9562509947037716 0.2925171950204107 0.0042101954157086835
0.9512132266220356 0.30850232010451983 0.004440269071187166
0.9459066805441277 0.3244052259951757 0.0046691593470994126
0.9403358298208208 0.34021250674521264 0.004896673291857409
0.9345058117642078 0.3559110092803102 0.005122621593468053
0.9284224041865557 0.3714878879951945 0.00534681936533542
0.922091997561279 0.38693065697173007 0.00556908689783495
0.9155215631121747 0.4022272393272369 0.005789250368582998
0.9087186171894629 0.4173660132452038 0.006007142504956173
0.9016911823365331 0.43233585429159777 0.006222603193149323
0.8944477454887184 0.44712617367690144 0.006435480028880432
0.886997213774254 0.4617269521854738 0.006645628805735385

0.9865698492943951 0.16332301321775772 0.002350705576405709
0.9877089780598577 0.1551997548976701 0.018547526510415656
0.988526301336412 0.14697782625285272 0.03483202773511126
0.9890156521688902 0.13866425835316115 0.05118850672086955
0.9891717641000496 0.13026647111853829 0.06760079592370836
0.9889903205203114 0.12179224350987336 0.08405233689769351
0.98846799702808 0.11324967996676902 0.10052625944856475
0.987602496078355 0.10464717339725918 0.11700546499957445
0.9863925733079291 0.09599336509109789 0.13347271324674953
0.9848380550529723 0.08729710198864886 0.14991071110451815
0.982939846716185 0.07856739178978396 0.16630220288653236
0.9806999317922542 0.06981335642988931 0.18263006063258352
0.9781213615180059 0.06104418448173443 0.19887737348205892
0.9752082352730183 0.05226908306158558 0.21502753500793004
0.9719656720130898 0.04349722982495463 0.2310643274625011
0.968399773168473 0.03473772563161003 0.24697200194595528
0.9645175775770929 0.025999548441217536 0.2627353535892524
0.9603270091464144 0.01729150897092366 0.27833979094159506
0.9558368180431447 0.008622208605425907 0.2937713988663991
0.951056516295154 -2.329416636978186e-16 0.3090169943749463

0.8931185318080079 0.349102009000356 -0.2836671913581545
0.884984286695266 0.359475266958127 -0.295939765404811
0.8765141487636462 0.3697900343253827 -0.3081854596355462
0.8677114398328909 0.3800346842662761 -0.32039116082963814
0.8585805276050168 0.3901976204404807 -0.33254367325221723
0.8491268276705198 0.40026733783827134 -0.34462978511739617
0.8393567967486426 0.4102324842187318 -0.35663633668428396
0.8292779169955173 0.420081921424918 -0.3685502892083045
0.8188986713579217 0.4298047858323741 -0.38035879393517036
0.8082285100991763 0.43939054718560494 -0.39204926030640663
0.7972778087733818 0.4488290650914439 -0.40360942254443877
0.7860578180706488 0.4581106424686815 -0.41502740380237885
0.7745806060950888 0.46722607529923477 -0.4262917770985488
0.762858993765238 0.47616669808642903 -0.43739162230769346
0.7509064841396799 0.4849244244989957 -0.44831657854835405
0.7387371865658716 0.4934917827631373 -0.4590568913871147
0.7263657366251288 0.5018619454570639 -0.46960345437303247
0.7138072128996252 0.5100287534601452 -0.4799478445168386
0.7010770516171847 0.5179867339094807 -0.4900823514365153
0.6881909602364037 0.5257311121174905 -0.5000000000006034

0.8931185318080079 0.349102009000356 -0.2836671913581545
0.8949633302794457 0.3558913566920394 -0.26903899287468186
0.8965791771729406 0.3626175132402268 -0.2542721340441515
0.8979617378784672 0.36927406404471647 -0.23937707269114494
0.8991071880840182 0.375854683315043 -0.2243647061500506
0.9000122393837464 0.3823531620749247 -0.20924633428273054
0.9006741617153573 0.38876343588082224 -0.19403361909853714
0.9010908023366018 0.39507961197899133 -0.17873854129120814
0.9012606010907765 0.4012959956269917 -0.16337335405516307
0.901182601756536 0.4074071153120289 -0.14795053458656984
0.9008564593271813 0.4134077466096992 -0.1324827337111722
0.9002824431178765 0.41929293444253135 -0.11698272411035095
0.8994614356548232 0.42505801351786826 -0.10146334763848552
0.8983949273570632 0.43069862674869863 -0.08593746223785244
0.8970850070780504 0.43621074148850075 -0.0704178889617299
0.8955343486291515 0.4415906634413913 -0.054917359611994315
0.8937461934596341 0.4468350481411856 -0.03944846548446052
0.891724329716334 0.45194090992664454 -0.02402360769392108
0.889473067950082 0.4569056283744406 -0.008654949521891879
0.886997213774254 0.4617269521854738 0.006645628805735385

0.8931185318080079 0.349102009000356 -0.2836671913581545
0.8989934477531687 0.3317709796463115 -0.28589997894613006
0.9045952172070929 0.31422252775419895 -0.28804807942045757
0.9099130955261908 0.29647204400208826 -0.2901077139876995
0.9149370547883393 0.27853580216886764 -0.2920753202264525
0.9196578561572273 0.26043089231703115 -0.2939475768487427
0.9240671169963055 0.24217514518775737 -0.2957214269197027
0.9281573717231892 0.22378704850853903 -0.2973940991945508
0.9319221254761122 0.20528565607446403 -0.29896312725512186
0.9353558997685527 0.18669049061053491 -0.30042636615942864
0.9384542694341594 0.1680214415494814 -0.3017820063562975
0.9412138903084031 0.1492986589632465 -0.3030285846620705
0.9436325172520933 0.13054244496331435 -0.304164992146496
0.9457090122905663 0.11177314393281101 -0.30519047882884
0.9474433428161058 0.09301103297036813 -0.30610465514138807
0.9488365699749809 0.07427621391169786 -0.3069074901742492
0.9498908275293784 0.05558850825039139 -0.3075993067710798
0.9506092916437205 0.03696735620637618 -0.30818077359844315
0.9509961421901008 0.018431721091461552 -0.3086528943605623
0.9510565162951535 -2.329416636978185e-16 -0.3090169943749477

0.5510761861484382 -0.6658904714413051 0.5028965272337526
0.5407616923034197 -0.6637704118788976 0.5167065244907016
0.5302282874773122 -0.6614373627645385 0.5304324446128545
0.5194827742321234 -0.6588903579234998 0.5440598712564079
0.5085326409867226 -0.6561290112683675 0.557574455676606
0.49738604107409656 -0.6531535313278994 0.5709619870521434
0.4860517661779622 -0.649964731443037 0.5842084632008203
0.4745392142987456 -0.6465640354022717 0.5973001609049332
0.46285835248687535 -0.6429534783531167 0.6102237050514867
0.45101967466696247 -0.6391357028961008 0.6229661357945668
0.43903415495750525 -0.6351139503408146 0.6355149729654168
0.4269131969650899 -0.6308920471783106 0.647858276989811
0.41466857959766784 -0.6264743868986967 0.6599847056215428
0.40231239999662294 -0.621865907355158 0.6718835658641334
0.3898570142305454 -0.6170720639440315 0.683544860528625
0.3773149764238624 -0.612098798933231 0.6949593289615992
0.364698977010053 -0.6069525073267026 0.7061184815720729
0.3520217808018933 -0.6016399996994249 0.7170146278861679
0.3392961655602306 -0.5961684624747206 0.7276408979617984
0.3265348617187975 -0.5905454161426439 0.7379912570994303

0.5510761861484382 -0.6658904714413051 0.5028965272337526
0.5485621337488981 -0.6759954803457102 0.49204643680147564
0.545913400688214 -0.6859864461166363 0.4810417390344589
0.5431303588905595 -0.6958550215010325 0.46988849986269043
0.5402136621143626 -0.7055930242886462 0.4585931566652418
0.5371642482123733 -0.7151924689957855 0.447162501484805
0.5339833397803342 -0.7246455978968632 0.4356036619287512
0.5306724431574871 -0.7339449111343253 0.42392407986960456
0.5272333457602896 -0.74308319564315 0.4121314880850224
0.5236681117495228 -0.7520535526357505 0.40023388500305157
0.5199790760500905 -0.7608494234066822 0.3882395077420812
0.5161688367618841 -0.7694646132338674 0.376156803656053
0.5122402460187507 -0.7778933131738104 0.36399440061369326
0.5081963993705115 -0.7861301195721135 0.351761076255435
0.5040406237797702 -0.7941700511370722 0.33946572648301354
0.49977646434063683 -0.8020085634527254 0.3271173334442366
0.4954076698401701 -0.8096415608379062 0.31472493327903384
0.4909381772950833 -0.8170654054889991 0.3022975838925588
0.48637209560587047 -0.8242769238756728 0.28984433301690116
0.4817136884778531 -0.8312734103902042 0.2773741868150339

0.5510761861484382 -0.6658904714413051 0.5028965272337526
0.5636880589937217 -0.6576486949468566 0.49975390562014316
0.5762175931197093 -0.6492161966882463 0.4964792194412346
0.588654513713021 -0.6405970099500639 0.49307335593025575
0.600988632913047 -0.6317956176389662 0.48953749666547913
0.6132098891948239 -0.6228169432637131 0.48587311818757434
0.6253083866205955 -0.6136663390922205 0.48208199083465025
0.6372744336166016 -0.604349571530752 0.4781661757686717
0.6490985809307256 -0.5948728038045067 0.47412802018809563
0.6607716584310797 -0.5852425760525163 0.4699701507432736
0.672284810415427 -0.5754657829822498 0.46569546519299465
0.6836295291164283 -0.5655496492599736 0.46130712236206733
0.6947976861078082 -0.5555017028411154 0.4568085304806124
0.7057815613413042 -0.5453297464700237 0.4522033340053681
0.7165738695731986 -0.5350418276001326 0.44749539904137847
0.72716778397177 -0.5246462070031802 0.44268879749860557
0.7375569567324554 -0.5141513263494837 0.43778779013196095
0.7477355365651644 -0.5035657750501298 0.43279680862474923
0.7576981829572724 -0.4928982566561787 0.4277204368843595
0.7674400771555199 -0.4821575551096291 0.422563391725117

0.22056364019557217 -0.9617246617955676 0.16259568111693296
0.22117528526258515 -0.9643895326197115 0.14503214320469932
0.22171985890945067 -0.9667619407053677 0.12732499428142327
0.22219575473397293 -0.9688348835902902 0.10948979366492896
0.22260154218332406 -0.970602125624265 0.0915427067071126
0.22293597779775853 -0.9720582469863341 0.07350043720422512
0.2231980151700016 -0.9731986871013966 0.05538015392078426
0.2233868134678084 -0.9740197817913172 0.03719941192940246
0.22350174438643772 -0.9745187935796104 0.018976069570911955
0.22354239742041107 -0.974693934667436 0.0007282019272672978
0.22350858336943186 -0.9745443822098555 -0.017525988228931706
0.22340033602109044 -0.9740702856422961 -0.035768260992104506
0.22321791198226382 -0.9732727659348693 -0.05398043034070189
0.22296178866117097 -0.9721539067832081 -0.07214445455582005
0.22263266043205035 -0.9707167378753309 -0.090242524995833
0.2222314330435909 -0.9689652105011947 -0.1082571522153039
0.22175921635980236 -0.9669041658917339 -0.12617124847086433
0.22121731554724194 -0.964539296784196 -0.14396820573001698
0.22060722084481743 -0.961877102807812 -0.16163196838860708
0.2199305960712486 -0.9589248403660748 -0.1791471000062326

0.22056364019557217 -0.9617246617955676 0.16259568111693296
0.2348852522815978 -0.9572096911404772 0.16905184248437707
0.24921049096838882 -0.9524161186603969 0.1754926440257807
0.26352732590300953 -0.9473442924794894 0.1819124514950656
0.2778235961100925 -0.9419952474385076 0.18830561130173767
0.2920870588122256 -0.9363707139658086 0.19466647400511833
0.3063054397084174 -0.9304731223266256 0.20098941821094343
0.32046648424905794 -0.9243056021017976 0.20726887464422114
0.3345580094222022 -0.9178719768086462 0.21349935016491672
0.3485679555504189 -0.9111767536412541 0.21967545148966153
0.3624844375904102 -0.904225108373646 0.22579190838343208
0.3762957954294188 -0.8970228655358603 0.23184359609006852
0.38999064268317507 -0.889576474038103 0.23782555677954442
0.40355791351962056 -0.8818929784806419 0.243733019802883
0.4169869070604603 -0.8739799864453967 0.2495614205622645
0.4302673289480969 -0.8658456321180196 0.2553064178237936
0.44338932970783734 -0.8574985366354992 0.2609639093231322
0.45634353958340435 -0.8489477655930078 0.2665300455392028
0.4691210995765655 -0.8402027841741212 0.27200124153784494
0.4817136884778531 -0.8312734103902042 0.2773741868150339

0.22056364019557217 -0.9617246617955676 0.16259568111693296
0.20551595705659517 -0.9631285372845022 0.17362779749604362
0.19030284350425225 -0.9642007431193692 0.18466660424194814
0.17493847942247914 -0.9649342507021169 0.19569982176612977
0.15943777092391442 -0.9653230095985067 0.2067149833526704
0.14381628504805344 -0.9653620065233123 0.21769950049612313
0.1280901768452792 -0.9650473163260733 0.22864073094614812
0.11227610957047814 -0.964376144063298 0.23952604864883337
0.0963911688550434 -0.963346857376826 0.25034291471689696
0.08045277185543881 -0.9619590085546899 0.26107894852181196
0.06447857248579757 -0.9602133458262476 0.271721997982049
0.04848636392751717 -0.9581118136328372 0.282260208124142
0.03249397966752096 -0.9556575418132217 0.29268208701742787
0.016519194346769184 -0.9528548238438856 0.3029765682285865
0.000579625700721144 -0.9497090844717443 0.3131330690072326
-0.015307361156122646 -0.9462268372652282 0.323141543496777
-0.031124745907569456 -0.9424156327834703 0.33299253036295057
-0.04685594056538507 -0.9382839982175983 0.3426771943426217
-0.06248487134936323 -0.9338413694888493 0.3521873613343387
-0.07799605404308768 -0.9290980168922862 0.3615155467756938

0.23317493272888964 0.10474335475773597 0.9667772651345153
0.2528594669823302 0.09963277973021967 0.9623592879796201
0.2725847536379197 0.09443920944953453 0.9574856593196065
0.29232382432560533 0.08916815726045028 0.9521532552391072
0.31204908937832937 0.08382556437984556 0.9463607349074431
0.3317325131986675 0.07841777150945194 0.9401086069164495
0.3513458001011599 0.0729514850280177 0.9333992766139702
0.37086058796384946 0.06743373811340843 0.9262370729241839
0.39024864674857435 0.06187184727235433 0.9186282535530969
0.4094820787515363 0.05627336487380919 0.9105809879341319
0.4285335173339405 0.05064602838642827 0.9021053177595632
0.4473763208638237 0.04499770710716674 0.893213095451162
0.4659847586772379 0.039336347232821534 0.8839179014291403
0.48433418603802153 0.03366991616677733 0.8742349415232781
0.5024012053344769 0.028006346967661314 0.8641809263157755
0.5201638110883382 0.022353483834625373 0.8537739345954002
0.5376015167530076 0.016719029486334316 0.8430332634231587
0.5546954617280425 0.011110495229356887 0.8319792675506237
0.5714284974974964 0.005535154429456517 0.8206331910867338
0.5877852522924748 -1.439658655611997e-16 0.8090169943749462

0.23317493272888964 0.10474335475773597 0.9667772651345153
0.22535232158689572 0.11514760098893957 0.9674488932971541
0.21746827768376906 0.1255627597101075 0.9679574069013765
0.20952643795743106 0.1359834414645293 0.9683011801316436
0.20153055739639208 0.14640420587210054 0.9684788293702961
0.19348450058158495 0.1568195753398504 0.9684892197773416
0.18539223265751129 0.16722404909013502 0.9683314708694349
0.17725780977988934 0.17761211742490352 0.9680049610492081
0.1690853690920883 0.18797827614132287 0.9675093310443723
0.1608791182872337 0.1983170410118226 0.9668444862248724
0.15264332481689483 0.20862296224031968 0.9660105977756757
0.14438230481066008 0.21889063880604903 0.9650081027124288
0.13610041177361323 0.22911473260706053 0.9638377027370574
0.12780202513070327 0.23928998231704748 0.9625003619402948
0.11949153868822374 0.24941121687172452 0.9609973033679576
0.11117334908306586 0.25947336850443237 0.959330004477405
0.1028518442900841 0.2694714852549689 0.9575001915198813
0.09453139225682149 0.2794007428807516 0.9555098328932419
0.0862163297330086 0.2892564561052362 0.9533611315177523
0.07791095135971203 0.2990340891449526 0.9510565162951533

0.23317493272888964 0.10474335475773597 0.9667772651345153
0.2212694125291072 0.09939533509169791 0.9701342249611818
0.20928608919964112 0.09401236586775351 0.9733247186481331
0.19723102470832665 0.0885971701524008 0.9763454636210945
0.1851104508768394 0.08315254731133882 0.9791934307642228
0.1729307540001025 0.0776813661004278 0.9818658562562034
0.1606984585621545 0.07218655735077494 0.9843602523230968
0.14842021014163992 0.06667110628979461 0.9866744168202631
0.1361027576088232 0.061138044544017396 0.9888064415650859
0.12375293472370913 0.055590441872872966 0.9907547193527003
0.1113776412513382 0.05003139768558567 0.992517949598351
0.09898382371550779 0.04446403239564901 0.9940951425622077
0.08657845591595666 0.03889147866904686 0.995485622125274
0.07416851933637905 0.03331687262343459 0.9966890270982435
0.061760983571465214 0.027743345035867072 0.9977053110585841
0.04936278690049055 0.022174012616357017 0.9985347407245811
0.03698081713281131 0.016611969403575153 0.9991778928883106
0.024621892847016685 0.011060278337382778 0.9996356499423826
0.012292745140506024 0.005521963060649888 0.9999091940475732
6.123233995736766e-17 -1.499759782661858e-32 1.0

