x y z
-0.4479722583313861 0.7266468143378695 -0.2618733162720688
-0.39449309979550434 0.8097485642900344 -0.27929651760802376
-0.3467034525561139 0.788105729482934 -0.2562854059901272
-0.34954820820435956 0.7357334371033013 -0.2360682495132015
-0.3410139412596226 0.8928503142421993 -0.2967197189439788
-0.2960690496684778 0.8188351870554662 -0.2534914508491565
-0.3467034525561139 0.788105729482934 -0.2562854059901272
-0.39449309979550434 0.8097485642900344 -0.27929651760802376
-0.251124158077333 0.7448200598687331 -0.2102631827543342
-0.34954820820435956 0.7357334371033013 -0.2360682495132015
-0.3467034525561139 0.788105729482934 -0.2562854059901272
-0.2960690496684778 0.8188351870554662 -0.2534914508491565
1.159259033591789 -0.4672233662857903 0.1660245482774985
1.1906650314741336 -0.3846569003349607 0.1588311753272309
1.1468043658713485 -0.38370609632311486 0.19667028054082036
1.1091710341287835 -0.42451392729260673 0.21918651962274888
1.222071029356478 -0.3020904343841311 0.1516378023769633
1.140577032011128 -0.3419474613417771 0.21199314667248131
1.1468043658713485 -0.38370609632311486 0.19667028054082036
1.1906650314741336 -0.3846569003349607 0.1588311753272309
1.059083034665778 -0.3818044882994232 0.2723484909679993
1.1091710341287835 -0.42451392729260673 0.21918651962274888
1.1468043658713485 -0.38370609632311486 0.19667028054082036
1.140577032011128 -0.3419474613417771 0.21199314667248131
-1.265804051041113 -0.2962095615740766 -7.347880794884119e-17
-1.2313647605710036 -0.33982248068814863 -0.07751110541459715
-1.222827569191577 -0.3885357182564316 -0.05167407027639812
-1.2357786187369184 -0.39108587748353707 -7.347880794884119e-17
-1.196925470100894 -0.3834353998022207 -0.1550222108291942
-1.201339328266809 -0.4346987965976091 -0.07751110541459715
-1.222827569191577 -0.3885357182564316 -0.05167407027639812
-1.2313647605710036 -0.33982248068814863 -0.07751110541459715
-1.205753186432724 -0.4859621933929976 -7.347880794884119e-17
-1.2357786187369184 -0.39108587748353707 -7.347880794884119e-17
-1.222827569191577 -0.3885357182564316 -0.05167407027639812
-1.201339328266809 -0.4346987965976091 -0.07751110541459715
-0.706637815001585 1.091175053971537 -7.347880794884119e-17
-0.6518631401753918 1.0946013122212905 0.0830122741387462
-0.6118385028911741 1.1251524419540324 0.05534151609249744
-0.6192135216621619 1.1387148776955265 -7.347880794884119e-17
-0.5970884653491988 1.098027570471044 0.1660245482774925
-0.5644388468359689 1.14214113594528 0.0830122741387462
-0.6118385028911741 1.1251524419540324 0.05534151609249744
-0.6518631401753918 1.0946013122212905 0.0830122741387462
-0.5317892283227389 1.186254701419516 -7.347880794884119e-17
-0.6192135216621619 1.1387148776955265 -7.347880794884119e-17
-0.6118385028911741 1.1251524419540324 0.05534151609249744
-0.5644388468359689 1.14214113594528 0.0830122741387462
-0.5009922037175892 0.4893165702148543 -0.01347360301787767
-0.44262254529825507 0.5510641399031577 -0.06471717793959464
-0.41914773078906503 0.5694760791931771 -0.0158059351038489
-0.4365951527441371 0.5478082639940349 0.034271473774882454
-0.3842528868789209 0.6128117095914611 -0.1159607528613116
-0.37822549432480296 0.6095558336823383 -0.016972101146834513
-0.41914773078906503 0.5694760791931771 -0.0158059351038489
-0.44262254529825507 0.5510641399031577 -0.06471717793959464
-0.372198101770685 0.6062999577732157 0.08201655056764258
-0.4365951527441371 0.5478082639940349 0.034271473774882454
-0.41914773078906503 0.5694760791931771 -0.0158059351038489
-0.37822549432480296 0.6095558336823383 -0.016972101146834513
-0.5317892283227432 -1.186254701419514 -7.347880794884119e-17
-0.47713347360369107 -1.181279490468972 -0.08301227413882574
-0.4329143000210148 -1.2053628416756756 -0.05534151609255052
-0.43813259058920273 -1.2198921227542985 -7.347880794884119e-17
-0.422477718884639 -1.17630427951843 -0.1660245482776514
-0.38347683587015063 -1.2149169118037566 -0.08301227413882574
-0.4329143000210148 -1.2053628416756756 -0.05534151609255052
-0.47713347360369107 -1.181279490468972 -0.08301227413882574
-0.3444759528556623 -1.253529544089083 -7.347880794884119e-17
-0.43813259058920273 -1.2198921227542985 -7.347880794884119e-17
-0.4329143000210148 -1.2053628416756756 -0.05534151609255052
-0.38347683587015063 -1.2149169118037566 -0.08301227413882574
-0.524711506047116 -0.4634660560624549 -0.007258216870504541
-0.567197305391816 -0.45243060230476595 0.08127976805221503
-0.5329372526937454 -0.49269429208449117 0.10274558036746449
-0.49456432667236006 -0.5183438638531983 0.06920949406372943
-0.6096831047365159 -0.441395148547077 0.1698177529749346
-0.5370501260170599 -0.5073084100955093 0.157747478986449
-0.5329372526937454 -0.49269429208449117 0.10274558036746449
-0.567197305391816 -0.45243060230476595 0.08127976805221503
-0.4644171472976041 -0.5732216716439417 0.1456772049979634
-0.49456432667236006 -0.5183438638531983 0.06920949406372943
-0.5329372526937454 -0.49269429208449117 0.10274558036746449
-0.5370501260170599 -0.5073084100955093 0.157747478986449
-1.11744048908336 0.6643242832812459 -7.347880794884119e-17
-1.069873610865455 0.6916993877470223 0.0830122741387463
-1.0475610518331446 0.7368379835061916 0.05534151609249751
-1.060188211425942 0.7457197291528879 -7.347880794884119e-17
-1.02230673264755 0.7190744922127988 0.1660245482774927
-1.012621333208037 0.7730948336186644 0.0830122741387463
-1.0475610518331446 0.7368379835061916 0.05534151609249751
-1.069873610865455 0.6916993877470223 0.0830122741387463
-1.002935933768524 0.8271151750245299 -7.347880794884119e-17
-1.060188211425942 0.7457197291528879 -7.347880794884119e-17
-1.0475610518331446 0.7368379835061916 0.05534151609249751
-1.012621333208037 0.7730948336186644 0.0830122741387463
-0.6261180813586984 0.3479390552657536 -0.09754081292222816
-0.5943037660190646 0.4513854439917042 -0.15593299046058554
-0.5631999119185728 0.46402915273275425 -0.1084465279796829
-0.5635551425381438 0.4186278127403039 -0.055507207970052916
-0.5624894506794309 0.5548318327176549 -0.2143251679989429
-0.53174082719851 0.5220742014662546 -0.11389938550841029
-0.5631999119185728 0.46402915273275425 -0.1084465279796829
-0.5943037660190646 0.4513854439917042 -0.15593299046058554
-0.5009922037175892 0.4893165702148543 -0.01347360301787767
-0.5635551425381438 0.4186278127403039 -0.055507207970052916
-0.5631999119185728 0.46402915273275425 -0.1084465279796829
-0.53174082719851 0.5220742014662546 -0.11389938550841029
-0.2379644527649984 -1.227009413243378 0.1660245482774925
-0.2509359313741052 -1.168469810325134 0.2154459144458079
-0.30587438989658433 -1.1725632279773317 0.19798890309167458
-0.3268578798532705 -1.2038797382625526 0.16454971433045018
-0.263907409983212 -1.10993020740689 0.2648672806141233
-0.3398293584623773 -1.1453401353443085 0.2139710804987656
-0.30587438989658433 -1.1725632279773317 0.19798890309167458
-0.2509359313741052 -1.168469810325134 0.2154459144458079
-0.4157513069415426 -1.180750063281727 0.1630748803834079
-0.3268578798532705 -1.2038797382625526 0.16454971433045018
-0.30587438989658433 -1.1725632279773317 0.19798890309167458
-0.3398293584623773 -1.1453401353443085 0.2139710804987656
-0.7272243667390718 0.4242542807882809 -0.2549784982716151
-0.7250064047647395 0.518337286207075 -0.275161621214198
-0.6708340867363033 0.530502135043935 -0.2548828034757797
-0.6448569087092513 0.48954305675296794 -0.23465183313527901
-0.7227884427904074 0.6124202916258691 -0.2953447441567809
-0.6426389467349192 0.5836260621717619 -0.2548349560778619
-0.6708340867363033 0.530502135043935 -0.2548828034757797
-0.7250064047647395 0.518337286207075 -0.275161621214198
-0.5624894506794309 0.5548318327176549 -0.2143251679989429
-0.6448569087092513 0.48954305675296794 -0.23465183313527901
-0.6708340867363033 0.530502135043935 -0.2548828034757797
-0.6426389467349192 0.5836260621717619 -0.2548349560778619
-0.6261180813586984 0.3479390552657536 -0.09754081292222816
-0.676671224048885 0.38609666802701725 -0.17625965559692164
-0.6386106329257336 0.44234172292389645 -0.18894815973092874
-0.5943037660190646 0.4513854439917042 -0.15593299046058554
-0.7272243667390718 0.4242542807882809 -0.2549784982716151
-0.6448569087092513 0.48954305675296794 -0.23465183313527901
-0.6386106329257336 0.44234172292389645 -0.18894815973092874
-0.676671224048885 0.38609666802701725 -0.17625965559692164
-0.5624894506794309 0.5548318327176549 -0.2143251679989429
-0.5943037660190646 0.4513854439917042 -0.15593299046058554
-0.6386106329257336 0.44234172292389645 -0.18894815973092874
-0.6448569087092513 0.48954305675296794 -0.23465183313527901
-0.6261180813586984 0.3479390552657536 -0.09754081292222816
-0.5635551425381438 0.4186278127403039 -0.055507207970052916
-0.5801260530881801 0.40331056378084074 -0.0032342034551400786
-0.6196929777734757 0.36030756056383395 0.001885496326228718
-0.5009922037175892 0.4893165702148543 -0.01347360301787767
-0.557130038952921 0.43099631803838434 0.04391910127840396
-0.5801260530881801 0.40331056378084074 -0.0032342034551400786
-0.5635551425381438 0.4186278127403039 -0.055507207970052916
-0.6132678741882529 0.3726760658619143 0.1013118055746856
-0.6196929777734757 0.36030756056383395 0.001885496326228718
-0.5801260530881801 0.40331056378084074 -0.0032342034551400786
-0.557130038952921 0.43099631803838434 0.04391910127840396
-0.3709639425335886 -0.5953874886053633 -0.02995010606150791
-0.4176905449155963 -0.5843045801246525 0.05786354946822775
-0.37585746376210244 -0.6125679715689739 0.08224169561043854
-0.3315776219943517 -0.63224112153149 0.0505239409166761
-0.4644171472976041 -0.5732216716439417 0.1456772049979634
-0.37830422437635947 -0.6211582130507791 0.13833759644641175
-0.37585746376210244 -0.6125679715689739 0.08224169561043854
-0.4176905449155963 -0.5843045801246525 0.05786354946822775
-0.2921913014551148 -0.6690947544576167 0.1309979878948601
-0.3315776219943517 -0.63224112153149 0.0505239409166761
-0.37585746376210244 -0.6125679715689739 0.08224169561043854
-0.37830422437635947 -0.6211582130507791 0.13833759644641175
-0.372198101770685 0.6062999577732157 0.08201655056764258
-0.41161307193700625 0.6497546255105131 0.1635629752145795
-0.45205529935774597 0.6124832215455069 0.16779296329344298
-0.45256892798495524 0.5721201856943551 0.12913474500940628
-0.4510280421033274 0.6932092932478104 0.2451093998615164
-0.4919838981512764 0.6155748534316525 0.2106811696563432
-0.45205529935774597 0.6124832215455069 0.16779296329344298
-0.41161307193700625 0.6497546255105131 0.1635629752145795
-0.5329397541992255 0.5379404136154945 0.17625293945117
-0.45256892798495524 0.5721201856943551 0.12913474500940628
-0.45205529935774597 0.6124832215455069 0.16779296329344298
-0.4919838981512764 0.6155748534316525 0.2106811696563432
-0.3842528868789209 0.6128117095914611 -0.1159607528613116
-0.4161125726051535 0.6697292619646653 -0.18891703456669018
-0.3611164344292133 0.6947595279326878 -0.19603241729590484
-0.31768852247812696 0.6788158847300971 -0.1631119678078229
-0.4479722583313861 0.7266468143378695 -0.2618733162720688
-0.34954820820435956 0.7357334371033013 -0.2360682495132015
-0.3611164344292133 0.6947595279326878 -0.19603241729590484
-0.4161125726051535 0.6697292619646653 -0.18891703456669018
-0.251124158077333 0.7448200598687331 -0.2102631827543342
-0.31768852247812696 0.6788158847300971 -0.1631119678078229
-0.3611164344292133 0.6947595279326878 -0.19603241729590484
-0.34954820820435956 0.7357334371033013 -0.2360682495132015
-0.5009922037175892 0.4893165702148543 -0.01347360301787767
-0.4365951527441371 0.5478082639940349 0.034271473774882454
-0.4687100198958332 0.5445189805345215 0.08159862900031163
-0.5169659789584073 0.5136284919151743 0.08138966821664616
-0.372198101770685 0.6062999577732157 0.08201655056764258
-0.45256892798495524 0.5721201856943551 0.12913474500940628
-0.4687100198958332 0.5445189805345215 0.08159862900031163
-0.4365951527441371 0.5478082639940349 0.034271473774882454
-0.5329397541992255 0.5379404136154945 0.17625293945117
-0.5169659789584073 0.5136284919151743 0.08138966821664616
-0.4687100198958332 0.5445189805345215 0.08159862900031163
-0.45256892798495524 0.5721201856943551 0.12913474500940628
-0.4644171472976041 -0.5732216716439417 0.1456772049979634
-0.5477185341171814 -0.605998491297193 0.21388389035985322
-0.5082861013617291 -0.6478053147384254 0.22883488959266482
-0.4469191915742143 -0.6523203166324159 0.2022070465281257
-0.6310199209367587 -0.6387753109504443 0.282090575721743
-0.5302205783937917 -0.6850971362856672 0.2704137318900155
-0.5082861013617291 -0.6478053147384254 0.22883488959266482
-0.5477185341171814 -0.605998491297193 0.21388389035985322
-0.4294212358508245 -0.73141896162089 0.258736888058288
-0.4469191915742143 -0.6523203166324159 0.2022070465281257
-0.5082861013617291 -0.6478053147384254 0.22883488959266482
-0.5302205783937917 -0.6850971362856672 0.2704137318900155
-0.7263486767061138 -0.2855915148350236 0.2044744767930424
-0.8172801988003136 -0.2999137548750598 0.2509667848905542
-0.800675025705394 -0.35894956214789336 0.26201145164695033
-0.7469066781108344 -0.381306345764292 0.24428763097639256
-0.9082117208945133 -0.3142359949150959 0.297459092988066
-0.8378382002050342 -0.3956285858043282 0.2907799390739043
-0.800675025705394 -0.35894956214789336 0.26201145164695033
-0.8172801988003136 -0.2999137548750598 0.2509667848905542
-0.7674646795155551 -0.4770211766935605 0.2841007851597427
-0.7469066781108344 -0.381306345764292 0.24428763097639256
-0.800675025705394 -0.35894956214789336 0.26201145164695033
-0.8378382002050342 -0.3956285858043282 0.2907799390739043
-0.4479722583313861 0.7266468143378695 -0.2618733162720688
-0.5030600044289544 0.8159740540035934 -0.2775345290255645
-0.4490446500391771 0.8415994740831287 -0.2839295923317026
-0.39449309979550434 0.8097485642900344 -0.27929651760802376
-0.5581477505265228 0.9053012936693172 -0.2931957417790602
-0.4495808458930727 0.8990758039557583 -0.2949577303615195
-0.4490446500391771 0.8415994740831287 -0.2839295923317026
-0.5030600044289544 0.8159740540035934 -0.2775345290255645
-0.3410139412596226 0.8928503142421993 -0.2967197189439788
-0.39449309979550434 0.8097485642900344 -0.27929651760802376
-0.4490446500391771 0.8415994740831287 -0.2839295923317026
-0.4495808458930727 0.8990758039557583 -0.2949577303615195
-0.672181159931532 0.1985015891088229 0.02293924837637159
-0.6491496206451153 0.27322032218728826 -0.03730078227292828
-0.6371890384928278 0.3063722367454969 0.008903413676276345
-0.6427245170598925 0.2855888274853686 0.06212552697552859
-0.6261180813586984 0.3479390552657536 -0.09754081292222816
-0.6196929777734757 0.36030756056383395 0.001885496326228718
-0.6371890384928278 0.3063722367454969 0.008903413676276345
-0.6491496206451153 0.27322032218728826 -0.03730078227292828
-0.6132678741882529 0.3726760658619143 0.1013118055746856
-0.6427245170598925 0.2855888274853686 0.06212552697552859
-0.6371890384928278 0.3063722367454969 0.008903413676276345
-0.6196929777734757 0.36030756056383395 0.001885496326228718
-0.4644171472976041 -0.5732216716439417 0.1456772049979634
-0.4469191915742143 -0.6523203166324159 0.2022070465281257
-0.3953432282011811 -0.6579117959074828 0.17847069365037052
-0.37830422437635947 -0.6211582130507791 0.13833759644641175
-0.4294212358508245 -0.73141896162089 0.258736888058288
-0.3608062686529696 -0.7002568580392534 0.19486743797657405
-0.3953432282011811 -0.6579117959074828 0.17847069365037052
-0.4469191915742143 -0.6523203166324159 0.2022070465281257
-0.2921913014551148 -0.6690947544576167 0.1309979878948601
-0.37830422437635947 -0.6211582130507791 0.13833759644641175
-0.3953432282011811 -0.6579117959074828 0.17847069365037052
-0.3608062686529696 -0.7002568580392534 0.19486743797657405
-0.7272243667390718 0.4242542807882809 -0.2549784982716151
-0.8144008954186276 0.36384588977214266 -0.27549724446471213
-0.8410175443119975 0.4115952853683593 -0.2832276376486365
-0.8107376044189044 0.46567417867453686 -0.2768334611440502
-0.9015774240981834 0.3034374987560044 -0.2960159906578091
-0.8979141330984602 0.4052657876583986 -0.2973522073371472
-0.8410175443119975 0.4115952853683593 -0.2832276376486365
-0.8144008954186276 0.36384588977214266 -0.27549724446471213
-0.8942508420987371 0.5070940765607928 -0.2986884240164853
-0.8107376044189044 0.46567417867453686 -0.2768334611440502
-0.8410175443119975 0.4115952853683593 -0.2832276376486365
-0.8979141330984602 0.4052657876583986 -0.2973522073371472
-0.5009922037175892 0.4893165702148543 -0.01347360301787767
-0.5169659789584073 0.5136284919151743 0.08138966821664616
-0.5490666107016892 0.46664434989742104 0.08803038066932596
-0.557130038952921 0.43099631803838434 0.04391910127840396
-0.5329397541992255 0.5379404136154945 0.17625293945117
-0.5731038141937392 0.4553082397387044 0.1387823725129278
-0.5490666107016892 0.46664434989742104 0.08803038066932596
-0.5169659789584073 0.5136284919151743 0.08138966821664616
-0.6132678741882529 0.3726760658619143 0.1013118055746856
-0.557130038952921 0.43099631803838434 0.04391910127840396
-0.5490666107016892 0.46664434989742104 0.08803038066932596
-0.5731038141937392 0.4553082397387044 0.1387823725129278
-0.3709639425335886 -0.5953874886053633 -0.02995010606150791
-0.4478377242903523 -0.5294267723339091 -0.018604161466006228
-0.45336419862610294 -0.54402507210392 0.03615629402198365
-0.4176905449155963 -0.5843045801246525 0.05786354946822775
-0.524711506047116 -0.4634660560624549 -0.007258216870504541
-0.49456432667236006 -0.5183438638531983 0.06920949406372943
-0.45336419862610294 -0.54402507210392 0.03615629402198365
-0.4478377242903523 -0.5294267723339091 -0.018604161466006228
-0.4644171472976041 -0.5732216716439417 0.1456772049979634
-0.4176905449155963 -0.5843045801246525 0.05786354946822775
-0.45336419862610294 -0.54402507210392 0.03615629402198365
-0.49456432667236006 -0.5183438638531983 0.06920949406372943
-0.4294212358508245 -0.73141896162089 0.258736888058288
-0.33933984744442686 -0.7720578409407381 0.25929020432016553
-0.32362366544798954 -0.737736812113031 0.21652613217839703
-0.3608062686529696 -0.7002568580392534 0.19486743797657405
-0.2492584590380292 -0.8126967202605864 0.2598435205820431
-0.270724880246572 -0.7408957373591015 0.1954207542384516
-0.32362366544798954 -0.737736812113031 0.21652613217839703
-0.33933984744442686 -0.7720578409407381 0.25929020432016553
-0.2921913014551148 -0.6690947544576167 0.1309979878948601
-0.3608062686529696 -0.7002568580392534 0.19486743797657405
-0.32362366544798954 -0.737736812113031 0.21652613217839703
-0.270724880246572 -0.7408957373591015 0.1954207542384516
-0.7272243667390718 0.4242542807882809 -0.2549784982716151
-0.8107376044189044 0.46567417867453686 -0.2768334611440502
-0.7814212172094054 0.5145895496583143 -0.28300388881496047
-0.7250064047647395 0.518337286207075 -0.275161621214198
-0.8942508420987371 0.5070940765607928 -0.2986884240164853
-0.8085196424445722 0.5597571840933309 -0.2970165840866331
-0.7814212172094054 0.5145895496583143 -0.28300388881496047
-0.8107376044189044 0.46567417867453686 -0.2768334611440502
-0.7227884427904074 0.6124202916258691 -0.2953447441567809
-0.7250064047647395 0.518337286207075 -0.275161621214198
-0.7814212172094054 0.5145895496583143 -0.28300388881496047
-0.8085196424445722 0.5597571840933309 -0.2970165840866331
-0.4510280421033274 0.6932092932478104 0.2451093998615164
-0.5406333995859387 0.6812284592885268 0.2670242668826687
-0.538068851123701 0.633465777397516 0.2367671577388358
-0.4919838981512764 0.6155748534316525 0.2106811696563432
-0.6302387570685499 0.6692476253292432 0.2889391339038211
-0.5815892556338877 0.6035940194723688 0.23259603667749554
-0.538068851123701 0.633465777397516 0.2367671577388358
-0.5406333995859387 0.6812284592885268 0.2670242668826687
-0.5329397541992255 0.5379404136154945 0.17625293945117
-0.4919838981512764 0.6155748534316525 0.2106811696563432
-0.538068851123701 0.633465777397516 0.2367671577388358
-0.5815892556338877 0.6035940194723688 0.23259603667749554
-0.7490683027976873 0.8279339079941141 0.2764546304898128
-0.7872235502493965 0.7345161180139048 0.28652177571829207
-0.734895285855781 0.7127599537856844 0.2873275617801351
-0.6896535299331186 0.7485907666616787 0.28269688219681693
-0.8253787977011056 0.6410983280336954 0.2965889209467713
-0.7278087773848277 0.6551729766814693 0.29276402742529617
-0.734895285855781 0.7127599537856844 0.2873275617801351
-0.7872235502493965 0.7345161180139048 0.28652177571829207
-0.6302387570685499 0.6692476253292432 0.2889391339038211
-0.6896535299331186 0.7485907666616787 0.28269688219681693
-0.734895285855781 0.7127599537856844 0.2873275617801351
-0.7278087773848277 0.6551729766814693 0.29276402742529617
-0.7349483350500264 0.2511953071395637 0.2003318960378549
-0.8021805123109773 0.18831414827346388 0.23729448450868734
-0.7795543966557266 0.14588774066631663 0.2062054270807487
-0.7346252501976258 0.15611511629579292 0.17217960413136313
-0.8694126895719283 0.1254329894073641 0.2742570729795198
-0.8018574274585767 0.09323395742969312 0.20914219260219558
-0.7795543966557266 0.14588774066631663 0.2062054270807487
-0.8021805123109773 0.18831414827346388 0.23729448450868734
-0.7343021653452251 0.06103492545202214 0.1440273122248714
-0.7346252501976258 0.15611511629579292 0.17217960413136313
-0.7795543966557266 0.14588774066631663 0.2062054270807487
-0.8018574274585767 0.09323395742969312 0.20914219260219558
-0.7377511327617142 -0.8389508166869031 -0.2761635827935107
-0.6723600089186925 -0.8995512405749083 -0.27180460689787145
-0.6998192219614762 -0.9330472158366483 -0.23500509112685738
-0.746244390404379 -0.9194949915235155 -0.21878482118917
-0.6069688850756709 -0.9601516644629136 -0.2674456310022321
-0.6808532665613574 -0.9800954154115208 -0.2144258452935307
-0.6998192219614762 -0.9330472158366483 -0.23500509112685738
-0.6723600089186925 -0.8995512405749083 -0.27180460689787145
-0.7547376480470438 -1.000039166360128 -0.1614060595848293
-0.746244390404379 -0.9194949915235155 -0.21878482118917
-0.6998192219614762 -0.9330472158366483 -0.23500509112685738
-0.6808532665613574 -0.9800954154115208 -0.2144258452935307
-0.524711506047116 -0.4634660560624549 -0.007258216870504541
-0.5782697703585488 -0.38490314896625033 0.014404274982658598
-0.5887408818178711 -0.4037338154931926 0.0662087676467506
-0.567197305391816 -0.45243060230476595 0.08127976805221503
-0.6318280346699815 -0.3063402418700458 0.03606676683582174
-0.6207555697032487 -0.37386769520856145 0.10294225990537817
-0.5887408818178711 -0.4037338154931926 0.0662087676467506
-0.5782697703585488 -0.38490314896625033 0.014404274982658598
-0.6096831047365159 -0.441395148547077 0.1698177529749346
-0.567197305391816 -0.45243060230476595 0.08127976805221503
-0.5887408818178711 -0.4037338154931926 0.0662087676467506
-0.6207555697032487 -0.37386769520856145 0.10294225990537817
-0.4510280421033274 0.6932092932478104 0.2451093998615164
-0.502137844006858 0.7725825721672186 0.27234571544823705
-0.5448381483607553 0.7381375898878936 0.2778768549334317
-0.5406333995859387 0.6812284592885268 0.2670242668826687
-0.5532476459103886 0.8519558510866266 0.2995820310349577
-0.5917432014894692 0.7606017382079349 0.29426058246938935
-0.5448381483607553 0.7381375898878936 0.2778768549334317
-0.502137844006858 0.7725825721672186 0.27234571544823705
-0.6302387570685499 0.6692476253292432 0.2889391339038211
-0.5406333995859387 0.6812284592885268 0.2670242668826687
-0.5448381483607553 0.7381375898878936 0.2778768549334317
-0.5917432014894692 0.7606017382079349 0.29426058246938935
-0.982159675751437 -0.1225719411923596 -0.299825818186928
-0.9557031725452511 -0.01328215665418394 -0.2962596362365013
-0.9006660259414163 -0.021637261560338548 -0.2694142290427426
-0.8863757042425919 -0.08045970628250368 -0.2577746164210766
-0.9292466693390651 0.09600762788399173 -0.2926934542860747
-0.8599192010364061 0.02883007825567198 -0.25420843447064995
-0.9006660259414163 -0.021637261560338548 -0.2694142290427426
-0.9557031725452511 -0.01328215665418394 -0.2962596362365013
-0.7905917327337469 -0.03834747137264777 -0.2157234146552252
-0.8863757042425919 -0.08045970628250368 -0.2577746164210766
-0.9006660259414163 -0.021637261560338548 -0.2694142290427426
-0.8599192010364061 0.02883007825567198 -0.25420843447064995
-0.672181159931532 0.1985015891088229 0.02293924837637159
-0.6427245170598925 0.2855888274853686 0.06212552697552859
-0.6734657897232705 0.2741243207034336 0.10819431666297069
-0.7035647474907792 0.2248484481241933 0.11163557220711325
-0.6132678741882529 0.3726760658619143 0.1013118055746856
-0.6741081046191397 0.311935686500739 0.15082185080627025
-0.6734657897232705 0.2741243207034336 0.10819431666297069
-0.6427245170598925 0.2855888274853686 0.06212552697552859
-0.7349483350500264 0.2511953071395637 0.2003318960378549
-0.7035647474907792 0.2248484481241933 0.11163557220711325
-0.6734657897232705 0.2741243207034336 0.10819431666297069
-0.6741081046191397 0.311935686500739 0.15082185080627025
0.291656398497512 0.856968801563375 -0.2846409889254268
0.3877087774141596 0.8506270922218635 -0.2917143954306174
0.3834681940984162 0.8013429114489147 -0.26797005777912863
0.3333217129822207 0.779871675733196 -0.25256118570078895
0.4837611563308072 0.8442853828803522 -0.298787801935808
0.4293740918988683 0.7735299663916847 -0.25963459220597956
0.3834681940984162 0.8013429114489147 -0.26797005777912863
0.3877087774141596 0.8506270922218635 -0.2917143954306174
0.3749870274669294 0.7027745499030172 -0.2204813824761511
0.3333217129822207 0.779871675733196 -0.25256118570078895
0.3834681940984162 0.8013429114489147 -0.26797005777912863
0.4293740918988683 0.7735299663916847 -0.25963459220597956
-0.8942387063707247 0.321150801178143 0.2958306948420866
-0.9796906606591468 0.2735472496652974 0.2911868550782919
-0.9429313369634073 0.22417582957931967 0.2855435943787012
-0.8818256979713265 0.22329189529275356 0.28504388391080315
-1.065142614947569 0.2259436981524519 0.2865430153144973
-0.9672776522597486 0.175688343779908 0.28040004414700853
-0.9429313369634073 0.22417582957931967 0.2855435943787012
-0.9796906606591468 0.2735472496652974 0.2911868550782919
-0.8694126895719283 0.1254329894073641 0.2742570729795198
-0.8818256979713265 0.22329189529275356 0.28504388391080315
-0.9429313369634073 0.22417582957931967 0.2855435943787012
-0.9672776522597486 0.175688343779908 0.28040004414700853
-0.6132678741882529 0.3726760658619143 0.1013118055746856
-0.6663498984717497 0.4108999427185446 0.18001019414969247
-0.689216043997842 0.3576650641922176 0.18678409477907995
-0.6741081046191397 0.311935686500739 0.15082185080627025
-0.7194319227552466 0.4491238195751748 0.2587085827246993
-0.7271901289026366 0.3501595633573692 0.2295202393812771
-0.689216043997842 0.3576650641922176 0.18678409477907995
-0.6663498984717497 0.4108999427185446 0.18001019414969247
-0.7349483350500264 0.2511953071395637 0.2003318960378549
-0.6741081046191397 0.311935686500739 0.15082185080627025
-0.689216043997842 0.3576650641922176 0.18678409477907995
-0.7271901289026366 0.3501595633573692 0.2295202393812771
-0.7034490795086773 0.01743358896323373 -0.04675053051605849
-0.7231804312402005 0.10081900805657062 -0.11687195859258594
-0.706180674137311 0.13337986840732138 -0.07026822293626676
-0.6878151197201047 0.10796758903602832 -0.011905641069843452
-0.7429117829717237 0.1842044271499075 -0.1869933866691134
-0.7075464714516279 0.1913530081293652 -0.0820270691463709
-0.706180674137311 0.13337986840732138 -0.07026822293626676
-0.7231804312402005 0.10081900805657062 -0.11687195859258594
-0.672181159931532 0.1985015891088229 0.02293924837637159
-0.6878151197201047 0.10796758903602832 -0.011905641069843452
-0.706180674137311 0.13337986840732138 -0.07026822293626676
-0.7075464714516279 0.1913530081293652 -0.0820270691463709
-0.1131313652419752 -0.7647215373819454 -0.1961916980755149
-0.08085515141979378 -0.8453461748163483 -0.24361783847361196
-0.13032218832968942 -0.864688063179075 -0.2598097606080212
-0.17119381369572795 -0.8340466886432367 -0.2441926514761773
-0.04857893759761237 -0.9259708122507513 -0.291043978871709
-0.13891759987354654 -0.9146713260776398 -0.29161879187427436
-0.13032218832968942 -0.864688063179075 -0.2598097606080212
-0.08085515141979378 -0.8453461748163483 -0.24361783847361196
-0.2292562621494807 -0.9033718399045282 -0.2921936048768397
-0.17119381369572795 -0.8340466886432367 -0.2441926514761773
-0.13032218832968942 -0.864688063179075 -0.2598097606080212
-0.13891759987354654 -0.9146713260776398 -0.29161879187427436
-0.7034490795086773 0.01743358896323373 -0.04675053051605849
-0.7188756224269512 0.03923425720762794 0.04863839085440645
-0.7133309997813161 -0.016050661894478003 0.06215676335321477
-0.7028454169993614 -0.05459345556772808 0.02122148891738645
-0.7343021653452251 0.06103492545202214 0.1440273122248714
-0.7182719599176354 -0.03279278732333388 0.1166104102878514
-0.7133309997813161 -0.016050661894478003 0.06215676335321477
-0.7188756224269512 0.03923425720762794 0.04863839085440645
-0.7022417544900457 -0.1266205000986899 0.0891935083508314
-0.7028454169993614 -0.05459345556772808 0.02122148891738645
-0.7133309997813161 -0.016050661894478003 0.06215676335321477
-0.7182719599176354 -0.03279278732333388 0.1166104102878514
-0.6310199209367587 -0.6387753109504443 0.282090575721743
-0.6129288562539268 -0.7352897621706218 0.29061868892440085
-0.5517596494528927 -0.7339994953207113 0.2799914219690299
-0.5302205783937917 -0.6850971362856672 0.2704137318900155
-0.594837791571095 -0.8318042133907992 0.2991468021270587
-0.5121295137109597 -0.7816115875058447 0.27894184509267334
-0.5517596494528927 -0.7339994953207113 0.2799914219690299
-0.6129288562539268 -0.7352897621706218 0.29061868892440085
-0.4294212358508245 -0.73141896162089 0.258736888058288
-0.5302205783937917 -0.6850971362856672 0.2704137318900155
-0.5517596494528927 -0.7339994953207113 0.2799914219690299
-0.5121295137109597 -0.7816115875058447 0.27894184509267334
-0.6953051807235145 -0.1805963565577906 -0.1033829044400874
-0.7429484567286307 -0.10947191396521919 -0.1595531595476563
-0.7297819976553129 -0.06717007965573489 -0.12195228320379037
-0.6993771301160959 -0.08158138379727845 -0.07506671747807295
-0.7905917327337469 -0.03834747137264777 -0.2157234146552252
-0.7470204061212121 -0.01045694120470702 -0.13123697258564185
-0.7297819976553129 -0.06717007965573489 -0.12195228320379037
-0.7429484567286307 -0.10947191396521919 -0.1595531595476563
-0.7034490795086773 0.01743358896323373 -0.04675053051605849
-0.6993771301160959 -0.08158138379727845 -0.07506671747807295
-0.7297819976553129 -0.06717007965573489 -0.12195228320379037
-0.7470204061212121 -0.01045694120470702 -0.13123697258564185
-0.6953051807235145 -0.1805963565577906 -0.1033829044400874
-0.7506824331601312 -0.21346284110323038 -0.17946716468204651
-0.7639855330180031 -0.15509105119303618 -0.19155258133977274
-0.7429484567286307 -0.10947191396521919 -0.1595531595476563
-0.8060596855967479 -0.2463293256486702 -0.2555514249240056
-0.7983257091652474 -0.142338398510659 -0.23563741978961542
-0.7639855330180031 -0.15509105119303618 -0.19155258133977274
-0.7506824331601312 -0.21346284110323038 -0.17946716468204651
-0.7905917327337469 -0.03834747137264777 -0.2157234146552252
-0.7429484567286307 -0.10947191396521919 -0.1595531595476563
-0.7639855330180031 -0.15509105119303618 -0.19155258133977274
-0.7983257091652474 -0.142338398510659 -0.23563741978961542
-0.5532476459103886 0.8519558510866266 0.2995820310349577
-0.6511579743540379 0.8399448795403703 0.28801833076238526
-0.6441849019255419 0.7830457948033279 0.2883252651428639
-0.5917432014894692 0.7606017382079349 0.29426058246938935
-0.7490683027976873 0.8279339079941141 0.2764546304898128
-0.6896535299331186 0.7485907666616787 0.28269688219681693
-0.6441849019255419 0.7830457948033279 0.2883252651428639
-0.6511579743540379 0.8399448795403703 0.28801833076238526
-0.6302387570685499 0.6692476253292432 0.2889391339038211
-0.5917432014894692 0.7606017382079349 0.29426058246938935
-0.6441849019255419 0.7830457948033279 0.2883252651428639
-0.6896535299331186 0.7485907666616787 0.28269688219681693
-0.6318280346699815 -0.3063402418700458 0.03606676683582174
-0.6790883556880476 -0.29596587835253474 0.12027062181443207
-0.6559532720375371 -0.3444423017507155 0.13678633220126624
-0.6207555697032487 -0.37386769520856145 0.10294225990537817
-0.7263486767061138 -0.2855915148350236 0.2044744767930424
-0.6680158907213148 -0.3634933316910503 0.1871461148839885
-0.6559532720375371 -0.3444423017507155 0.13678633220126624
-0.6790883556880476 -0.29596587835253474 0.12027062181443207
-0.6096831047365159 -0.441395148547077 0.1698177529749346
-0.6207555697032487 -0.37386769520856145 0.10294225990537817
-0.6559532720375371 -0.3444423017507155 0.13678633220126624
-0.6680158907213148 -0.3634933316910503 0.1871461148839885
-0.7349483350500264 0.2511953071395637 0.2003318960378549
-0.8145935207103756 0.2861730541588533 0.24808129543997073
-0.8328665769975597 0.2325930325750236 0.25680655461982044
-0.8021805123109773 0.18831414827346388 0.23729448450868734
-0.8942387063707247 0.321150801178143 0.2958306948420866
-0.8818256979713265 0.22329189529275356 0.28504388391080315
-0.8328665769975597 0.2325930325750236 0.25680655461982044
-0.8145935207103756 0.2861730541588533 0.24808129543997073
-0.8694126895719283 0.1254329894073641 0.2742570729795198
-0.8021805123109773 0.18831414827346388 0.23729448450868734
-0.8328665769975597 0.2325930325750236 0.25680655461982044
-0.8818256979713265 0.22329189529275356 0.28504388391080315
-0.6953051807235145 -0.1805963565577906 -0.1033829044400874
-0.6993771301160959 -0.08158138379727845 -0.07506671747807295
-0.7003320049074125 -0.0965944225644156 -0.020313308868438167
-0.69877346760678 -0.15360842832824023 -0.007094698044627999
-0.7034490795086773 0.01743358896323373 -0.04675053051605849
-0.7028454169993614 -0.05459345556772808 0.02122148891738645
-0.7003320049074125 -0.0965944225644156 -0.020313308868438167
-0.6993771301160959 -0.08158138379727845 -0.07506671747807295
-0.7022417544900457 -0.1266205000986899 0.0891935083508314
-0.69877346760678 -0.15360842832824023 -0.007094698044627999
-0.7003320049074125 -0.0965944225644156 -0.020313308868438167
-0.7028454169993614 -0.05459345556772808 0.02122148891738645
-0.7034490795086773 0.01743358896323373 -0.04675053051605849
-0.6878151197201047 0.10796758903602832 -0.011905641069843452
-0.7033108015951447 0.0923233678413596 0.040072010028394826
-0.7188756224269512 0.03923425720762794 0.04863839085440645
-0.672181159931532 0.1985015891088229 0.02293924837637159
-0.7032416626383786 0.12976825728042252 0.08348328030062149
-0.7033108015951447 0.0923233678413596 0.040072010028394826
-0.6878151197201047 0.10796758903602832 -0.011905641069843452
-0.7343021653452251 0.06103492545202214 0.1440273122248714
-0.7188756224269512 0.03923425720762794 0.04863839085440645
-0.7033108015951447 0.0923233678413596 0.040072010028394826
-0.7032416626383786 0.12976825728042252 0.08348328030062149
-0.6318280346699815 -0.3063402418700458 0.03606676683582174
-0.663566607696748 -0.24346829921391822 -0.03365806880213283
-0.6764583232945139 -0.20451903284217543 0.007292456915521911
-0.6670348945800135 -0.21648037098436784 0.06263013759332657
-0.6953051807235145 -0.1805963565577906 -0.1033829044400874
-0.69877346760678 -0.15360842832824023 -0.007094698044627999
-0.6764583232945139 -0.20451903284217543 0.007292456915521911
-0.663566607696748 -0.24346829921391822 -0.03365806880213283
-0.7022417544900457 -0.1266205000986899 0.0891935083508314
-0.6670348945800135 -0.21648037098436784 0.06263013759332657
-0.6764583232945139 -0.20451903284217543 0.007292456915521911
-0.69877346760678 -0.15360842832824023 -0.007094698044627999
-0.672181159931532 0.1985015891088229 0.02293924837637159
-0.7035647474907792 0.2248484481241933 0.11163557220711325
-0.7138105534422611 0.17024394056680292 0.1224328188796993
-0.7032416626383786 0.12976825728042252 0.08348328030062149
-0.7349483350500264 0.2511953071395637 0.2003318960378549
-0.7346252501976258 0.15611511629579292 0.17217960413136313
-0.7138105534422611 0.17024394056680292 0.1224328188796993
-0.7035647474907792 0.2248484481241933 0.11163557220711325
-0.7343021653452251 0.06103492545202214 0.1440273122248714
-0.7032416626383786 0.12976825728042252 0.08348328030062149
-0.7138105534422611 0.17024394056680292 0.1224328188796993
-0.7346252501976258 0.15611511629579292 0.17217960413136313
-0.8060596855967479 -0.2463293256486702 -0.2555514249240056
-0.8941096806740925 -0.1844506334205149 -0.2776886215554668
-0.8596036980273106 -0.1357495794045592 -0.25703355258871957
-0.7983257091652474 -0.142338398510659 -0.23563741978961542
-0.982159675751437 -0.1225719411923596 -0.299825818186928
-0.8863757042425919 -0.08045970628250368 -0.2577746164210766
-0.8596036980273106 -0.1357495794045592 -0.25703355258871957
-0.8941096806740925 -0.1844506334205149 -0.2776886215554668
-0.7905917327337469 -0.03834747137264777 -0.2157234146552252
-0.7983257091652474 -0.142338398510659 -0.23563741978961542
-0.8596036980273106 -0.1357495794045592 -0.25703355258871957
-0.8863757042425919 -0.08045970628250368 -0.2577746164210766
-0.3709639425335886 -0.5953874886053633 -0.02995010606150791
-0.43853042872243 -0.5841512307873731 -0.10786020398966331
-0.4672574544973253 -0.5439228392124004 -0.07432620828327706
-0.4478377242903523 -0.5294267723339091 -0.018604161466006228
-0.5060969149112714 -0.572914972969383 -0.1857703019178187
-0.5154042104791937 -0.5181905145159189 -0.09651425939416163
-0.4672574544973253 -0.5439228392124004 -0.07432620828327706
-0.43853042872243 -0.5841512307873731 -0.10786020398966331
-0.524711506047116 -0.4634660560624549 -0.007258216870504541
-0.4478377242903523 -0.5294267723339091 -0.018604161466006228
-0.4672574544973253 -0.5439228392124004 -0.07432620828327706
-0.5154042104791937 -0.5181905145159189 -0.09651425939416163
-0.524711506047116 -0.4634660560624549 -0.007258216870504541
-0.5840987106328845 -0.426564977088597 -0.08823182793113132
-0.6000084853119169 -0.3864900653490799 -0.046798963008813636
-0.5782697703585488 -0.38490314896625033 0.014404274982658598
-0.6434859152186531 -0.389663898114739 -0.1692054389917581
-0.6376569749443173 -0.3480020699923924 -0.06656933607796818
-0.6000084853119169 -0.3864900653490799 -0.046798963008813636
-0.5840987106328845 -0.426564977088597 -0.08823182793113132
-0.6318280346699815 -0.3063402418700458 0.03606676683582174
-0.5782697703585488 -0.38490314896625033 0.014404274982658598
-0.6000084853119169 -0.3864900653490799 -0.046798963008813636
-0.6376569749443173 -0.3480020699923924 -0.06656933607796818
-0.1919067545671363 -0.6760153082686995 -0.04035617526826585
-0.28143534855036245 -0.6357013984370314 -0.03515314066488688
-0.2850206661852799 -0.6468325171105599 0.020230568855028785
-0.24204902801112554 -0.6725550313631581 0.04532090631329713
-0.3709639425335886 -0.5953874886053633 -0.02995010606150791
-0.3315776219943517 -0.63224112153149 0.0505239409166761
-0.2850206661852799 -0.6468325171105599 0.020230568855028785
-0.28143534855036245 -0.6357013984370314 -0.03515314066488688
-0.2921913014551148 -0.6690947544576167 0.1309979878948601
-0.24204902801112554 -0.6725550313631581 0.04532090631329713
-0.2850206661852799 -0.6468325171105599 0.020230568855028785
-0.3315776219943517 -0.63224112153149 0.0505239409166761
-0.6318280346699815 -0.3063402418700458 0.03606676683582174
-0.6670348945800135 -0.21648037098436784 0.06263013759332657
-0.6868061552887136 -0.23951741893458642 0.10991158399323185
-0.6790883556880476 -0.29596587835253474 0.12027062181443207
-0.7022417544900457 -0.1266205000986899 0.0891935083508314
-0.7142952155980797 -0.20610600746685676 0.1468339925719369
-0.6868061552887136 -0.23951741893458642 0.10991158399323185
-0.6670348945800135 -0.21648037098436784 0.06263013759332657
-0.7263486767061138 -0.2855915148350236 0.2044744767930424
-0.6790883556880476 -0.29596587835253474 0.12027062181443207
-0.6868061552887136 -0.23951741893458642 0.10991158399323185
-0.7142952155980797 -0.20610600746685676 0.1468339925719369
0.481562432505316 -0.7804886242908715 -0.2883173743074094
0.48218962098983986 -0.8708397657622315 -0.28931264619174357
0.42054137513013456 -0.8782958699322653 -0.2909467157245082
0.38940365795802 -0.8368483512816021 -0.2912661145487234
0.4828168094743638 -0.9611909072335917 -0.2903079180760778
0.39003084644254393 -0.9271994927529621 -0.2922613864330576
0.42054137513013456 -0.8782958699322653 -0.2909467157245082
0.48218962098983986 -0.8708397657622315 -0.28931264619174357
0.2972448834107241 -0.8932080782723325 -0.2942148547900374
0.38940365795802 -0.8368483512816021 -0.2912661145487234
0.42054137513013456 -0.8782958699322653 -0.2909467157245082
0.39003084644254393 -0.9271994927529621 -0.2922613864330576
-0.04857893759761237 -0.9259708122507513 -0.291043978871709
-0.11252440143600244 -1.0038990556017107 -0.287613348722239
-0.15143502167382852 -0.9703899837026498 -0.28914010077377256
-0.13891759987354654 -0.9146713260776398 -0.29161879187427436
-0.1764698652743925 -1.08182729895267 -0.2841827185727689
-0.2028630637119366 -0.9925995694285992 -0.2881881617248043
-0.15143502167382852 -0.9703899837026498 -0.28914010077377256
-0.11252440143600244 -1.0038990556017107 -0.287613348722239
-0.2292562621494807 -0.9033718399045282 -0.2921936048768397
-0.13891759987354654 -0.9146713260776398 -0.29161879187427436
-0.15143502167382852 -0.9703899837026498 -0.28914010077377256
-0.2028630637119366 -0.9925995694285992 -0.2881881617248043
0.6748835304248323 0.4141619128121026 0.2160233124811972
0.7126071221269119 0.4873580421856877 0.25462362496713065
0.6662116236983868 0.5095419570465723 0.24345830814883776
0.6241520786330844 0.4840358497902222 0.2185754934967246
0.7503307138289915 0.5605541715592728 0.2932239374530641
0.661875670335164 0.5572319791638073 0.25717580598265805
0.6662116236983868 0.5095419570465723 0.24345830814883776
0.7126071221269119 0.4873580421856877 0.25462362496713065
0.5734206268413365 0.5539097867683418 0.221127674512252
0.6241520786330844 0.4840358497902222 0.2185754934967246
0.6662116236983868 0.5095419570465723 0.24345830814883776
0.661875670335164 0.5572319791638073 0.25717580598265805
-0.1919067545671363 -0.6760153082686995 -0.04035617526826585
-0.24204902801112554 -0.6725550313631581 0.04532090631329713
-0.19520476848010923 -0.6883156251403394 0.07164535654603998
-0.14671150199260646 -0.6979260604817008 0.04196904087162993
-0.2921913014551148 -0.6690947544576167 0.1309979878948601
-0.1968537754365957 -0.6944657835761594 0.1276461224531929
-0.19520476848010923 -0.6883156251403394 0.07164535654603998
-0.24204902801112554 -0.6725550313631581 0.04532090631329713
-0.1015162494180766 -0.7198368126947022 0.1242942570115257
-0.14671150199260646 -0.6979260604817008 0.04196904087162993
-0.19520476848010923 -0.6883156251403394 0.07164535654603998
-0.1968537754365957 -0.6944657835761594 0.1276461224531929
0.1221019719004029 -0.945119610773805 -0.2962913789790053
0.06824025977782198 -1.025911136719651 -0.28831933253668174
0.029300527319343867 -0.9925976952300178 -0.2892275479816908
0.036761517151395265 -0.9355452115122782 -0.29366767892535717
0.01437854765524108 -1.106702662665497 -0.2803472860943581
-0.017100194971185645 -1.0163367374581243 -0.28569563248303353
0.029300527319343867 -0.9925976952300178 -0.2892275479816908
0.06824025977782198 -1.025911136719651 -0.28831933253668174
-0.04857893759761237 -0.9259708122507513 -0.291043978871709
0.036761517151395265 -0.9355452115122782 -0.29366767892535717
0.029300527319343867 -0.9925976952300178 -0.2892275479816908
-0.017100194971185645 -1.0163367374581243 -0.28569563248303353
-0.08604726472810366 0.8232454846160637 0.2456076361880345
-0.17355391308625812 0.8633719690071324 0.26981980557084895
-0.19989522936963455 0.8174298996590322 0.24338244594542455
-0.16931256333224556 0.7743956227894477 0.2180576814413051
-0.2610605614444126 0.903498453398201 0.2940319749536634
-0.2568192116904 0.8145221071805164 0.24226985082411956
-0.19989522936963455 0.8174298996590322 0.24338244594542455
-0.17355391308625812 0.8633719690071324 0.26981980557084895
-0.2525778619363875 0.7255457609628319 0.1905077266945757
-0.16931256333224556 0.7743956227894477 0.2180576814413051
-0.19989522936963455 0.8174298996590322 0.24338244594542455
-0.2568192116904 0.8145221071805164 0.24226985082411956
-0.1764698652743925 -1.08182729895267 -0.2841827185727689
-0.2560821935276921 -1.0694038407856534 -0.28183871662752646
-0.24714021640162165 -1.014059840491945 -0.2852903460439642
-0.2028630637119366 -0.9925995694285992 -0.2881881617248043
-0.3356945217809917 -1.056980382618637 -0.279494714682284
-0.2824753919652362 -0.9801761112615825 -0.28584415977956185
-0.24714021640162165 -1.014059840491945 -0.2852903460439642
-0.2560821935276921 -1.0694038407856534 -0.28183871662752646
-0.2292562621494807 -0.9033718399045282 -0.2921936048768397
-0.2028630637119366 -0.9925995694285992 -0.2881881617248043
-0.24714021640162165 -1.014059840491945 -0.2852903460439642
-0.2824753919652362 -0.9801761112615825 -0.28584415977956185
-0.1131313652419752 -0.7647215373819454 -0.1961916980755149
-0.17119381369572795 -0.8340466886432367 -0.2441926514761773
-0.22375236021644027 -0.7942925617497325 -0.2331517302646945
-0.22100040924992 -0.7397529226723348 -0.2036307929586219
-0.2292562621494807 -0.9033718399045282 -0.2921936048768397
-0.2790628577036728 -0.8090780739336263 -0.2516317463592843
-0.22375236021644027 -0.7942925617497325 -0.2331517302646945
-0.17119381369572795 -0.8340466886432367 -0.2441926514761773
-0.3288694532578648 -0.7147843079627243 -0.2110698878417289
-0.22100040924992 -0.7397529226723348 -0.2036307929586219
-0.22375236021644027 -0.7942925617497325 -0.2331517302646945
-0.2790628577036728 -0.8090780739336263 -0.2516317463592843
-0.1015162494180766 -0.7198368126947022 0.1242942570115257
-0.052712301394964134 -0.7775295330966685 0.1874979439675056
-0.0033646511646825417 -0.7586346940888347 0.16654812720644027
-0.0030928000610979806 -0.7203409143839345 0.12447137534791765
-0.003908353371851659 -0.8352222534986348 0.2507016309234855
0.04571114796201449 -0.7780336347859009 0.18767506230389755
-0.0033646511646825417 -0.7586346940888347 0.16654812720644027
-0.052712301394964134 -0.7775295330966685 0.1874979439675056
0.09533064929588064 -0.720845016073167 0.1246484936843096
-0.0030928000610979806 -0.7203409143839345 0.12447137534791765
-0.0033646511646825417 -0.7586346940888347 0.16654812720644027
0.04571114796201449 -0.7780336347859009 0.18767506230389755
0.002134031252227362 -0.7034067067897046 -0.04510364344013825
-0.05549866699487392 -0.734064122085825 -0.12064767075782658
-0.10096802951896137 -0.7147145174801165 -0.09388383892797299
-0.09488636165745447 -0.6897110075292021 -0.04272990935420205
-0.1131313652419752 -0.7647215373819454 -0.1961916980755149
-0.15251905990455575 -0.7203684228253224 -0.11827393667189037
-0.10096802951896137 -0.7147145174801165 -0.09388383892797299
-0.05549866699487392 -0.734064122085825 -0.12064767075782658
-0.1919067545671363 -0.6760153082686995 -0.04035617526826585
-0.09488636165745447 -0.6897110075292021 -0.04272990935420205
-0.10096802951896137 -0.7147145174801165 -0.09388383892797299
-0.15251905990455575 -0.7203684228253224 -0.11827393667189037
-0.1131313652419752 -0.7647215373819454 -0.1961916980755149
-0.22100040924992 -0.7397529226723348 -0.2036307929586219
-0.21130252435565877 -0.7185070512044565 -0.1492059203951699
-0.15251905990455575 -0.7203684228253224 -0.11827393667189037
-0.3288694532578648 -0.7147843079627243 -0.2110698878417289
-0.26038810391250056 -0.6953998081157119 -0.12571303155499736
-0.21130252435565877 -0.7185070512044565 -0.1492059203951699
-0.22100040924992 -0.7397529226723348 -0.2036307929586219
-0.1919067545671363 -0.6760153082686995 -0.04035617526826585
-0.15251905990455575 -0.7203684228253224 -0.11827393667189037
-0.21130252435565877 -0.7185070512044565 -0.1492059203951699
-0.26038810391250056 -0.6953998081157119 -0.12571303155499736
-1.117440489083363 -0.6643242832812413 -7.347880794884119e-17
-1.0712312456813324 -0.6930288103065982 -0.0801181619778069
-1.0484661417103973 -0.7377242652125742 -0.05341210798520463
-1.0601882114259449 -0.7457197291528836 -7.347880794884119e-17
-1.025022002279302 -0.7217333373319552 -0.1602363239556137
-1.0139789680239146 -0.7744242561782406 -0.0801181619778069
-1.0484661417103973 -0.7377242652125742 -0.05341210798520463
-1.0712312456813324 -0.6930288103065982 -0.0801181619778069
-1.002935933768527 -0.8271151750245261 -7.347880794884119e-17
-1.0601882114259449 -0.7457197291528836 -7.347880794884119e-17
-1.0484661417103973 -0.7377242652125742 -0.05341210798520463
-1.0139789680239146 -0.7744242561782406 -0.0801181619778069
0.623816736795696 -0.3246227636144778 0.04387919741689999
0.6222026915228526 -0.35759269752182676 -0.046707114200788505
0.5867993230990439 -0.39607370891625165 -0.030409335384016245
0.5699046615235612 -0.39882924765978967 0.023032709833214128
0.6205886462500091 -0.3905626314291758 -0.137293425818477
0.5682906162507178 -0.4317991815671387 -0.06755360178447437
0.5867993230990439 -0.39607370891625165 -0.030409335384016245
0.6222026915228526 -0.35759269752182676 -0.046707114200788505
0.5159925862514265 -0.4730357317051016 0.00218622224952827
0.5699046615235612 -0.39882924765978967 0.023032709833214128
0.5867993230990439 -0.39607370891625165 -0.030409335384016245
0.5682906162507178 -0.4317991815671387 -0.06755360178447437
-0.8649234102152327 0.9705191880955536 -7.347880794884119e-17
-0.8114088423229641 0.9823914386801123 0.0827755541259256
-0.776485166549171 1.0186526437772538 0.05518370275061704
-0.7857806126084088 1.0308471210335453 -7.347880794884119e-17
-0.7578942744306955 0.9942636892646708 0.1655511082518513
-0.7322660447161402 1.0427193716181038 0.0827755541259256
-0.776485166549171 1.0186526437772538 0.05518370275061704
-0.8114088423229641 0.9823914386801123 0.0827755541259256
-0.706637815001585 1.091175053971537 -7.347880794884119e-17
-0.7857806126084088 1.0308471210335453 -7.347880794884119e-17
-0.776485166549171 1.0186526437772538 0.05518370275061704
-0.7322660447161402 1.0427193716181038 0.0827755541259256
0.7579108953916528 0.6440733692061125 -0.2999516696305128
0.8447774724685804 0.6407878368976115 -0.28542875280824004
0.841031737303901 0.5827525657863512 -0.28916911829838077
0.7957255811830974 0.5553776963849714 -0.2983007594545875
0.9316440495455081 0.6375023045891106 -0.2709058359859673
0.882592158260025 0.5520921640764704 -0.28377784263231476
0.841031737303901 0.5827525657863512 -0.28916911829838077
0.8447774724685804 0.6407878368976115 -0.28542875280824004
0.833540266974542 0.4666820235638303 -0.2966498492786622
0.7957255811830974 0.5553776963849714 -0.2983007594545875
0.841031737303901 0.5827525657863512 -0.28916911829838077
0.882592158260025 0.5520921640764704 -0.28377784263231476
-1.236593266099786 0.1910618430128792 0.1639061021373739
-1.1933344775765435 0.13937920937435808 0.2108561363988905
-1.1506038567002186 0.16823403896705602 0.2360850960374261
-1.1508679405236775 0.20850277058266556 0.22522455872593558
-1.150075689053301 0.08769657573583693 0.2578061706604071
-1.107609152000435 0.15682013694414443 0.27217459298745217
-1.1506038567002186 0.16823403896705602 0.2360850960374261
-1.1933344775765435 0.13937920937435808 0.2108561363988905
-1.065142614947569 0.2259436981524519 0.2865430153144973
-1.1508679405236775 0.20850277058266556 0.22522455872593558
-1.1506038567002186 0.16823403896705602 0.2360850960374261
-1.107609152000435 0.15682013694414443 0.27217459298745217
0.1864647546929038 0.7367353964194818 -0.1799545067345681
0.2390605765952079 0.7968520989914284 -0.23229774782999743
0.28436939355244845 0.765492915961958 -0.2283589593787153
0.28072589107991663 0.7197549731612496 -0.20021794460535958
0.291656398497512 0.856968801563375 -0.2846409889254268
0.3333217129822207 0.779871675733196 -0.25256118570078895
0.28436939355244845 0.765492915961958 -0.2283589593787153
0.2390605765952079 0.7968520989914284 -0.23229774782999743
0.3749870274669294 0.7027745499030172 -0.2204813824761511
0.28072589107991663 0.7197549731612496 -0.20021794460535958
0.28436939355244845 0.765492915961958 -0.2283589593787153
0.3333217129822207 0.779871675733196 -0.25256118570078895
0.002134031252227362 -0.7034067067897046 -0.04510364344013825
-0.09488636165745447 -0.6897110075292021 -0.04272990935420205
-0.09709632424432851 -0.6997529425843688 0.012944812767707198
-0.04969110908292462 -0.7116217597422034 0.03959530678569373
-0.1919067545671363 -0.6760153082686995 -0.04035617526826585
-0.14671150199260646 -0.6979260604817008 0.04196904087162993
-0.09709632424432851 -0.6997529425843688 0.012944812767707198
-0.09488636165745447 -0.6897110075292021 -0.04272990935420205
-0.1015162494180766 -0.7198368126947022 0.1242942570115257
-0.04969110908292462 -0.7116217597422034 0.03959530678569373
-0.09709632424432851 -0.6997529425843688 0.012944812767707198
-0.14671150199260646 -0.6979260604817008 0.04196904087162993
0.3199511156124059 -0.694726749127105 -0.1863066011600608
0.30859799951156497 -0.7939674136997188 -0.2402607279750491
0.24062932238322465 -0.7901039871730683 -0.2313752818113687
0.21232154186947494 -0.7385519416234361 -0.19995549532203433
0.2972448834107241 -0.8932080782723325 -0.2942148547900374
0.20096842576863405 -0.8377926061960499 -0.2539096221370226
0.24062932238322465 -0.7901039871730683 -0.2313752818113687
0.30859799951156497 -0.7939674136997188 -0.2402607279750491
0.104691968126544 -0.7823771341197672 -0.2136043894840079
0.21232154186947494 -0.7385519416234361 -0.19995549532203433
0.24062932238322465 -0.7901039871730683 -0.2313752818113687
0.20096842576863405 -0.8377926061960499 -0.2539096221370226
0.09533064929588064 -0.720845016073167 0.1246484936843096
0.1546623233757476 -0.780974000846439 0.19699901428352368
0.1978455503822769 -0.7452404340260842 0.17578104877649814
0.18977132684560807 -0.6973091582292708 0.12899680572337835
0.2139939974556145 -0.8411029856197109 0.2693495348827378
0.249103000925475 -0.7574381430025428 0.20134732632259245
0.1978455503822769 -0.7452404340260842 0.17578104877649814
0.1546623233757476 -0.780974000846439 0.19699901428352368
0.2842120043953355 -0.6737733003853745 0.1333451177624471
0.18977132684560807 -0.6973091582292708 0.12899680572337835
0.1978455503822769 -0.7452404340260842 0.17578104877649814
0.249103000925475 -0.7574381430025428 0.20134732632259245
0.3713976577839098 -0.5945207129855099 -0.02438804121584415
0.34567438669815787 -0.6446237310563074 -0.10534732118795247
0.2954611839807935 -0.6546546891235799 -0.08269638341497591
0.2832162181649874 -0.6346186591218175 -0.030891274542433483
0.3199511156124059 -0.694726749127105 -0.1863066011600608
0.2574929470792354 -0.684721677192615 -0.1118505545145418
0.2954611839807935 -0.6546546891235799 -0.08269638341497591
0.34567438669815787 -0.6446237310563074 -0.10534732118795247
0.1950347785460649 -0.674716605258125 -0.03739450786902281
0.2832162181649874 -0.6346186591218175 -0.030891274542433483
0.2954611839807935 -0.6546546891235799 -0.08269638341497591
0.2574929470792354 -0.684721677192615 -0.1118505545145418
0.6588600486949214 -0.9016318941488642 -0.2763679709675217
0.6306759571972416 -0.9825700400368582 -0.2389032344246797
0.5813895746229489 -0.9754436624357693 -0.2560381289751457
0.5708384290846427 -0.931411400691228 -0.2833379445217997
0.6024918656995616 -1.063508185924852 -0.2014384978818377
0.5426543375869627 -1.0123495465792218 -0.24587320797895776
0.5813895746229489 -0.9754436624357693 -0.2560381289751457
0.6306759571972416 -0.9825700400368582 -0.2389032344246797
0.4828168094743638 -0.9611909072335917 -0.2903079180760778
0.5708384290846427 -0.931411400691228 -0.2833379445217997
0.5813895746229489 -0.9754436624357693 -0.2560381289751457
0.5426543375869627 -1.0123495465792218 -0.24587320797895776
0.07864445706002782 0.8826915342021487 -0.2775731337141448
0.14032247244092821 0.9569649029114209 -0.28661728760886873
0.19076711445978947 0.9236328691287389 -0.28595852138105476
0.18515042777876992 0.8698301678827618 -0.2811070613197858
0.2020004878218286 1.031238271620693 -0.2956614415035926
0.2468284431596703 0.9441035365920339 -0.2901512152145097
0.19076711445978947 0.9236328691287389 -0.28595852138105476
0.14032247244092821 0.9569649029114209 -0.28661728760886873
0.291656398497512 0.856968801563375 -0.2846409889254268
0.18515042777876992 0.8698301678827618 -0.2811070613197858
0.19076711445978947 0.9236328691287389 -0.28595852138105476
0.2468284431596703 0.9441035365920339 -0.2901512152145097
0.002134031252227362 -0.7034067067897046 -0.04510364344013825
-0.04969110908292462 -0.7116217597422034 0.03959530678569373
-0.001350522956656201 -0.7146961785191913 0.06794636908523234
0.048732340274054 -0.7121258614314359 0.039772425122085675
-0.1015162494180766 -0.7198368126947022 0.1242942570115257
-0.0030928000610979806 -0.7203409143839345 0.12447137534791765
-0.001350522956656201 -0.7146961785191913 0.06794636908523234
-0.04969110908292462 -0.7116217597422034 0.03959530678569373
0.09533064929588064 -0.720845016073167 0.1246484936843096
0.048732340274054 -0.7121258614314359 0.039772425122085675
-0.001350522956656201 -0.7146961785191913 0.06794636908523234
-0.0030928000610979806 -0.7203409143839345 0.12447137534791765
0.7572949016875148 -1.854837554724449e-16 -0.1763355756877406
0.7879162699317399 0.07942748235661551 -0.21304854487412844
0.8277091471836645 0.05295165490441026 -0.23713801487893416
0.8322949016875143 -2.038534574596551e-16 -0.23082626528814307
0.818537638175965 0.1588549647132312 -0.2497615140605163
0.8629162699317394 0.0794274823566155 -0.26753923447453093
0.8277091471836645 0.05295165490441026 -0.23713801487893416
0.7879162699317399 0.07942748235661551 -0.21304854487412844
0.9072949016875139 -2.222231594468653e-16 -0.2853169548885455
0.8322949016875143 -2.038534574596551e-16 -0.23082626528814307
0.8277091471836645 0.05295165490441026 -0.23713801487893416
0.8629162699317394 0.0794274823566155 -0.26753923447453093
0.9072949016875139 -2.222231594468653e-16 -0.2853169548885455
0.862916269932794 -0.0794274823564227 -0.26753923447519534
0.8277091471843677 -0.052951654904281865 -0.2371380148793771
0.8322949016875143 -2.038534574596551e-16 -0.23082626528814307
0.8185376381780741 -0.1588549647128452 -0.2497615140618452
0.7879162699327944 -0.07942748235642269 -0.2130485448747929
0.8277091471843677 -0.052951654904281865 -0.2371380148793771
0.862916269932794 -0.0794274823564227 -0.26753923447519534
0.7572949016875148 -1.854837554724449e-16 -0.1763355756877406
0.8322949016875143 -2.038534574596551e-16 -0.23082626528814307
0.8277091471843677 -0.052951654904281865 -0.2371380148793771
0.7879162699327944 -0.07942748235642269 -0.2130485448747929
0.7572949016875162 -1.854837554724452e-16 0.1763355756877425
0.7879162699329054 -0.079427482356165 0.2130485448748332
0.8277091471844424 -0.05295165490411007 0.23713801487940422
0.8322949016875163 -2.0385345745965555e-16 0.2308262652881444
0.8185376381782947 -0.1588549647123298 0.2497615140619239
0.8629162699329056 -0.07942748235616501 0.2675392344752351
0.8277091471844424 -0.05295165490411007 0.23713801487940422
0.7879162699329054 -0.079427482356165 0.2130485448748332
0.9072949016875165 -2.222231594468659e-16 0.2853169548885463
0.8322949016875163 -2.0385345745965555e-16 0.2308262652881444
0.8277091471844424 -0.05295165490411007 0.23713801487940422
0.8629162699329056 -0.07942748235616501 0.2675392344752351
0.9072949016875165 -2.222231594468659e-16 0.2853169548885463
0.8629162699317359 0.07942748235613914 0.2675392344744678
0.8277091471836626 0.0529516549040927 0.23713801487889272
0.8322949016875163 -2.0385345745965555e-16 0.2308262652881444
0.8185376381759554 0.1588549647122785 0.2497615140603893
0.7879162699317358 0.07942748235613915 0.21304854487406588
0.8277091471836626 0.0529516549040927 0.23713801487889272
0.8629162699317359 0.07942748235613914 0.2675392344744678
0.7572949016875162 -1.854837554724452e-16 0.1763355756877425
0.8322949016875163 -2.0385345745965555e-16 0.2308262652881444
0.8277091471836626 0.0529516549040927 0.23713801487889272
0.7879162699317358 0.07942748235613915 0.21304854487406588
0.8185376381780741 -0.1588549647128452 -0.2497615140618452
0.7858191548826405 -0.24236979485744592 -0.2450999552679023
0.7528627938504794 -0.2261836706985119 -0.1933455596544259
0.7527438549821156 -0.17633319354674454 -0.16979914124465917
0.7531006715872071 -0.3258846250020467 -0.2404383964739594
0.720025371686682 -0.2598480236913453 -0.16513758245071625
0.7528627938504794 -0.2261836706985119 -0.1933455596544259
0.7858191548826405 -0.24236979485744592 -0.2450999552679023
0.6869500717861571 -0.1938114223806439 -0.08983676842747311
0.7527438549821156 -0.17633319354674454 -0.16979914124465917
0.7528627938504794 -0.2261836706985119 -0.1933455596544259
0.720025371686682 -0.2598480236913453 -0.16513758245071625
0.7167430457776972 -0.3112735120978554 0.2054781412804451
0.7991563171252791 -0.32233285721111726 0.24995855142563417
0.8056167574762844 -0.2678402263781881 0.2498928723043974
0.767640341977996 -0.2350642384050926 0.2276198276711845
0.8815695884728612 -0.3333922023243791 0.2944389615708233
0.8500536133255779 -0.24612358351835445 0.2721002378163736
0.8056167574762844 -0.2678402263781881 0.2498928723043974
0.7991563171252791 -0.32233285721111726 0.24995855142563417
0.8185376381782947 -0.1588549647123298 0.2497615140619239
0.767640341977996 -0.2350642384050926 0.2276198276711845
0.8056167574762844 -0.2678402263781881 0.2498928723043974
0.8500536133255779 -0.24612358351835445 0.2721002378163736
-0.9015290775992459 -0.8702026028511858 -0.1612183420168408
-0.81964010518048 -0.8545767097690444 -0.21869096240517577
-0.7980059528026681 -0.9030641952994056 -0.19959599479839363
-0.8281333628231449 -0.9351208846056569 -0.16131220080083503
-0.7377511327617142 -0.8389508166869031 -0.2761635827935107
-0.746244390404379 -0.9194949915235155 -0.21878482118917
-0.7980059528026681 -0.9030641952994056 -0.19959599479839363
-0.81964010518048 -0.8545767097690444 -0.21869096240517577
-0.7547376480470438 -1.000039166360128 -0.1614060595848293
-0.8281333628231449 -0.9351208846056569 -0.16131220080083503
-0.7980059528026681 -0.9030641952994056 -0.19959599479839363
-0.746244390404379 -0.9194949915235155 -0.21878482118917
-1.19162313670453 0.3771120271720717 -0.1660245482776325
-1.1219221488232276 0.396521341066924 -0.2178475666043797
-1.1085337672118152 0.3381716475907884 -0.23900641323263652
-1.1366900703467602 0.2992921439052944 -0.22367432738339132
-1.052221160941925 0.4159306549617763 -0.2696705849311269
-1.0669890824654575 0.3187014578001467 -0.2754973457101385
-1.1085337672118152 0.3381716475907884 -0.23900641323263652
-1.1219221488232276 0.396521341066924 -0.2178475666043797
-1.08175700398899 0.2214722606385171 -0.2813241064891501
-1.1366900703467602 0.2992921439052944 -0.22367432738339132
-1.1085337672118152 0.3381716475907884 -0.23900641323263652
-1.0669890824654575 0.3187014578001467 -0.2754973457101385
0.1864647546929038 0.7367353964194818 -0.1799545067345681
0.1325546058764658 0.8097134653108153 -0.22876382022435646
0.1855885367501479 0.8254652440616685 -0.2473895431247132
0.2390605765952079 0.7968520989914284 -0.23229774782999743
0.07864445706002782 0.8826915342021487 -0.2775731337141448
0.18515042777876992 0.8698301678827618 -0.2811070613197858
0.1855885367501479 0.8254652440616685 -0.2473895431247132
0.1325546058764658 0.8097134653108153 -0.22876382022435646
0.291656398497512 0.856968801563375 -0.2846409889254268
0.2390605765952079 0.7968520989914284 -0.23229774782999743
0.1855885367501479 0.8254652440616685 -0.2473895431247132
0.18515042777876992 0.8698301678827618 -0.2811070613197858
0.6205886462500091 -0.3905626314291758 -0.137293425818477
0.660733788229285 -0.4409713009203654 -0.20022892304021195
0.6108403204294056 -0.4826017074103561 -0.19457269308514044
0.565821015539828 -0.47821257590975663 -0.16027682949673722
0.7008789302085607 -0.491379970411555 -0.2631644202619469
0.6059661575191038 -0.5286212454009462 -0.22321232671847216
0.6108403204294056 -0.4826017074103561 -0.19457269308514044
0.660733788229285 -0.4409713009203654 -0.20022892304021195
0.5110533848296469 -0.5658625203903375 -0.1832602331749974
0.565821015539828 -0.47821257590975663 -0.16027682949673722
0.6108403204294056 -0.4826017074103561 -0.19457269308514044
0.6059661575191038 -0.5286212454009462 -0.22321232671847216
0.3199511156124059 -0.694726749127105 -0.1863066011600608
0.21232154186947494 -0.7385519416234361 -0.19995549532203433
0.20655928742833826 -0.7172734961683324 -0.14576849950436382
0.2574929470792354 -0.684721677192615 -0.1118505545145418
0.104691968126544 -0.7823771341197672 -0.2136043894840079
0.14986337333630445 -0.7285468696889461 -0.12549944867651536
0.20655928742833826 -0.7172734961683324 -0.14576849950436382
0.21232154186947494 -0.7385519416234361 -0.19995549532203433
0.1950347785460649 -0.674716605258125 -0.03739450786902281
0.2574929470792354 -0.684721677192615 -0.1118505545145418
0.20655928742833826 -0.7172734961683324 -0.14576849950436382
0.14986337333630445 -0.7285468696889461 -0.12549944867651536
0.1950347785460649 -0.674716605258125 -0.03739450786902281
0.09858440489914613 -0.6890616560239149 -0.04124907565458053
0.09749981969805764 -0.6996561093736656 0.01405011412504951
0.14518271392097276 -0.697780810665646 0.043626992907643394
0.002134031252227362 -0.7034067067897046 -0.04510364344013825
0.048732340274054 -0.7121258614314359 0.039772425122085675
0.09749981969805764 -0.6996561093736656 0.01405011412504951
0.09858440489914613 -0.6890616560239149 -0.04124907565458053
0.09533064929588064 -0.720845016073167 0.1246484936843096
0.14518271392097276 -0.697780810665646 0.043626992907643394
0.09749981969805764 -0.6996561093736656 0.01405011412504951
0.048732340274054 -0.7121258614314359 0.039772425122085675
0.7002551292230516 -0.1633834243176522 0.1052345975514775
0.6620359330093738 -0.244003093966065 0.07455689748418874
0.6802716372654816 -0.2664265666766618 0.11819731208294086
0.7084990875003744 -0.23732846820775383 0.1553563694159613
0.623816736795696 -0.3246227636144778 0.04387919741689999
0.6702798912866966 -0.3179481378561666 0.12467866934867254
0.6802716372654816 -0.2664265666766618 0.11819731208294086
0.6620359330093738 -0.244003093966065 0.07455689748418874
0.7167430457776972 -0.3112735120978554 0.2054781412804451
0.7084990875003744 -0.23732846820775383 0.1553563694159613
0.6802716372654816 -0.2664265666766618 0.11819731208294086
0.6702798912866966 -0.3179481378561666 0.12467866934867254
0.7 -1.714505518806295e-16 1.102553507614571e-15
0.6994389736735629 0.07874471622544876 -0.048920242938499274
0.7187242830115469 0.052496477483632446 -0.09139202052157973
0.7286474508437574 -1.784671536765372e-16 -0.08816778784386975
0.6988779473471258 0.1574894324508977 -0.09784048587699964
0.7280864245173203 0.07874471622544875 -0.13708803078237014
0.7187242830115469 0.052496477483632446 -0.09139202052157973
0.6994389736735629 0.07874471622544876 -0.048920242938499274
0.7572949016875148 -1.854837554724449e-16 -0.1763355756877406
0.7286474508437574 -1.784671536765372e-16 -0.08816778784386975
0.7187242830115469 0.052496477483632446 -0.09139202052157973
0.7280864245173203 0.07874471622544875 -0.13708803078237014
0.7 -1.714505518806295e-16 1.102553507614571e-15
0.7001275646115257 -0.08169171215882619 0.0526172987757393
0.7191833436368559 -0.05446114143921752 0.09385672441307369
0.7286474508437581 -1.7846715367653734e-16 0.0881677878438718
0.7002551292230516 -0.1633834243176522 0.1052345975514775
0.7287750154552839 -0.0816917121588262 0.14078508661961
0.7191833436368559 -0.05446114143921752 0.09385672441307369
0.7001275646115257 -0.08169171215882619 0.0526172987757393
0.7572949016875162 -1.854837554724452e-16 0.1763355756877425
0.7286474508437581 -1.7846715367653734e-16 0.0881677878438718
0.7191833436368559 -0.05446114143921752 0.09385672441307369
0.7287750154552839 -0.0816917121588262 0.14078508661961
0.4404366578558302 0.6934251674595496 0.2410999830457988
0.4726320918196277 0.7791627815619037 0.27054823771227593
0.41068599128304334 0.8032162627481823 0.2744480742534501
0.36361522403285246 0.7723741962901445 0.2616738651907986
0.5048275257834252 0.8649003956642577 0.2999964923787531
0.39581065799664994 0.8581118103924985 0.29112211985727576
0.41068599128304334 0.8032162627481823 0.2744480742534501
0.4726320918196277 0.7791627815619037 0.27054823771227593
0.2867937902098747 0.8513232251207392 0.2822477473357984
0.36361522403285246 0.7723741962901445 0.2616738651907986
0.41068599128304334 0.8032162627481823 0.2744480742534501
0.39581065799664994 0.8581118103924985 0.29112211985727576
-0.5060969149112714 -0.572914972969383 -0.1857703019178187
-0.5839404143012631 -0.5556868165569009 -0.22369070398678298
-0.6037889146070597 -0.500345843742847 -0.20552894898844135
-0.5747914150649622 -0.481289435542061 -0.17748787045478842
-0.6617839136912548 -0.5384586601444187 -0.2616111060557472
-0.6526349144549539 -0.46406127912957884 -0.21540827252375266
-0.6037889146070597 -0.500345843742847 -0.20552894898844135
-0.5839404143012631 -0.5556868165569009 -0.22369070398678298
-0.6434859152186531 -0.389663898114739 -0.1692054389917581
-0.5747914150649622 -0.481289435542061 -0.17748787045478842
-0.6037889146070597 -0.500345843742847 -0.20552894898844135
-0.6526349144549539 -0.46406127912957884 -0.21540827252375266
0.1950347785460649 -0.674716605258125 -0.03739450786902281
0.14518271392097276 -0.697780810665646 0.043626992907643394
0.19152581074576033 -0.6897783072388889 0.0735330345259113
0.23962339147070022 -0.6742449528217498 0.047975304946712136
0.09533064929588064 -0.720845016073167 0.1246484936843096
0.18977132684560807 -0.6973091582292708 0.12899680572337835
0.19152581074576033 -0.6897783072388889 0.0735330345259113
0.14518271392097276 -0.697780810665646 0.043626992907643394
0.2842120043953355 -0.6737733003853745 0.1333451177624471
0.23962339147070022 -0.6742449528217498 0.047975304946712136
0.19152581074576033 -0.6897783072388889 0.0735330345259113
0.18977132684560807 -0.6973091582292708 0.12899680572337835
0.8539018322078697 -0.920318886559346 -0.1573189985600321
0.9134313244570196 -0.8572860886643565 -0.15687900358531925
0.9211802401983538 -0.8720114761195429 -0.10458600239021286
0.8952899519444459 -0.9108905687946307 -0.07865949928001609
0.9729608167061695 -0.7942532907693669 -0.1564390086106064
0.9548194441935958 -0.8478577708996411 -0.07821950430530324
0.9211802401983538 -0.8720114761195429 -0.10458600239021286
0.9134313244570196 -0.8572860886643565 -0.15687900358531925
0.9366780716810221 -0.9014622510299153 -7.347880794884119e-17
0.8952899519444459 -0.9108905687946307 -0.07865949928001609
0.9211802401983538 -0.8720114761195429 -0.10458600239021286
0.9548194441935958 -0.8478577708996411 -0.07821950430530324
-0.9015290775992459 -0.8702026028511858 -0.1612183420168408
-0.8281333628231449 -0.9351208846056569 -0.16131220080083503
-0.8403967119538421 -0.9469203191022878 -0.1075414672005567
-0.8832262439072414 -0.9203608954733679 -0.08060917100842044
-0.7547376480470438 -1.000039166360128 -0.1614060595848293
-0.8098305291311403 -0.985279177227839 -0.08070302979241468
-0.8403967119538421 -0.9469203191022878 -0.1075414672005567
-0.8281333628231449 -0.9351208846056569 -0.16131220080083503
-0.8649234102152368 -0.9705191880955499 -7.347880794884119e-17
-0.8832262439072414 -0.9203608954733679 -0.08060917100842044
-0.8403967119538421 -0.9469203191022878 -0.1075414672005567
-0.8098305291311403 -0.985279177227839 -0.08070302979241468
