x y z
-0.8404303625155187 -0.07577920309285134 0.2561523093638805
-0.9263583582347804 -0.02048389190456572 0.27793774371086094
-0.9614523472386186 -0.061788886070031246 0.28432120410628675
-0.9360353438809068 -0.11008903874690681 0.27662021713050944
-1.012286353954042 0.0348114192837199 0.2997231780578414
-1.0219633396001684 -0.054793727558621205 0.2984056514774899
-0.9614523472386186 -0.061788886070031246 0.28432120410628675
-0.9263583582347804 -0.02048389190456572 0.27793774371086094
-1.031640325246295 -0.1443988744009623 0.2970881248971383
-0.9360353438809068 -0.11008903874690681 0.27662021713050944
-0.9614523472386186 -0.061788886070031246 0.28432120410628675
-1.0219633396001684 -0.054793727558621205 0.2984056514774899
-0.403636361265154 -0.9029806469473934 -0.2998015051296479
-0.4503016908935482 -0.9867712643872888 -0.26979274495006045
-0.5025240889542558 -0.9778980644124969 -0.26901037363411767
-0.5053026231704125 -0.9315661557051536 -0.28362356806594
-0.4969670205219424 -1.070561881827184 -0.239783984770473
-0.5519679527988066 -1.0153567731450488 -0.25361480788635254
-0.5025240889542558 -0.9778980644124969 -0.26901037363411767
-0.4503016908935482 -0.9867712643872888 -0.26979274495006045
-0.6069688850756709 -0.9601516644629136 -0.2674456310022321
-0.5053026231704125 -0.9315661557051536 -0.28362356806594
-0.5025240889542558 -0.9778980644124969 -0.26901037363411767
-0.5519679527988066 -1.0153567731450488 -0.25361480788635254
0.6481159716852662 -0.6854784088366263 -0.2946053682364843
0.7341618236990773 -0.7354735115781001 -0.2810926309709739
0.7090612320310253 -0.7908596391016882 -0.2795177443031565
0.6534880101900938 -0.7935551514927452 -0.285486669602003
0.8202076757128884 -0.785468614319574 -0.2675798937054636
0.7395338622039049 -0.8435502542342191 -0.27197393233649264
0.7090612320310253 -0.7908596391016882 -0.2795177443031565
0.7341618236990773 -0.7354735115781001 -0.2810926309709739
0.6588600486949214 -0.9016318941488642 -0.2763679709675217
0.6534880101900938 -0.7935551514927452 -0.285486669602003
0.7090612320310253 -0.7908596391016882 -0.2795177443031565
0.7395338622039049 -0.8435502542342191 -0.27197393233649264
0.8539018322078697 -0.920318886559346 -0.1573189985600321
0.8370547539603791 -0.85289375043946 -0.21244944613274785
0.8823567748756426 -0.8333469305494289 -0.19377930029203405
0.9134313244570196 -0.8572860886643565 -0.15687900358531925
0.8202076757128884 -0.785468614319574 -0.2675798937054636
0.896584246209529 -0.7898609525444704 -0.212009451158035
0.8823567748756426 -0.8333469305494289 -0.19377930029203405
0.8370547539603791 -0.85289375043946 -0.21244944613274785
0.9729608167061695 -0.7942532907693669 -0.1564390086106064
0.9134313244570196 -0.8572860886643565 -0.15687900358531925
0.8823567748756426 -0.8333469305494289 -0.19377930029203405
0.896584246209529 -0.7898609525444704 -0.212009451158035
0.991554814173652 0.1637109918094082 -0.2999586843119673
1.03835609401061 0.24702907384111555 -0.2841028773526112
1.0830666740905337 0.21814059586092352 -0.2685382970895611
1.0820213242120165 0.16203731585497386 -0.26868391043771417
1.085157373847568 0.3303471558728229 -0.268247070393255
1.1288226040489744 0.2453553978866812 -0.252828103478358
1.0830666740905337 0.21814059586092352 -0.2685382970895611
1.03835609401061 0.24702907384111555 -0.2841028773526112
1.172487834250381 0.1603636399005395 -0.237409136563461
1.0820213242120165 0.16203731585497386 -0.26868391043771417
1.0830666740905337 0.21814059586092352 -0.2685382970895611
1.1288226040489744 0.2453553978866812 -0.252828103478358
0.7448547383499101 -0.4740053810223188 0.2761966245926917
0.8386952465300066 -0.4953989611951594 0.2844052111451073
0.8529866938442915 -0.4413967082382326 0.28774979462034594
0.8132121634113856 -0.403698791673349 0.2853177930817575
0.9325357547101031 -0.516792541368 0.2926137976975229
0.9070526715914822 -0.42509237184618953 0.29352637963417305
0.8529866938442915 -0.4413967082382326 0.28774979462034594
0.8386952465300066 -0.4953989611951594 0.2844052111451073
0.8815695884728612 -0.3333922023243791 0.2944389615708233
0.8132121634113856 -0.403698791673349 0.2853177930817575
0.8529866938442915 -0.4413967082382326 0.28774979462034594
0.9070526715914822 -0.42509237184618953 0.29352637963417305
0.833540266974542 0.4666820235638303 -0.2966498492786622
0.7869049405436567 0.39305692187817143 -0.2628458298479377
0.7467263861726193 0.4233290563664978 -0.25609669723674267
0.7499547722025431 0.4752776744534905 -0.2696241406465074
0.7402696141127714 0.3194318201925125 -0.2290418104172132
0.7033194457716578 0.4016525727678316 -0.23582012121578289
0.7467263861726193 0.4233290563664978 -0.25609669723674267
0.7869049405436567 0.39305692187817143 -0.2628458298479377
0.6663692774305443 0.4838733253431507 -0.2425984320143526
0.7499547722025431 0.4752776744534905 -0.2696241406465074
0.7467263861726193 0.4233290563664978 -0.25609669723674267
0.7033194457716578 0.4016525727678316 -0.23582012121578289
1.092705098312482 -2.676355602120751e-16 -0.2853169548885466
1.042129956243067 0.08185549590470396 -0.2926378196002569
1.085582582245505 0.10802487723664915 -0.2742282585879916
1.1325964662814316 0.08018181995026961 -0.2613630457260038
0.991554814173652 0.1637109918094082 -0.2999586843119673
1.0820213242120165 0.16203731585497386 -0.26868391043771417
1.085582582245505 0.10802487723664915 -0.2742282585879916
1.042129956243067 0.08185549590470396 -0.2926378196002569
1.172487834250381 0.1603636399005395 -0.237409136563461
1.1325964662814316 0.08018181995026961 -0.2613630457260038
1.085582582245505 0.10802487723664915 -0.2742282585879916
1.0820213242120165 0.16203731585497386 -0.26868391043771417
0.8425174578886259 0.4181219617812107 0.2940534395782373
0.7885564929346427 0.344925438922372 0.25072789841995635
0.8289509479968391 0.3208893933591917 0.26574005882254736
0.8761286580049288 0.34546963200702097 0.2949089096029833
0.7345955279806594 0.2717289160635333 0.2074023572616754
0.8221676930509456 0.27227310914818226 0.2515833684447024
0.8289509479968391 0.3208893933591917 0.26574005882254736
0.7885564929346427 0.344925438922372 0.25072789841995635
0.9097398581212318 0.2728173022328312 0.2957643796277294
0.8761286580049288 0.34546963200702097 0.2949089096029833
0.8289509479968391 0.3208893933591917 0.26574005882254736
0.8221676930509456 0.27227310914818226 0.2515833684447024
-0.9071783296462923 0.8616885268125027 -0.164021147607268
-0.8932848681789518 0.7741774020993369 -0.22040130578734524
-0.9389057249886772 0.75497286807007 -0.19968902307714562
-0.9686628841272101 0.7891261634120195 -0.16114280263200714
-0.8793914067116114 0.6866662773861711 -0.2767814639674225
-0.9547694226598697 0.7016150386988538 -0.2175229608120844
-0.9389057249886772 0.75497286807007 -0.19968902307714562
-0.8932848681789518 0.7741774020993369 -0.22040130578734524
-1.030147438608128 0.7165638000115363 -0.1582644576567463
-0.9686628841272101 0.7891261634120195 -0.16114280263200714
-0.9389057249886772 0.75497286807007 -0.19968902307714562
-0.9547694226598697 0.7016150386988538 -0.2175229608120844
-0.09235543827586666 0.9914121233810186 0.2999692467557036
-0.18435944685549685 1.032046492477377 0.2899833733966034
-0.20992648505180211 0.9891971461176516 0.2913329072489567
-0.17670799986013963 0.9474552883896098 0.2970006108546835
-0.276363455435127 1.072680861573735 0.2799975000375032
-0.26871200843976983 0.9880896574859681 0.28701473749558326
-0.20992648505180211 0.9891971461176516 0.2913329072489567
-0.18435944685549685 1.032046492477377 0.2899833733966034
-0.2610605614444126 0.903498453398201 0.2940319749536634
-0.17670799986013963 0.9474552883896098 0.2970006108546835
-0.20992648505180211 0.9891971461176516 0.2913329072489567
-0.26871200843976983 0.9880896574859681 0.28701473749558326
0.7002551292230516 -0.1633834243176522 0.1052345975514775
0.7084990875003744 -0.23732846820775383 0.1553563694159613
0.7451786043930145 -0.21117063370927913 0.18682475096461548
0.7593963837006732 -0.16111919451499102 0.1774980558067007
0.7167430457776972 -0.3112735120978554 0.2054781412804451
0.767640341977996 -0.2350642384050926 0.2276198276711845
0.7451786043930145 -0.21117063370927913 0.18682475096461548
0.7084990875003744 -0.23732846820775383 0.1553563694159613
0.8185376381782947 -0.1588549647123298 0.2497615140619239
0.7593963837006732 -0.16111919451499102 0.1774980558067007
0.7451786043930145 -0.21117063370927913 0.18682475096461548
0.767640341977996 -0.2350642384050926 0.2276198276711845
0.4850608632967023 -1.073022624461871 0.2418063880725559
0.5026872677222005 -1.1168394826084946 0.1842371652251935
0.5615880715462555 -1.0942593428635694 0.17816629290932684
0.5822252712455338 -1.061060843917795 0.2039154681750747
0.5203136721476989 -1.160656340755118 0.1266679423778311
0.5998516756710321 -1.1048777020644185 0.1463462453277123
0.5615880715462555 -1.0942593428635694 0.17816629290932684
0.5026872677222005 -1.1168394826084946 0.1842371652251935
0.6793896791943654 -1.049099063373719 0.1660245482775935
0.5822252712455338 -1.061060843917795 0.2039154681750747
0.5615880715462555 -1.0942593428635694 0.17816629290932684
0.5998516756710321 -1.1048777020644185 0.1463462453277123
-0.7227884427904074 0.6124202916258691 -0.2953447441567809
-0.6657103013984724 0.6635179066075056 -0.29450483931265187
-0.6313033511587919 0.6272892153108888 -0.26777828220808225
-0.6426389467349192 0.5836260621717619 -0.2548349560778619
-0.6086321600065375 0.7146155215891422 -0.2936649344685228
-0.5855608053429842 0.6347236771533986 -0.2539950512337329
-0.6313033511587919 0.6272892153108888 -0.26777828220808225
-0.6657103013984724 0.6635179066075056 -0.29450483931265187
-0.5624894506794309 0.5548318327176549 -0.2143251679989429
-0.6426389467349192 0.5836260621717619 -0.2548349560778619
-0.6313033511587919 0.6272892153108888 -0.26777828220808225
-0.5855608053429842 0.6347236771533986 -0.2539950512337329
-0.3356945217809917 -1.056980382618637 -0.279494714682284
-0.41633077115146705 -1.0637711322229104 -0.2596393497263785
-0.4120993011893627 -1.010174303797738 -0.2730267348608016
-0.36966544152307285 -0.9799805147830152 -0.28964810990596596
-0.4969670205219424 -1.070561881827184 -0.239783984770473
-0.4503016908935482 -0.9867712643872888 -0.26979274495006045
-0.4120993011893627 -1.010174303797738 -0.2730267348608016
-0.41633077115146705 -1.0637711322229104 -0.2596393497263785
-0.403636361265154 -0.9029806469473934 -0.2998015051296479
-0.36966544152307285 -0.9799805147830152 -0.28964810990596596
-0.4120993011893627 -1.010174303797738 -0.2730267348608016
-0.4503016908935482 -0.9867712643872888 -0.26979274495006045
0.5112832989675 1.14051241517322 -0.1660245482776514
0.5344500294828457 1.066851136441381 -0.2159351180639127
0.4846362459971882 1.0535015007420268 -0.2386295262860559
0.4481459889966866 1.083657322258269 -0.22502144550399686
0.5576167599981914 0.9931898577095422 -0.265845687850174
0.4713127195120323 1.0099960435264301 -0.2749320152902581
0.4846362459971882 1.0535015007420268 -0.2386295262860559
0.5344500294828457 1.066851136441381 -0.2159351180639127
0.3850086790258732 1.026802229343318 -0.2840183427303423
0.4481459889966866 1.083657322258269 -0.22502144550399686
0.4846362459971882 1.0535015007420268 -0.2386295262860559
0.4713127195120323 1.0099960435264301 -0.2749320152902581
0.2020004878218286 1.031238271620693 -0.2956614415035926
0.25266919884123085 1.1161146470217873 -0.2386867846123342
0.2967823589027783 1.0863438411289643 -0.2537973039850036
0.2935045834238509 1.0290202504820054 -0.2898398921169675
0.3033379098606331 1.200991022422882 -0.1817121277210758
0.3441732944432532 1.1138966258831 -0.23286523522570907
0.2967823589027783 1.0863438411289643 -0.2537973039850036
0.25266919884123085 1.1161146470217873 -0.2386867846123342
0.3850086790258732 1.026802229343318 -0.2840183427303423
0.2935045834238509 1.0290202504820054 -0.2898398921169675
0.2967823589027783 1.0863438411289643 -0.2537973039850036
0.3441732944432532 1.1138966258831 -0.23286523522570907
0.7572949016875148 -1.854837554724449e-16 -0.1763355756877406
0.7280864245173203 0.07874471622544875 -0.13708803078237014
0.758236829070202 0.1054481323880429 -0.17464585854175219
0.7879162699317399 0.07942748235661551 -0.21304854487412844
0.6988779473471258 0.1574894324508977 -0.09784048587699964
0.7587077927615454 0.15817219858206444 -0.17380099996875797
0.758236829070202 0.1054481323880429 -0.17464585854175219
0.7280864245173203 0.07874471622544875 -0.13708803078237014
0.818537638175965 0.1588549647132312 -0.2497615140605163
0.7879162699317399 0.07942748235661551 -0.21304854487412844
0.758236829070202 0.1054481323880429 -0.17464585854175219
0.7587077927615454 0.15817219858206444 -0.17380099996875797
0.7572949016875162 -1.854837554724452e-16 0.1763355756877425
0.7287750154552839 -0.0816917121588262 0.14078508661961
0.7586958896962875 -0.1074127963433274 0.17711056243371462
0.7879162699329054 -0.079427482356165 0.2130485448748332
0.7002551292230516 -0.1633834243176522 0.1052345975514775
0.7593963837006732 -0.16111919451499102 0.1774980558067007
0.7586958896962875 -0.1074127963433274 0.17711056243371462
0.7287750154552839 -0.0816917121588262 0.14078508661961
0.8185376381782947 -0.1588549647123298 0.2497615140619239
0.7879162699329054 -0.079427482356165 0.2130485448748332
0.7586958896962875 -0.1074127963433274 0.17711056243371462
0.7593963837006732 -0.16111919451499102 0.1774980558067007
-0.7942485011295782 -0.4451610205078597 -0.2863365950339039
-0.8774339318000708 -0.4982833196122438 -0.2831829528241714
-0.9102267763138161 -0.44252868088531255 -0.28827290490465435
-0.8850304832354424 -0.3880902119696548 -0.29239470204976203
-0.9606193624705635 -0.5514056187166279 -0.2800293106144388
-0.968215913905935 -0.4412125110740389 -0.2892410598400295
-0.9102267763138161 -0.44252868088531255 -0.28827290490465435
-0.8774339318000708 -0.4982833196122438 -0.2831829528241714
-0.9758124653413066 -0.3310194034314499 -0.2984528090656202
-0.8850304832354424 -0.3880902119696548 -0.29239470204976203
-0.9102267763138161 -0.44252868088531255 -0.28827290490465435
-0.968215913905935 -0.4412125110740389 -0.2892410598400295
0.619098267412112 -0.6349606768091695 0.2778332418634732
0.6819765028810111 -0.5544830289157441 0.27701493322808246
0.6546164754738899 -0.5218424947812244 0.24185213503998018
0.6094973440358799 -0.5457610516606772 0.2246798902636244
0.7448547383499101 -0.4740053810223188 0.2761966245926917
0.6723755795047789 -0.4652834037672519 0.22386158162823364
0.6546164754738899 -0.5218424947812244 0.24185213503998018
0.6819765028810111 -0.5544830289157441 0.27701493322808246
0.5998964206596477 -0.456561426512185 0.1715265386637756
0.6094973440358799 -0.5457610516606772 0.2246798902636244
0.6546164754738899 -0.5218424947812244 0.24185213503998018
0.6723755795047789 -0.4652834037672519 0.22386158162823364
1.23941530967141 0.3922367781737494 -7.347880794884119e-17
1.199337171631142 0.42973007222958487 -0.083012274139492
1.187896522437219 0.47876531122873883 -0.055341516092994696
1.2022152668603914 0.48453628370039803 -7.347880794884119e-17
1.159259033590874 0.4672233662854203 -0.1660245482789839
1.1621371288201234 0.5220295777562335 -0.083012274139492
1.187896522437219 0.47876531122873883 -0.055341516092994696
1.199337171631142 0.42973007222958487 -0.083012274139492
1.165015224049373 0.5768357892270467 -7.347880794884119e-17
1.2022152668603914 0.48453628370039803 -7.347880794884119e-17
1.187896522437219 0.47876531122873883 -0.055341516092994696
1.1621371288201234 0.5220295777562335 -0.083012274139492
1.23941530967141 -0.3922367781737501 -7.347880794884119e-17
1.1993371716315995 -0.4297300722297702 0.0830122741387492
1.1878965224375237 -0.4787653112288628 0.05534151609249944
1.202215266860391 -0.48453628370039903 -7.347880794884119e-17
1.159259033591789 -0.4672233662857903 0.1660245482774985
1.1621371288205804 -0.5220295777564192 0.0830122741387492
1.1878965224375237 -0.4787653112288628 0.05534151609249944
1.1993371716315995 -0.4297300722297702 0.0830122741387492
1.165015224049372 -0.576835789227048 -7.347880794884119e-17
1.202215266860391 -0.48453628370039903 -7.347880794884119e-17
1.1878965224375237 -0.4787653112288628 0.05534151609249944
1.1621371288205804 -0.5220295777564192 0.0830122741387492
0.3850086790258732 1.026802229343318 -0.2840183427303423
0.4713127195120323 1.0099960435264301 -0.2749320152902581
0.4754621984516239 0.9547591566444041 -0.2828839441721081
0.4343849176783402 0.9355438061118351 -0.29140307233307516
0.5576167599981914 0.9931898577095422 -0.265845687850174
0.5206889581644993 0.9187376202949471 -0.28231674489299097
0.4754621984516239 0.9547591566444041 -0.2828839441721081
0.4713127195120323 1.0099960435264301 -0.2749320152902581
0.4837611563308072 0.8442853828803522 -0.298787801935808
0.4343849176783402 0.9355438061118351 -0.29140307233307516
0.4754621984516239 0.9547591566444041 -0.2828839441721081
0.5206889581644993 0.9187376202949471 -0.28231674489299097
1.080394716610322 -0.6389082404169869 -0.1577571061472756
1.1225059423264585 -0.5544377091771482 -0.15719202886266825
1.136675702900763 -0.5619037358604482 -0.10479468590844553
1.122704970329847 -0.6078720148220175 -0.07887855307363784
1.164617168042595 -0.4699671779373095 -0.1566269515780609
1.1648161960459835 -0.5234014835821788 -0.07831347578903049
1.136675702900763 -0.5619037358604482 -0.10479468590844553
1.1225059423264585 -0.5544377091771482 -0.15719202886266825
1.165015224049372 -0.576835789227048 -7.347880794884119e-17
1.122704970329847 -0.6078720148220175 -0.07887855307363784
1.136675702900763 -0.5619037358604482 -0.10479468590844553
1.1648161960459835 -0.5234014835821788 -0.07831347578903049
0.566013150509514 0.4312556468925192 0.08256164940005728
0.6086455877199817 0.3576797242924991 0.08070596517565579
0.6307249019549319 0.37650712046570023 0.12581174761083624
0.6204483404671731 0.4227087798523109 0.14929248094062725
0.6512780249304494 0.284103801692479 0.0788502809512543
0.6630807776776408 0.3491328572522908 0.14743679671622575
0.6307249019549319 0.37650712046570023 0.12581174761083624
0.6086455877199817 0.3576797242924991 0.08070596517565579
0.6748835304248323 0.4141619128121026 0.2160233124811972
0.6204483404671731 0.4227087798523109 0.14929248094062725
0.6307249019549319 0.37650712046570023 0.12581174761083624
0.6630807776776408 0.3491328572522908 0.14743679671622575
0.3166168428240649 0.6281617336989078 -0.04532668515477409
0.37571907119316783 0.5987767933868304 0.026300714115530303
0.3425536146591035 0.6258452904698376 0.06373939004314934
0.2964197722075198 0.65407200916738 0.04664502837180666
0.4348212995622707 0.5693918530747532 0.0979281133858347
0.35552200057662275 0.6246870688553026 0.11827242764211104
0.3425536146591035 0.6258452904698376 0.06373939004314934
0.37571907119316783 0.5987767933868304 0.026300714115530303
0.2762227015909748 0.6799822846358521 0.1386167418983874
0.2964197722075198 0.65407200916738 0.04664502837180666
0.3425536146591035 0.6258452904698376 0.06373939004314934
0.35552200057662275 0.6246870688553026 0.11827242764211104
1.074351696557307 0.6387077681361661 0.1660245482742163
1.1193172370269735 0.5507371514290129 0.16371530392954575
1.1345498993677732 0.5594366973616909 0.10914353595303049
1.11968346030334 0.6077717786816064 0.08301227413710811
1.16428277749664 0.4627665347218596 0.1614060595848752
1.1646490007730064 0.5198011619744531 0.08070302979243756
1.1345498993677732 0.5594366973616909 0.10914353595303049
1.1193172370269735 0.5507371514290129 0.16371530392954575
1.165015224049373 0.5768357892270467 -7.347880794884119e-17
1.11968346030334 0.6077717786816064 0.08301227413710811
1.1345498993677732 0.5594366973616909 0.10914353595303049
1.1646490007730064 0.5198011619744531 0.08070302979243756
0.4348212995622707 0.5693918530747532 0.0979281133858347
0.5004172250358924 0.5003237499836362 0.09024488139294598
0.5247516923043737 0.5181857622452047 0.1338724790993813
0.5041209632018037 0.5616508199215475 0.15952789394904335
0.566013150509514 0.4312556468925192 0.08256164940005728
0.5697168886754252 0.49258271683043053 0.15184466195615465
0.5247516923043737 0.5181857622452047 0.1338724790993813
0.5004172250358924 0.5003237499836362 0.09024488139294598
0.5734206268413365 0.5539097867683418 0.221127674512252
0.5041209632018037 0.5616508199215475 0.15952789394904335
0.5247516923043737 0.5181857622452047 0.1338724790993813
0.5697168886754252 0.49258271683043053 0.15184466195615465
0.566013150509514 0.4312556468925192 0.08256164940005728
0.6204483404671731 0.4227087798523109 0.14929248094062725
0.6047724359252276 0.46644244882432123 0.17323754546450218
0.5697168886754252 0.49258271683043053 0.15184466195615465
0.6748835304248323 0.4141619128121026 0.2160233124811972
0.6241520786330844 0.4840358497902222 0.2185754934967246
0.6047724359252276 0.46644244882432123 0.17323754546450218
0.6204483404671731 0.4227087798523109 0.14929248094062725
0.5734206268413365 0.5539097867683418 0.221127674512252
0.5697168886754252 0.49258271683043053 0.15184466195615465
0.6047724359252276 0.46644244882432123 0.17323754546450218
0.6241520786330844 0.4840358497902222 0.2185754934967246
0.7579108953916528 0.6440733692061125 -0.2999516696305128
0.7121400864110985 0.5639733472746316 -0.2712750508224327
0.664344609608495 0.5975614808315881 -0.27173255067505997
0.6633322756974703 0.6544055585758068 -0.28629961000541365
0.6663692774305443 0.4838733253431507 -0.2425984320143526
0.617561466716916 0.5743055366443259 -0.25762299119733356
0.664344609608495 0.5975614808315881 -0.27173255067505997
0.7121400864110985 0.5639733472746316 -0.2712750508224327
0.5687536560032879 0.6647377479455011 -0.2726475503803145
0.6633322756974703 0.6544055585758068 -0.28629961000541365
0.664344609608495 0.5975614808315881 -0.27173255067505997
0.617561466716916 0.5743055366443259 -0.25762299119733356
0.7579108953916528 0.6440733692061125 -0.2999516696305128
0.7957255811830974 0.5553776963849714 -0.2983007594545875
0.7526068132655798 0.5315429060376978 -0.2797333169745092
0.7121400864110985 0.5639733472746316 -0.2712750508224327
0.833540266974542 0.4666820235638303 -0.2966498492786622
0.7499547722025431 0.4752776744534905 -0.2696241406465074
0.7526068132655798 0.5315429060376978 -0.2797333169745092
0.7957255811830974 0.5553776963849714 -0.2983007594545875
0.6663692774305443 0.4838733253431507 -0.2425984320143526
0.7121400864110985 0.5639733472746316 -0.2712750508224327
0.7526068132655798 0.5315429060376978 -0.2797333169745092
0.7499547722025431 0.4752776744534905 -0.2696241406465074
1.063308168996733 -0.7479142582842077 -7.347880794884119e-17
1.0718514428035275 -0.6934112493505973 -0.07887855307363784
1.1029060365521424 -0.6545527626427475 -0.052585702049091916
1.1141616965230525 -0.6623750237556278 -7.347880794884119e-17
1.080394716610322 -0.6389082404169869 -0.1577571061472756
1.122704970329847 -0.6078720148220175 -0.07887855307363784
1.1029060365521424 -0.6545527626427475 -0.052585702049091916
1.0718514428035275 -0.6934112493505973 -0.07887855307363784
1.165015224049372 -0.576835789227048 -7.347880794884119e-17
1.1141616965230525 -0.6623750237556278 -7.347880794884119e-17
1.1029060365521424 -0.6545527626427475 -0.052585702049091916
1.122704970329847 -0.6078720148220175 -0.07887855307363784
1.063308168996734 0.7479142582842058 -7.347880794884119e-17
1.016151745718825 0.7716274901765154 -0.08013404202080654
0.989660521039558 0.8149057437943146 -0.05342269468053772
0.9999931203388792 0.8246882546570594 -7.347880794884119e-17
0.9689953224409157 0.795340722068825 -0.160268084041613
0.95283669706097 0.848401486549369 -0.08013404202080654
0.989660521039558 0.8149057437943146 -0.05342269468053772
1.016151745718825 0.7716274901765154 -0.08013404202080654
0.9366780716810242 0.9014622510299131 -7.347880794884119e-17
0.9999931203388792 0.8246882546570594 -7.347880794884119e-17
0.989660521039558 0.8149057437943146 -0.05342269468053772
0.95283669706097 0.848401486549369 -0.08013404202080654
1.063308168996734 0.7479142582842058 -7.347880794884119e-17
1.0688299327770205 0.693311013210186 0.08301227413710811
1.1008916965344715 0.6544859385491395 0.055341516091405384
1.1141616965230536 0.6623750237556263 -7.347880794884119e-17
1.074351696557307 0.6387077681361661 0.1660245482742163
1.11968346030334 0.6077717786816064 0.08301227413710811
1.1008916965344715 0.6544859385491395 0.055341516091405384
1.0688299327770205 0.693311013210186 0.08301227413710811
1.165015224049373 0.5768357892270467 -7.347880794884119e-17
1.1141616965230536 0.6623750237556263 -7.347880794884119e-17
1.1008916965344715 0.6544859385491395 0.055341516091405384
1.11968346030334 0.6077717786816064 0.08301227413710811
0.1321007077248849 0.6874818192946723 0.005922262471608096
0.2243587752744749 0.6578217764967901 -0.019702211341582995
0.2416467507133082 0.6652086125431441 0.03307077307174047
0.20416170465792985 0.6837320519652622 0.07226950218499775
0.3166168428240649 0.6281617336989078 -0.04532668515477409
0.2964197722075198 0.65407200916738 0.04664502837180666
0.2416467507133082 0.6652086125431441 0.03307077307174047
0.2243587752744749 0.6578217764967901 -0.019702211341582995
0.2762227015909748 0.6799822846358521 0.1386167418983874
0.20416170465792985 0.6837320519652622 0.07226950218499775
0.2416467507133082 0.6652086125431441 0.03307077307174047
0.2964197722075198 0.65407200916738 0.04664502837180666
1.063308168996733 -0.7479142582842077 -7.347880794884119e-17
1.0071382097406203 -0.775287434545749 0.08696873189894211
0.9836514970540876 -0.8173457067071377 0.05797915459929471
0.9999931203388776 -0.8246882546570615 -7.347880794884119e-17
0.9509682504845075 -0.8026606108072902 0.1739374637978843
0.9438231610827648 -0.8520614309186028 0.08696873189894211
0.9836514970540876 -0.8173457067071377 0.05797915459929471
1.0071382097406203 -0.775287434545749 0.08696873189894211
0.9366780716810221 -0.9014622510299153 -7.347880794884119e-17
0.9999931203388776 -0.8246882546570615 -7.347880794884119e-17
0.9836514970540876 -0.8173457067071377 0.05797915459929471
0.9438231610827648 -0.8520614309186028 0.08696873189894211
-1.117440489083363 -0.6643242832812413 -7.347880794884119e-17
-1.1250371073386556 -0.5887732365387588 0.08762821245643126
-1.1519424670366785 -0.5545028888235051 0.05841880830428748
-1.1615968377580435 -0.5751432383371194 -7.347880794884119e-17
-1.132633725593948 -0.5132221897962764 0.1752564249128626
-1.169193456013336 -0.499592191594637 0.08762821245643126
-1.1519424670366785 -0.5545028888235051 0.05841880830428748
-1.1250371073386556 -0.5887732365387588 0.08762821245643126
-1.205753186432724 -0.4859621933929976 -7.347880794884119e-17
-1.1615968377580435 -0.5751432383371194 -7.347880794884119e-17
-1.1519424670366785 -0.5545028888235051 0.05841880830428748
-1.169193456013336 -0.499592191594637 0.08762821245643126
0.1321007077248849 0.6874818192946723 0.005922262471608096
0.20416170465792985 0.6837320519652622 0.07226950218499775
0.17059048588914805 0.7090524465318353 0.11104907760517357
0.11777437803823465 0.7235875274798268 0.09726524545856664
0.2762227015909748 0.6799822846358521 0.1386167418983874
0.18983537497127959 0.7198377601504167 0.1636124851719563
0.17059048588914805 0.7090524465318353 0.11104907760517357
0.20416170465792985 0.6837320519652622 0.07226950218499775
0.1034480483515844 0.7596932356649813 0.1886082284455252
0.11777437803823465 0.7235875274798268 0.09726524545856664
0.17059048588914805 0.7090524465318353 0.11104907760517357
0.18983537497127959 0.7198377601504167 0.1636124851719563
0.7880930342566289 -1.033880732655455 -7.347880794884119e-17
0.8209974332322494 -0.9770998096074006 -0.07865949928001609
0.8595576460485069 -0.9518872900815722 -0.05243966618667742
0.8623855529688256 -0.9676714918426852 -7.347880794884119e-17
0.8539018322078697 -0.920318886559346 -0.1573189985600321
0.8952899519444459 -0.9108905687946307 -0.07865949928001609
0.8595576460485069 -0.9518872900815722 -0.05243966618667742
0.8209974332322494 -0.9770998096074006 -0.07865949928001609
0.9366780716810221 -0.9014622510299153 -7.347880794884119e-17
0.8623855529688256 -0.9676714918426852 -7.347880794884119e-17
0.8595576460485069 -0.9518872900815722 -0.05243966618667742
0.8952899519444459 -0.9108905687946307 -0.07865949928001609
0.9689953224409157 0.795340722068825 -0.160268084041613
0.903676699015165 0.8627263408756729 -0.16138319139769425
0.9146771565704515 0.8756383109270862 -0.10758879426512952
0.95283669706097 0.848401486549369 -0.08013404202080654
0.8383580755894142 0.9301119596825209 -0.1624982987537755
0.8875180736352193 0.915787105356217 -0.08124914937688779
0.9146771565704515 0.8756383109270862 -0.10758879426512952
0.903676699015165 0.8627263408756729 -0.16138319139769425
0.9366780716810242 0.9014622510299131 -7.347880794884119e-17
0.95283669706097 0.848401486549369 -0.08013404202080654
0.9146771565704515 0.8756383109270862 -0.10758879426512952
0.8875180736352193 0.915787105356217 -0.08124914937688779
0.2020004878218286 1.031238271620693 -0.2956614415035926
0.14861952987608743 1.1123227870701275 -0.26087006973410176
0.2001923232042693 1.1418788655210457 -0.23448408906309312
0.25266919884123085 1.1161146470217873 -0.2386867846123342
0.09523857193034625 1.193407302519562 -0.2260786979646109
0.19928824089548966 1.197199162471222 -0.20389541284284335
0.2001923232042693 1.1418788655210457 -0.23448408906309312
0.14861952987608743 1.1123227870701275 -0.26087006973410176
0.3033379098606331 1.200991022422882 -0.1817121277210758
0.25266919884123085 1.1161146470217873 -0.2386867846123342
0.2001923232042693 1.1418788655210457 -0.23448408906309312
0.19928824089548966 1.197199162471222 -0.20389541284284335
0.6210357640659442 1.142065926184224 -7.347880794884119e-17
0.566159531516722 1.141289170678722 -0.08301227413882574
0.5239136683215002 1.1686868012436245 -0.05534151609255052
0.5302288529985003 1.1827739942788265 -7.347880794884119e-17
0.5112832989675 1.14051241517322 -0.1660245482776514
0.4753526204492783 1.1819972387733246 -0.08301227413882574
0.5239136683215002 1.1686868012436245 -0.05534151609255052
0.566159531516722 1.141289170678722 -0.08301227413882574
0.4394219419310565 1.223482062373429 -7.347880794884119e-17
0.5302288529985003 1.1827739942788265 -7.347880794884119e-17
0.5239136683215002 1.1686868012436245 -0.05534151609255052
0.4753526204492783 1.1819972387733246 -0.08301227413882574
1.085157373847568 0.3303471558728229 -0.268247070393255
1.0445782053118724 0.40453339287079465 -0.27321991158829384
1.0828051480715395 0.42543005067566986 -0.23748812381852388
1.122208203719221 0.3987852610791216 -0.21713580933611948
1.003999036776177 0.4787196298687664 -0.2781927527833327
1.0816290351835254 0.4729714980770934 -0.2221086505311583
1.0828051480715395 0.42543005067566986 -0.23748812381852388
1.0445782053118724 0.40453339287079465 -0.27321991158829384
1.159259033590874 0.4672233662854203 -0.1660245482789839
1.122208203719221 0.3987852610791216 -0.21713580933611948
1.0828051480715395 0.42543005067566986 -0.23748812381852388
1.0816290351835254 0.4729714980770934 -0.2221086505311583
0.4348212995622707 0.5693918530747532 0.0979281133858347
0.5041209632018037 0.5616508199215475 0.15952789394904335
0.48289286141981247 0.6055756024342149 0.18671859031462848
0.4376289787090505 0.6314085102671514 0.16951404821581675
0.5734206268413365 0.5539097867683418 0.221127674512252
0.5069286423485834 0.6236674771139457 0.2311138287790254
0.48289286141981247 0.6055756024342149 0.18671859031462848
0.5041209632018037 0.5616508199215475 0.15952789394904335
0.4404366578558302 0.6934251674595496 0.2410999830457988
0.4376289787090505 0.6314085102671514 0.16951404821581675
0.48289286141981247 0.6055756024342149 0.18671859031462848
0.5069286423485834 0.6236674771139457 0.2311138287790254
0.4837611563308072 0.8442853828803522 -0.298787801935808
0.5262574061670475 0.7545115654129266 -0.28571767615806126
0.47583394660034145 0.7372658935762901 -0.2639722449307579
0.4293740918988683 0.7735299663916847 -0.25963459220597956
0.5687536560032879 0.6647377479455011 -0.2726475503803145
0.47187034173510867 0.6837561489242592 -0.24656446642823282
0.47583394660034145 0.7372658935762901 -0.2639722449307579
0.5262574061670475 0.7545115654129266 -0.28571767615806126
0.3749870274669294 0.7027745499030172 -0.2204813824761511
0.4293740918988683 0.7735299663916847 -0.25963459220597956
0.47583394660034145 0.7372658935762901 -0.2639722449307579
0.47187034173510867 0.6837561489242592 -0.24656446642823282
-0.9292466693390651 0.09600762788399173 -0.2926934542860747
-1.019301290826407 0.0733289443977865 -0.28579850080990965
-1.0401198618806013 0.12271004981136337 -0.2843070360363231
-1.0055018366640276 0.15873994426125443 -0.2870087803876124
-1.109355912313749 0.05065026091158129 -0.2789035473337447
-1.0955564581513695 0.1360612607750492 -0.28011382691144737
-1.0401198618806013 0.12271004981136337 -0.2843070360363231
-1.019301290826407 0.0733289443977865 -0.28579850080990965
-1.08175700398899 0.2214722606385171 -0.2813241064891501
-1.0055018366640276 0.15873994426125443 -0.2870087803876124
-1.0401198618806013 0.12271004981136337 -0.2843070360363231
-1.0955564581513695 0.1360612607750492 -0.28011382691144737
1.159259033590874 0.4672233662854203 -0.1660245482789839
1.118564469504122 0.5516555007730097 -0.16473718161681336
1.134048054352539 0.5600489302576888 -0.10982478774454225
1.1621371288201234 0.5220295777562335 -0.083012274139492
1.07786990541737 0.6360876352605992 -0.1634498149546428
1.1214425647333714 0.606461712243823 -0.08172490747732145
1.134048054352539 0.5600489302576888 -0.10982478774454225
1.118564469504122 0.5516555007730097 -0.16473718161681336
1.165015224049373 0.5768357892270467 -7.347880794884119e-17
1.1621371288201234 0.5220295777562335 -0.083012274139492
1.134048054352539 0.5600489302576888 -0.10982478774454225
1.1214425647333714 0.606461712243823 -0.08172490747732145
-0.04177699374468358 1.251403773763102 0.1626195697262978
-0.06865175045603614 1.1971972632387715 0.2120749886835439
-0.01835370923140706 1.173605197884572 0.23159949425132623
0.020232689736583757 1.1889124204696375 0.21663403755659433
-0.09552650716738868 1.142990752714441 0.26153040764079
-0.0066420669747687955 1.134705909945307 0.2660894565138404
-0.01835370923140706 1.173605197884572 0.23159949425132623
-0.06865175045603614 1.1971972632387715 0.2120749886835439
0.08224237321785109 1.126421067176173 0.2706485053868909
0.020232689736583757 1.1889124204696375 0.21663403755659433
-0.01835370923140706 1.173605197884572 0.23159949425132623
-0.0066420669747687955 1.134705909945307 0.2660894565138404
0.8202076757128884 -0.785468614319574 -0.2675798937054636
0.8878362367177381 -0.7303470205341527 -0.25739048792749086
0.9162110967138819 -0.7516491106125575 -0.22373999482186271
0.896584246209529 -0.7898609525444704 -0.212009451158035
0.9554647977225879 -0.6752254267487314 -0.2472010821495182
0.9642128072143787 -0.7347393587590492 -0.2018200453800623
0.9162110967138819 -0.7516491106125575 -0.22373999482186271
0.8878362367177381 -0.7303470205341527 -0.25739048792749086
0.9729608167061695 -0.7942532907693669 -0.1564390086106064
0.896584246209529 -0.7898609525444704 -0.212009451158035
0.9162110967138819 -0.7516491106125575 -0.22373999482186271
0.9642128072143787 -0.7347393587590492 -0.2018200453800623
0.566013150509514 0.4312556468925192 0.08256164940005728
0.5930297080105821 0.39213171951684556 -0.0031983361569162053
0.6124458136505379 0.35612241357539004 0.024151202879140632
0.6086455877199817 0.3576797242924991 0.08070596517565579
0.6200462655116502 0.3530077921411719 -0.08895832171388969
0.6356621452210498 0.31855579691682545 -0.005054020381317692
0.6124458136505379 0.35612241357539004 0.024151202879140632
0.5930297080105821 0.39213171951684556 -0.0031983361569162053
0.6512780249304494 0.284103801692479 0.0788502809512543
0.6086455877199817 0.3576797242924991 0.08070596517565579
0.6124458136505379 0.35612241357539004 0.024151202879140632
0.6356621452210498 0.31855579691682545 -0.005054020381317692
0.7880930342566311 1.033880732655453 -7.347880794884119e-17
0.8098323877107627 0.9834882256796432 0.08301227413879651
0.8521142823675166 0.9561462341297332 0.05534151609253098
0.8623855529688277 0.9676714918426831 -7.347880794884119e-17
0.8315717411648943 0.9330957187038333 0.1660245482775931
0.8841249064229593 0.9172789848668732 0.08301227413879651
0.8521142823675166 0.9561462341297332 0.05534151609253098
0.8098323877107627 0.9834882256796432 0.08301227413879651
0.9366780716810242 0.9014622510299131 -7.347880794884119e-17
0.8623855529688277 0.9676714918426831 -7.347880794884119e-17
0.8521142823675166 0.9561462341297332 0.05534151609253098
0.8841249064229593 0.9172789848668732 0.08301227413879651
0.68825625929794 0.8533841185112631 -0.2841102383704719
0.7230835773447963 0.7487287438586878 -0.29203095400049234
0.6716402702309602 0.720731745220959 -0.2855698194604331
0.6285049576506139 0.7590609332283821 -0.2783788943753932
0.7579108953916528 0.6440733692061125 -0.2999516696305128
0.6633322756974703 0.6544055585758068 -0.28629961000541365
0.6716402702309602 0.720731745220959 -0.2855698194604331
0.7230835773447963 0.7487287438586878 -0.29203095400049234
0.5687536560032879 0.6647377479455011 -0.2726475503803145
0.6285049576506139 0.7590609332283821 -0.2783788943753932
0.6716402702309602 0.720731745220959 -0.2855698194604331
0.6633322756974703 0.6544055585758068 -0.28629961000541365
-0.8649234102152368 -0.9705191880955499 -7.347880794884119e-17
-0.8752551140033431 -0.9211977966977285 0.08813551688271146
-0.9178153872584044 -0.889836922806661 0.05875701125514094
-0.9339296719918819 -0.8988171815600381 -7.347880794884119e-17
-0.8855868177914494 -0.8718764052999071 0.176271033765423
-0.9442613757799883 -0.8494957901622167 0.08813551688271146
-0.9178153872584044 -0.889836922806661 0.05875701125514094
-0.8752551140033431 -0.9211977966977285 0.08813551688271146
-1.002935933768527 -0.8271151750245261 -7.347880794884119e-17
-0.9339296719918819 -0.8988171815600381 -7.347880794884119e-17
-0.9178153872584044 -0.889836922806661 0.05875701125514094
-0.9442613757799883 -0.8494957901622167 0.08813551688271146
-0.7942485011295782 -0.4451610205078597 -0.2863365950339039
-0.7884656430045704 -0.5426335142388958 -0.2930655431011727
-0.8458502161599014 -0.5455575490648065 -0.2887201322722614
-0.8774339318000708 -0.4982833196122438 -0.2831829528241714
-0.7826827848795628 -0.640106007969932 -0.2997944911684415
-0.8716510736750631 -0.5957558133432799 -0.28991190089144014
-0.8458502161599014 -0.5455575490648065 -0.2887201322722614
-0.7884656430045704 -0.5426335142388958 -0.2930655431011727
-0.9606193624705635 -0.5514056187166279 -0.2800293106144388
-0.8774339318000708 -0.4982833196122438 -0.2831829528241714
-0.8458502161599014 -0.5455575490648065 -0.2887201322722614
-0.8716510736750631 -0.5957558133432799 -0.28991190089144014
-0.05234407055906915 0.7095474667284315 0.08218066950655509
0.025551988896257625 0.7346203511967064 0.13539444897604014
-0.011647762311862804 0.7641620623364922 0.17213217804670491
-0.06919566764358641 0.7663964756722477 0.1638941528472948
0.1034480483515844 0.7596932356649813 0.1886082284455252
0.008700391811740371 0.7914693601405225 0.21710793231677983
-0.011647762311862804 0.7641620623364922 0.17213217804670491
0.025551988896257625 0.7346203511967064 0.13539444897604014
-0.08604726472810366 0.8232454846160637 0.2456076361880345
-0.06919566764358641 0.7663964756722477 0.1638941528472948
-0.011647762311862804 0.7641620623364922 0.17213217804670491
0.008700391811740371 0.7914693601405225 0.21710793231677983
-0.05234407055906915 0.7095474667284315 0.08218066950655509
0.039878318582907885 0.6985146430115519 0.04405146598908159
0.06106822850580005 0.7189075072293617 0.09223705347456279
0.025551988896257625 0.7346203511967064 0.13539444897604014
0.1321007077248849 0.6874818192946723 0.005922262471608096
0.11777437803823465 0.7235875274798268 0.09726524545856664
0.06106822850580005 0.7189075072293617 0.09223705347456279
0.039878318582907885 0.6985146430115519 0.04405146598908159
0.1034480483515844 0.7596932356649813 0.1886082284455252
0.025551988896257625 0.7346203511967064 0.13539444897604014
0.06106822850580005 0.7189075072293617 0.09223705347456279
0.11777437803823465 0.7235875274798268 0.09726524545856664
0.7880930342566289 -1.033880732655455 -7.347880794884119e-17
0.7337413567254971 -1.041489898014587 0.08301227413879671
0.6961728258389783 -1.0750152407378 0.05534151609253111
0.7045643991612849 -1.0879733294198406 -7.347880794884119e-17
0.6793896791943654 -1.049099063373719 0.1660245482775935
0.6502127216301532 -1.0955824947789725 0.08301227413879671
0.6961728258389783 -1.0750152407378 0.05534151609253111
0.7337413567254971 -1.041489898014587 0.08301227413879671
0.6210357640659409 -1.142065926184226 -7.347880794884119e-17
0.7045643991612849 -1.0879733294198406 -7.347880794884119e-17
0.6961728258389783 -1.0750152407378 0.05534151609253111
0.6502127216301532 -1.0955824947789725 0.08301227413879671
-0.2180152967280576 0.6666347743043209 -0.0287321561335098
-0.1351796836435634 0.6880911205163762 0.026724256686522646
-0.17431240974117143 0.7005760006651948 0.081318746689207
-0.23529657933222253 0.6960902676335764 0.08088778528053295
-0.05234407055906915 0.7095474667284315 0.08218066950655509
-0.1524609662477283 0.7175466138456317 0.1363441981005654
-0.17431240974117143 0.7005760006651948 0.081318746689207
-0.1351796836435634 0.6880911205163762 0.026724256686522646
-0.2525778619363875 0.7255457609628319 0.1905077266945757
-0.23529657933222253 0.6960902676335764 0.08088778528053295
-0.17431240974117143 0.7005760006651948 0.081318746689207
-0.1524609662477283 0.7175466138456317 0.1363441981005654
0.5112832989675433 1.140512415173316 0.1660245482774922
0.5985722171571163 1.0938249020481479 0.1645859850822033
0.6060600661267256 1.10990524342684 0.10972399005480217
0.5661595315167438 1.14128917067877 0.08301227413874605
0.6858611353466892 1.04713738892298 0.1631474218869144
0.6534484497063167 1.0946016575536022 0.08157371094345715
0.6060600661267256 1.10990524342684 0.10972399005480217
0.5985722171571163 1.0938249020481479 0.1645859850822033
0.6210357640659442 1.142065926184224 -7.347880794884119e-17
0.5661595315167438 1.14128917067877 0.08301227413874605
0.6060600661267256 1.10990524342684 0.10972399005480217
0.6534484497063167 1.0946016575536022 0.08157371094345715
-0.08604726472810366 0.8232454846160637 0.2456076361880345
-0.08920135150198516 0.9073288039985412 0.27278844147186904
-0.14648775481612764 0.9060520204650945 0.27986961929913384
-0.17355391308625812 0.8633719690071324 0.26981980557084895
-0.09235543827586666 0.9914121233810186 0.2999692467557036
-0.17670799986013963 0.9474552883896098 0.2970006108546835
-0.14648775481612764 0.9060520204650945 0.27986961929913384
-0.08920135150198516 0.9073288039985412 0.27278844147186904
-0.2610605614444126 0.903498453398201 0.2940319749536634
-0.17355391308625812 0.8633719690071324 0.26981980557084895
-0.14648775481612764 0.9060520204650945 0.27986961929913384
-0.17670799986013963 0.9474552883896098 0.2970006108546835
0.04979355379704932 1.299046035366053 -7.347880794884119e-17
0.0019320749417291692 1.280124582944128 -0.07303334434501069
-0.048408101044819685 1.283890627525278 -0.048688896230007155
-0.04964744961043404 1.2952343760268155 -7.347880794884119e-17
-0.04592940391359098 1.261203130522203 -0.1460666886900213
-0.0975089284657542 1.2763129236048905 -0.07303334434501069
-0.048408101044819685 1.283890627525278 -0.048688896230007155
0.0019320749417291692 1.280124582944128 -0.07303334434501069
-0.1490884530179174 1.291422716687578 -7.347880794884119e-17
-0.04964744961043404 1.2952343760268155 -7.347880794884119e-17
-0.048408101044819685 1.283890627525278 -0.048688896230007155
-0.0975089284657542 1.2763129236048905 -0.07303334434501069
-1.132633725593948 -0.5132221897962764 0.1752564249128626
-1.1644623492068995 -0.4427529493959744 0.1683312422488475
-1.1782259616155077 -0.4571560307283155 0.1122208281658983
-1.169193456013336 -0.499592191594637 0.08762821245643126
-1.196290972819851 -0.3722837089956724 0.1614060595848324
-1.2010220796262874 -0.429122951194335 0.08070302979241616
-1.1782259616155077 -0.4571560307283155 0.1122208281658983
-1.1644623492068995 -0.4427529493959744 0.1683312422488475
-1.205753186432724 -0.4859621933929976 -7.347880794884119e-17
-1.169193456013336 -0.499592191594637 0.08762821245643126
-1.1782259616155077 -0.4571560307283155 0.1122208281658983
-1.2010220796262874 -0.429122951194335 0.08070302979241616
0.4348212995622707 0.5693918530747532 0.0979281133858347
0.4376289787090505 0.6314085102671514 0.16951404821581675
0.3838268863363586 0.6475997683900516 0.15921494611000697
0.35552200057662275 0.6246870688553026 0.11827242764211104
0.4404366578558302 0.6934251674595496 0.2410999830457988
0.35832967972340246 0.6867037260477009 0.1898583624720931
0.3838268863363586 0.6475997683900516 0.15921494611000697
0.4376289787090505 0.6314085102671514 0.16951404821581675
0.2762227015909748 0.6799822846358521 0.1386167418983874
0.35552200057662275 0.6246870688553026 0.11827242764211104
0.3838268863363586 0.6475997683900516 0.15921494611000697
0.35832967972340246 0.6867037260477009 0.1898583624720931
0.4348212995622707 0.5693918530747532 0.0979281133858347
0.4620394684885049 0.5487115363274462 -0.004697627932361205
0.49669736249550794 0.5095595731824706 0.024388797845111623
0.5004172250358924 0.5003237499836362 0.09024488139294598
0.4892576374147391 0.5280312195801391 -0.1073233692505571
0.5276353939621266 0.4796434332363292 -0.012380859925249912
0.49669736249550794 0.5095595731824706 0.024388797845111623
0.4620394684885049 0.5487115363274462 -0.004697627932361205
0.566013150509514 0.4312556468925192 0.08256164940005728
0.5004172250358924 0.5003237499836362 0.09024488139294598
0.49669736249550794 0.5095595731824706 0.024388797845111623
0.5276353939621266 0.4796434332363292 -0.012380859925249912
-0.344475952855657 1.253529544089084 -7.347880794884119e-17
-0.3811933816394855 1.216225612662468 -0.08230785226418944
-0.43139199720057 1.2062353089148175 -0.05487190150945965
-0.43813259058919796 1.2198921227542998 -7.347880794884119e-17
-0.417910810423314 1.178921681235852 -0.1646157045283788
-0.47485001937302646 1.182588191327684 -0.08230785226418944
-0.43139199720057 1.2062353089148175 -0.05487190150945965
-0.3811933816394855 1.216225612662468 -0.08230785226418944
-0.5317892283227389 1.186254701419516 -7.347880794884119e-17
-0.43813259058919796 1.2198921227542998 -7.347880794884119e-17
-0.43139199720057 1.2062353089148175 -0.05487190150945965
-0.47485001937302646 1.182588191327684 -0.08230785226418944
0.7880930342566311 1.033880732655453 -7.347880794884119e-17
0.7370158251436021 1.040080035578091 -0.08209234341640419
0.6983558047843829 1.074075332446802 -0.054728228944269486
0.7045643991612877 1.0879733294198386 -7.347880794884119e-17
0.6859386160305732 1.046279338500729 -0.1641846868328083
0.6534871900482586 1.0941726323424765 -0.08209234341640419
0.6983558047843829 1.074075332446802 -0.054728228944269486
0.7370158251436021 1.040080035578091 -0.08209234341640419
0.6210357640659442 1.142065926184224 -7.347880794884119e-17
0.7045643991612877 1.0879733294198386 -7.347880794884119e-17
0.6983558047843829 1.074075332446802 -0.054728228944269486
0.6534871900482586 1.0941726323424765 -0.08209234341640419
0.2475084419140669 -1.276220815995912 -7.347880794884119e-17
0.2893506567352362 -1.2407069693051176 -0.08301227413903624
0.3393744184671748 -1.234965333661222 -0.055341516092690855
0.34346519192255953 -1.2498514391846716 -7.347880794884119e-17
0.3311928715564055 -1.205193122614323 -0.1660245482780724
0.3853074067437289 -1.214337592493877 -0.08301227413903624
0.3393744184671748 -1.234965333661222 -0.055341516092690855
0.2893506567352362 -1.2407069693051176 -0.08301227413903624
0.4394219419310522 -1.223482062373431 -7.347880794884119e-17
0.34346519192255953 -1.2498514391846716 -7.347880794884119e-17
0.3393744184671748 -1.234965333661222 -0.055341516092690855
0.3853074067437289 -1.214337592493877 -0.08301227413903624
0.1864647546929038 0.7367353964194818 -0.1799545067345681
0.28072589107991663 0.7197549731612496 -0.20021794460535958
0.2926895416612994 0.689223893340469 -0.14858752478849777
0.25154079875848434 0.6824485650591948 -0.11264059594467109
0.3749870274669294 0.7027745499030172 -0.2204813824761511
0.3458019351454972 0.6654681418009625 -0.1329040338154626
0.2926895416612994 0.689223893340469 -0.14858752478849777
0.28072589107991663 0.7197549731612496 -0.20021794460535958
0.3166168428240649 0.6281617336989078 -0.04532668515477409
0.25154079875848434 0.6824485650591948 -0.11264059594467109
0.2926895416612994 0.689223893340469 -0.14858752478849777
0.3458019351454972 0.6654681418009625 -0.1329040338154626
-0.3410139412596226 0.8928503142421993 -0.2967197189439788
-0.23814052647107434 0.8902391515321392 -0.28940117614842464
-0.24246840367316058 0.8417661209776705 -0.26302184501706116
-0.2960690496684778 0.8188351870554662 -0.2534914508491565
-0.1352671116825261 0.887627988822079 -0.2820826333528704
-0.19319563487992955 0.8162240243454061 -0.2461729080536023
-0.24246840367316058 0.8417661209776705 -0.26302184501706116
-0.23814052647107434 0.8902391515321392 -0.28940117614842464
-0.251124158077333 0.7448200598687331 -0.2102631827543342
-0.2960690496684778 0.8188351870554662 -0.2534914508491565
-0.24246840367316058 0.8417661209776705 -0.26302184501706116
-0.19319563487992955 0.8162240243454061 -0.2461729080536023
-0.706637815001585 1.091175053971537 -7.347880794884119e-17
-0.7321708896279309 1.0425945398938816 -0.08301227413922109
-0.7764217298236981 1.0185694226277724 -0.05534151609281409
-0.7857806126084088 1.0308471210335453 -7.347880794884119e-17
-0.7577039642542767 0.9940140258162262 -0.1660245482784421
-0.8113136872347546 0.9822666069558899 -0.08301227413922109
-0.7764217298236981 1.0185694226277724 -0.05534151609281409
-0.7321708896279309 1.0425945398938816 -0.08301227413922109
-0.8649234102152327 0.9705191880955536 -7.347880794884119e-17
-0.7857806126084088 1.0308471210335453 -7.347880794884119e-17
-0.7764217298236981 1.0185694226277724 -0.05534151609281409
-0.8113136872347546 0.9822666069558899 -0.08301227413922109
-0.05234407055906915 0.7095474667284315 0.08218066950655509
-0.06919566764358641 0.7663964756722477 0.1638941528472948
-0.13032306574118677 0.7527795707691091 0.17276534412972178
-0.1524609662477283 0.7175466138456317 0.1363441981005654
-0.08604726472810366 0.8232454846160637 0.2456076361880345
-0.16931256333224556 0.7743956227894477 0.2180576814413051
-0.13032306574118677 0.7527795707691091 0.17276534412972178
-0.06919566764358641 0.7663964756722477 0.1638941528472948
-0.2525778619363875 0.7255457609628319 0.1905077266945757
-0.1524609662477283 0.7175466138456317 0.1363441981005654
-0.13032306574118677 0.7527795707691091 0.17276534412972178
-0.16931256333224556 0.7743956227894477 0.2180576814413051
-0.2366446453232279 1.064527218910196 -0.2860198825137028
-0.11833773121913445 1.062203661875603 -0.2899915497922177
-0.123980858040265 1.0040117708577616 -0.28735524431243525
-0.18595587850287698 0.9760776038661375 -0.2840512579332866
-3.081711504100568e-05 1.05988010484101 -0.2939632170707326
-0.06764896439878354 0.9737540468315445 -0.2880229252118015
-0.123980858040265 1.0040117708577616 -0.28735524431243525
-0.11833773121913445 1.062203661875603 -0.2899915497922177
-0.1352671116825261 0.887627988822079 -0.2820826333528704
-0.18595587850287698 0.9760776038661375 -0.2840512579332866
-0.123980858040265 1.0040117708577616 -0.28735524431243525
-0.06764896439878354 0.9737540468315445 -0.2880229252118015
0.6748835304248323 0.4141619128121026 0.2160233124811972
0.758700494156729 0.4161419372966566 0.25503837602971724
0.7559105673808165 0.4642793487175287 0.2677668965041662
0.7126071221269119 0.4873580421856877 0.25462362496713065
0.8425174578886259 0.4181219617812107 0.2940534395782373
0.7964240858588088 0.4893380666702417 0.29363868851565067
0.7559105673808165 0.4642793487175287 0.2677668965041662
0.758700494156729 0.4161419372966566 0.25503837602971724
0.7503307138289915 0.5605541715592728 0.2932239374530641
0.7126071221269119 0.4873580421856877 0.25462362496713065
0.7559105673808165 0.4642793487175287 0.2677668965041662
0.7964240858588088 0.4893380666702417 0.29363868851565067
0.4837611563308072 0.8442853828803522 -0.298787801935808
0.5860087078143736 0.8488347506958076 -0.29144902015313995
0.580257023877345 0.7874690831123722 -0.28518186356219816
0.5262574061670475 0.7545115654129266 -0.28571767615806126
0.68825625929794 0.8533841185112631 -0.2841102383704719
0.6285049576506139 0.7590609332283821 -0.2783788943753932
0.580257023877345 0.7874690831123722 -0.28518186356219816
0.5860087078143736 0.8488347506958076 -0.29144902015313995
0.5687536560032879 0.6647377479455011 -0.2726475503803145
0.5262574061670475 0.7545115654129266 -0.28571767615806126
0.580257023877345 0.7874690831123722 -0.28518186356219816
0.6285049576506139 0.7590609332283821 -0.2783788943753932
-0.5317892283227432 -1.186254701419514 -7.347880794884119e-17
-0.5644388468360166 -1.142141135945358 0.08301227413860886
-0.6118385028912074 -1.1251524419540833 0.055341516092405875
-0.6192135216621661 -1.138714877695524 -7.347880794884119e-17
-0.5970884653492902 -1.098027570471202 0.1660245482772178
-0.6518631401754396 -1.0946013122213678 0.08301227413860886
-0.6118385028912074 -1.1251524419540833 0.055341516092405875
-0.5644388468360166 -1.142141135945358 0.08301227413860886
-0.7066378150015891 -1.091175053971534 -7.347880794884119e-17
-0.6192135216621661 -1.138714877695524 -7.347880794884119e-17
-0.6118385028912074 -1.1251524419540833 0.055341516092405875
-0.6518631401754396 -1.0946013122213678 0.08301227413860886
0.4394219419310565 1.223482062373429 -7.347880794884119e-17
0.47535262044929993 1.1819972387733726 0.08301227413874605
0.5239136683215148 1.1686868012436564 0.05534151609249734
0.5302288529985003 1.1827739942788265 -7.347880794884119e-17
0.5112832989675433 1.140512415173316 0.1660245482774922
0.5661595315167438 1.14128917067877 0.08301227413874605
0.5239136683215148 1.1686868012436564 0.05534151609249734
0.47535262044929993 1.1819972387733726 0.08301227413874605
0.6210357640659442 1.142065926184224 -7.347880794884119e-17
0.5302288529985003 1.1827739942788265 -7.347880794884119e-17
0.5239136683215148 1.1686868012436564 0.05534151609249734
0.5661595315167438 1.14128917067877 0.08301227413874605
-1.296185541538863 -0.09951402868744211 -7.347880794884119e-17
-1.2727598659346624 -0.0456868010541759 0.08339549734958115
-1.280568424469396 0.0027134755263648843 0.05559699823305408
-1.296185541538863 2.1718737919229625e-15 -7.347880794884119e-17
-1.249334190330462 0.008140426579090315 0.1667909946991624
-1.2727598659346624 0.05382722763326838 0.08339549734958115
-1.280568424469396 0.0027134755263648843 0.05559699823305408
-1.2727598659346624 -0.0456868010541759 0.08339549734958115
-1.296185541538863 0.09951402868744645 -7.347880794884119e-17
-1.296185541538863 2.1718737919229625e-15 -7.347880794884119e-17
-1.280568424469396 0.0027134755263648843 0.05559699823305408
-1.2727598659346624 0.05382722763326838 0.08339549734958115
-0.1490884530179223 -1.291422716687577 -7.347880794884119e-17
-0.19352645289146037 -1.2592160649654773 0.0830122741387462
-0.2438429528795277 -1.2573205580066793 0.05534151609249744
-0.24678220293679232 -1.27247613038833 -7.347880794884119e-17
-0.2379644527649984 -1.227009413243378 0.1660245482774925
-0.29122020281033034 -1.2402694786662305 0.0830122741387462
-0.2438429528795277 -1.2573205580066793 0.05534151609249744
-0.19352645289146037 -1.2592160649654773 0.0830122741387462
-0.3444759528556623 -1.253529544089083 -7.347880794884119e-17
-0.24678220293679232 -1.27247613038833 -7.347880794884119e-17
-0.2438429528795277 -1.2573205580066793 0.05534151609249744
-0.29122020281033034 -1.2402694786662305 0.0830122741387462
-1.002935933768524 0.8271151750245299 -7.347880794884119e-17
-1.0165416861883259 0.7718394875180331 -0.07913222882837319
-1.0501746204866704 0.7360010861057708 -0.052754819218915484
-1.060188211425942 0.7457197291528879 -7.347880794884119e-17
-1.030147438608128 0.7165638000115363 -0.1582644576567463
-1.0737939638457439 0.6904440416463911 -0.07913222882837319
-1.0501746204866704 0.7360010861057708 -0.052754819218915484
-1.0165416861883259 0.7718394875180331 -0.07913222882837319
-1.11744048908336 0.6643242832812459 -7.347880794884119e-17
-1.060188211425942 0.7457197291528879 -7.347880794884119e-17
-1.0501746204866704 0.7360010861057708 -0.052754819218915484
-1.0737939638457439 0.6904440416463911 -0.07913222882837319
-0.1490884530179223 -1.291422716687577 -7.347880794884119e-17
-0.0984809772898549 -1.2701886014866366 -0.08301227413954425
-0.04905613359422171 -1.2798077461131088 -0.05534151609302953
-0.04964744961043882 -1.2952343760268148 -7.347880794884119e-17
-0.04787350156178749 -1.248954486285696 -0.1660245482790884
0.0009600261176285901 -1.2740002608258745 -0.08301227413954425
-0.04905613359422171 -1.2798077461131088 -0.05534151609302953
-0.0984809772898549 -1.2701886014866366 -0.08301227413954425
0.04979355379704467 -1.299046035366053 -7.347880794884119e-17
-0.04964744961043882 -1.2952343760268148 -7.347880794884119e-17
-0.04905613359422171 -1.2798077461131088 -0.05534151609302953
0.0009600261176285901 -1.2740002608258745 -0.08301227413954425
0.2139939974556145 -0.8411029856197109 0.2693495348827378
0.3083621240233575 -0.799296631151236 0.2667789499493183
0.30031208414735017 -0.7574555208959488 0.22230100588702786
0.249103000925475 -0.7574381430025428 0.20134732632259245
0.4027302505911005 -0.7574902766827609 0.2642083650158988
0.343471127493218 -0.7156317885340677 0.19877674138917295
0.30031208414735017 -0.7574555208959488 0.22230100588702786
0.3083621240233575 -0.799296631151236 0.2667789499493183
0.2842120043953355 -0.6737733003853745 0.1333451177624471
0.249103000925475 -0.7574381430025428 0.20134732632259245
0.30031208414735017 -0.7574555208959488 0.22230100588702786
0.343471127493218 -0.7156317885340677 0.19877674138917295
-0.7263486767061138 -0.2855915148350236 0.2044744767930424
-0.7469066781108344 -0.381306345764292 0.24428763097639256
-0.7011654869860616 -0.40133594669188705 0.21946433830923992
-0.6680158907213148 -0.3634933316910503 0.1871461148839885
-0.7674646795155551 -0.4770211766935605 0.2841007851597427
-0.6885738921260355 -0.4592081626203187 0.22695926906733865
-0.7011654869860616 -0.40133594669188705 0.21946433830923992
-0.7469066781108344 -0.381306345764292 0.24428763097639256
-0.6096831047365159 -0.441395148547077 0.1698177529749346
-0.6680158907213148 -0.3634933316910503 0.1871461148839885
-0.7011654869860616 -0.40133594669188705 0.21946433830923992
-0.6885738921260355 -0.4592081626203187 0.22695926906733865
-0.3842528868789209 0.6128117095914611 -0.1159607528613116
-0.31768852247812696 0.6788158847300971 -0.1631119678078229
-0.2844641138947705 0.6747555145881717 -0.11831869724971854
-0.30113409180348927 0.6397232419478911 -0.0723464544974107
-0.251124158077333 0.7448200598687331 -0.2102631827543342
-0.23456972740269533 0.7057274170865271 -0.119497669443922
-0.2844641138947705 0.6747555145881717 -0.11831869724971854
-0.31768852247812696 0.6788158847300971 -0.1631119678078229
-0.2180152967280576 0.6666347743043209 -0.0287321561335098
-0.30113409180348927 0.6397232419478911 -0.0723464544974107
-0.2844641138947705 0.6747555145881717 -0.11831869724971854
-0.23456972740269533 0.7057274170865271 -0.119497669443922
-0.3842528868789209 0.6128117095914611 -0.1159607528613116
-0.30113409180348927 0.6397232419478911 -0.0723464544974107
-0.32482209512588783 0.6285821472229993 -0.020892119475726275
-0.37822549432480296 0.6095558336823383 -0.016972101146834513
-0.2180152967280576 0.6666347743043209 -0.0287321561335098
-0.29510669924937133 0.6364673660387683 0.026642197217066392
-0.32482209512588783 0.6285821472229993 -0.020892119475726275
-0.30113409180348927 0.6397232419478911 -0.0723464544974107
-0.372198101770685 0.6062999577732157 0.08201655056764258
-0.37822549432480296 0.6095558336823383 -0.016972101146834513
-0.32482209512588783 0.6285821472229993 -0.020892119475726275
-0.29510669924937133 0.6364673660387683 0.026642197217066392
0.4394219419310522 -1.223482062373431 -7.347880794884119e-17
0.38530740674377995 -1.2143375924940631 0.0830122741387462
0.33937441846720895 -1.2349653336613462 0.05534151609249744
0.34346519192255953 -1.2498514391846716 -7.347880794884119e-17
0.3311928715565076 -1.205193122614695 0.1660245482774925
0.28935065673528726 -1.2407069693053034 0.0830122741387462
0.33937441846720895 -1.2349653336613462 0.05534151609249744
0.38530740674377995 -1.2143375924940631 0.0830122741387462
0.2475084419140669 -1.276220815995912 -7.347880794884119e-17
0.34346519192255953 -1.2498514391846716 -7.347880794884119e-17
0.33937441846720895 -1.2349653336613462 0.05534151609249744
0.28935065673528726 -1.2407069693053034 0.0830122741387462
0.1321007077248849 0.6874818192946723 0.005922262471608096
0.15928273120889436 0.7121086078570771 -0.08701612213148
0.21172743508061787 0.6841263164710206 -0.0731196431392447
0.2243587752744749 0.6578217764967901 -0.019702211341582995
0.1864647546929038 0.7367353964194818 -0.1799545067345681
0.25154079875848434 0.6824485650591948 -0.11264059594467109
0.21172743508061787 0.6841263164710206 -0.0731196431392447
0.15928273120889436 0.7121086078570771 -0.08701612213148
0.3166168428240649 0.6281617336989078 -0.04532668515477409
0.2243587752744749 0.6578217764967901 -0.019702211341582995
0.21172743508061787 0.6841263164710206 -0.0731196431392447
0.25154079875848434 0.6824485650591948 -0.11264059594467109
0.3199511156124059 -0.694726749127105 -0.1863066011600608
0.40075677405886095 -0.7376076867089882 -0.23731198773373507
0.366252810509482 -0.7894744838967697 -0.25627961008583583
0.30859799951156497 -0.7939674136997188 -0.2402607279750491
0.481562432505316 -0.7804886242908715 -0.2883173743074094
0.38940365795802 -0.8368483512816021 -0.2912661145487234
0.366252810509482 -0.7894744838967697 -0.25627961008583583
0.40075677405886095 -0.7376076867089882 -0.23731198773373507
0.2972448834107241 -0.8932080782723325 -0.2942148547900374
0.30859799951156497 -0.7939674136997188 -0.2402607279750491
0.366252810509482 -0.7894744838967697 -0.25627961008583583
0.38940365795802 -0.8368483512816021 -0.2912661145487234
-0.3410139412596226 0.8928503142421993 -0.2967197189439788
-0.28882929329142526 0.9786887665761976 -0.2913698007288408
-0.23764189942179223 0.9483351739914915 -0.288274078270184
-0.23814052647107434 0.8902391515321392 -0.28940117614842464
-0.2366446453232279 1.064527218910196 -0.2860198825137028
-0.18595587850287698 0.9760776038661375 -0.2840512579332866
-0.23764189942179223 0.9483351739914915 -0.288274078270184
-0.28882929329142526 0.9786887665761976 -0.2913698007288408
-0.1352671116825261 0.887627988822079 -0.2820826333528704
-0.23814052647107434 0.8902391515321392 -0.28940117614842464
-0.23764189942179223 0.9483351739914915 -0.288274078270184
-0.18595587850287698 0.9760776038661375 -0.2840512579332866
0.7002551292230516 -0.1633834243176522 0.1052345975514775
0.6936026005046043 -0.17859742334914805 0.007698914562002196
0.6703406459349682 -0.22727253677092463 0.019759008846968126
0.6620359330093738 -0.244003093966065 0.07455689748418874
0.6869500717861571 -0.1938114223806439 -0.08983676842747311
0.6553834042909266 -0.25921709299756085 -0.02297878550528656
0.6703406459349682 -0.22727253677092463 0.019759008846968126
0.6936026005046043 -0.17859742334914805 0.007698914562002196
0.623816736795696 -0.3246227636144778 0.04387919741689999
0.6620359330093738 -0.244003093966065 0.07455689748418874
0.6703406459349682 -0.22727253677092463 0.019759008846968126
0.6553834042909266 -0.25921709299756085 -0.02297878550528656
-1.205753186432722 0.4859621933930017 -7.347880794884119e-17
-1.198688161568626 0.4315371102825367 -0.08301227413881629
-1.2210601247261212 0.3864279273797182 -0.05534151609254422
-1.235778618736917 0.3910858774835415 -7.347880794884119e-17
-1.19162313670453 0.3771120271720717 -0.1660245482776325
-1.228713593872821 0.3366607943730765 -0.08301227413881629
-1.2210601247261212 0.3864279273797182 -0.05534151609254422
-1.198688161568626 0.4315371102825367 -0.08301227413881629
-1.265804051041112 0.2962095615740813 -7.347880794884119e-17
-1.235778618736917 0.3910858774835415 -7.347880794884119e-17
-1.2210601247261212 0.3864279273797182 -0.05534151609254422
-1.228713593872821 0.3366607943730765 -0.08301227413881629
-1.002935933768527 -0.8271151750245261 -7.347880794884119e-17
-0.9522325056838865 -0.8486588889378559 -0.08060917100842044
-0.9231294738610032 -0.8892789886570872 -0.053739447338946984
-0.9339296719918819 -0.8988171815600381 -7.347880794884119e-17
-0.9015290775992459 -0.8702026028511858 -0.1612183420168408
-0.8832262439072414 -0.9203608954733679 -0.08060917100842044
-0.9231294738610032 -0.8892789886570872 -0.053739447338946984
-0.9522325056838865 -0.8486588889378559 -0.08060917100842044
-0.8649234102152368 -0.9705191880955499 -7.347880794884119e-17
-0.9339296719918819 -0.8988171815600381 -7.347880794884119e-17
-0.9231294738610032 -0.8892789886570872 -0.053739447338946984
-0.8832262439072414 -0.9203608954733679 -0.08060917100842044
0.1034480483515844 0.7596932356649813 0.1886082284455252
0.09731641836636482 0.8434737844529216 0.24036814297902087
0.03619519066820866 0.8367310178406356 0.24211464071535874
0.008700391811740371 0.7914693601405225 0.21710793231677983
0.09118478838114523 0.9272543332408619 0.2921280575125165
0.002568761826520785 0.8752499089284629 0.26886784685027554
0.03619519066820866 0.8367310178406356 0.24211464071535874
0.09731641836636482 0.8434737844529216 0.24036814297902087
-0.08604726472810366 0.8232454846160637 0.2456076361880345
0.008700391811740371 0.7914693601405225 0.21710793231677983
0.03619519066820866 0.8367310178406356 0.24211464071535874
0.002568761826520785 0.8752499089284629 0.26886784685027554
-0.8694126895719283 0.1254329894073641 0.2742570729795198
-0.8549215260437235 0.024826893157256384 0.26520469117170015
-0.8147150724775574 0.03689623725551164 0.22481223152275723
-0.8018574274585767 0.09323395742969312 0.20914219260219558
-0.8404303625155187 -0.07577920309285134 0.2561523093638805
-0.7873662639303719 -0.007372138820414601 0.20008981079437593
-0.8147150724775574 0.03689623725551164 0.22481223152275723
-0.8549215260437235 0.024826893157256384 0.26520469117170015
-0.7343021653452251 0.06103492545202214 0.1440273122248714
-0.8018574274585767 0.09323395742969312 0.20914219260219558
-0.8147150724775574 0.03689623725551164 0.22481223152275723
-0.7873662639303719 -0.007372138820414601 0.20008981079437593
0.04979355379704932 1.299046035366053 -7.347880794884119e-17
0.09656655886965332 1.2703355800511793 0.08301227413874616
0.14688051988445963 1.2722973253660899 0.05534151609249741
0.14865099785556082 1.287633425680982 -7.347880794884119e-17
0.1433395639422573 1.241625124736306 0.1660245482774924
0.1954240029281648 1.2589229703661085 0.08301227413874616
0.14688051988445963 1.2722973253660899 0.05534151609249741
0.09656655886965332 1.2703355800511793 0.08301227413874616
0.2475084419140723 1.276220815995911 -7.347880794884119e-17
0.14865099785556082 1.287633425680982 -7.347880794884119e-17
0.14688051988445963 1.2722973253660899 0.05534151609249741
0.1954240029281648 1.2589229703661085 0.08301227413874616
-1.296185541538863 0.09951402868744645 -7.347880794884119e-17
-1.274024860485192 0.04901935895207114 -0.08149232665931035
-1.281411754169749 -0.0004917702610999405 -0.05432821777287359
-1.296185541538863 2.1718737919229625e-15 -7.347880794884119e-17
-1.251864179431521 -0.001475310783304169 -0.1629846533186206
-1.274024860485192 -0.050494669735373136 -0.08149232665931035
-1.281411754169749 -0.0004917702610999405 -0.05432821777287359
-1.274024860485192 0.04901935895207114 -0.08149232665931035
-1.296185541538863 -0.09951402868744211 -7.347880794884119e-17
-1.296185541538863 2.1718737919229625e-15 -7.347880794884119e-17
-1.281411754169749 -0.0004917702610999405 -0.05432821777287359
-1.274024860485192 -0.050494669735373136 -0.08149232665931035
0.481562432505316 -0.7804886242908715 -0.2883173743074094
0.5702112406001187 -0.8410602592198679 -0.28234267263746554
0.5410797635582004 -0.8811038085577758 -0.2849977544503363
0.48218962098983986 -0.8708397657622315 -0.28931264619174357
0.6588600486949214 -0.9016318941488642 -0.2763679709675217
0.5708384290846427 -0.931411400691228 -0.2833379445217997
0.5410797635582004 -0.8811038085577758 -0.2849977544503363
0.5702112406001187 -0.8410602592198679 -0.28234267263746554
0.4828168094743638 -0.9611909072335917 -0.2903079180760778
0.48218962098983986 -0.8708397657622315 -0.28931264619174357
0.5410797635582004 -0.8811038085577758 -0.2849977544503363
0.5708384290846427 -0.931411400691228 -0.2833379445217997
-0.2180152967280576 0.6666347743043209 -0.0287321561335098
-0.23529657933222253 0.6960902676335764 0.08088778528053295
-0.2809304201450434 0.6661601643467895 0.08126404037623615
-0.29510669924937133 0.6364673660387683 0.026642197217066392
-0.2525778619363875 0.7255457609628319 0.1905077266945757
-0.3123879818535362 0.6659228593680238 0.13626213863110914
-0.2809304201450434 0.6661601643467895 0.08126404037623615
-0.23529657933222253 0.6960902676335764 0.08088778528053295
-0.372198101770685 0.6062999577732157 0.08201655056764258
-0.29510669924937133 0.6364673660387683 0.026642197217066392
-0.2809304201450434 0.6661601643467895 0.08126404037623615
-0.3123879818535362 0.6659228593680238 0.13626213863110914
-1.265804051041112 0.2962095615740813 -7.347880794884119e-17
-1.228713593872865 0.3366607943730905 0.0830122741387462
-1.2210601247261508 0.38642792737972753 0.05534151609249744
-1.235778618736917 0.3910858774835415 -7.347880794884119e-17
-1.191623136704618 0.3771120271720997 0.1660245482774925
-1.19868816156867 0.4315371102825507 0.0830122741387462
-1.2210601247261508 0.38642792737972753 0.05534151609249744
-1.228713593872865 0.3366607943730905 0.0830122741387462
-1.205753186432722 0.4859621933930017 -7.347880794884119e-17
-1.235778618736917 0.3910858774835415 -7.347880794884119e-17
-1.2210601247261508 0.38642792737972753 0.05534151609249744
-1.19868816156867 0.4315371102825507 0.0830122741387462
-0.344475952855657 1.253529544089084 -7.347880794884119e-17
-0.29122020281032523 1.2402694786662316 0.08301227413874626
-0.24384295287952262 1.2573205580066804 0.05534151609249748
-0.2467822029367872 1.272476130388331 -7.347880794884119e-17
-0.2379644527649935 1.227009413243379 0.1660245482774926
-0.19352645289145545 1.2592160649654787 0.08301227413874626
-0.24384295287952262 1.2573205580066804 0.05534151609249748
-0.29122020281032523 1.2402694786662316 0.08301227413874626
-0.1490884530179174 1.291422716687578 -7.347880794884119e-17
-0.2467822029367872 1.272476130388331 -7.347880794884119e-17
-0.24384295287952262 1.2573205580066804 0.05534151609249748
-0.19352645289145545 1.2592160649654787 0.08301227413874626
