x y z
-0.7826827848795628 -0.640106007969932 -0.2997944911684415
-0.8374193329956028 -0.6876823531546867 -0.2779943331114568
-0.8784860094872563 -0.6422567750086671 -0.27867265894578414
-0.8716510736750631 -0.5957558133432799 -0.28991190089144014
-0.8921558811116428 -0.7352586983394416 -0.2561941750544721
-0.9263876217911031 -0.6433321585280347 -0.2681117428344555
-0.8784860094872563 -0.6422567750086671 -0.27867265894578414
-0.8374193329956028 -0.6876823531546867 -0.2779943331114568
-0.9606193624705635 -0.5514056187166279 -0.2800293106144388
-0.8716510736750631 -0.5957558133432799 -0.28991190089144014
-0.8784860094872563 -0.6422567750086671 -0.27867265894578414
-0.9263876217911031 -0.6433321585280347 -0.2681117428344555
-0.276363455435127 1.072680861573735 0.2799975000375032
-0.18594498130125786 1.1078358071440881 0.2707639538391466
-0.20328480512250305 1.1475603425105183 0.23585081865192858
-0.25716395410006027 1.149845137408557 0.2230110241574979
-0.09552650716738868 1.142990752714441 0.26153040764079
-0.1667454799661911 1.18500008297891 0.21377747795914132
-0.20328480512250305 1.1475603425105183 0.23585081865192858
-0.18594498130125786 1.1078358071440881 0.2707639538391466
-0.2379644527649935 1.227009413243379 0.1660245482774926
-0.25716395410006027 1.149845137408557 0.2230110241574979
-0.20328480512250305 1.1475603425105183 0.23585081865192858
-0.1667454799661911 1.18500008297891 0.21377747795914132
-1.08175700398899 0.2214722606385171 -0.2813241064891501
-1.0669890824654575 0.3187014578001467 -0.2754973457101385
-1.0118518630096995 0.3136134714520993 -0.2823368940260287
-0.9916672140435867 0.2624548796972608 -0.2886700485734796
-1.052221160941925 0.4159306549617763 -0.2696705849311269
-0.9768992925200541 0.35968407685889037 -0.282843287794468
-1.0118518630096995 0.3136134714520993 -0.2823368940260287
-1.0669890824654575 0.3187014578001467 -0.2754973457101385
-0.9015774240981834 0.3034374987560044 -0.2960159906578091
-0.9916672140435867 0.2624548796972608 -0.2886700485734796
-1.0118518630096995 0.3136134714520993 -0.2823368940260287
-0.9768992925200541 0.35968407685889037 -0.282843287794468
-0.7066378150015891 -1.091175053971534 -7.347880794884119e-17
-0.6564325813298322 -1.099213201032359 -0.07275753264804764
-0.6148847969941359 -1.128227034494744 -0.04850502176536512
-0.6192135216621661 -1.138714877695524 -7.347880794884119e-17
-0.6062273476580752 -1.107251348093184 -0.1455150652960952
-0.5690082879904093 -1.1467530247563489 -0.07275753264804764
-0.6148847969941359 -1.128227034494744 -0.04850502176536512
-0.6564325813298322 -1.099213201032359 -0.07275753264804764
-0.5317892283227432 -1.186254701419514 -7.347880794884119e-17
-0.6192135216621661 -1.138714877695524 -7.347880794884119e-17
-0.6148847969941359 -1.128227034494744 -0.04850502176536512
-0.5690082879904093 -1.1467530247563489 -0.07275753264804764
0.8425174578886259 0.4181219617812107 0.2940534395782373
0.8853814763718151 0.5040697082712859 0.28846732615088533
0.8403645555242072 0.5228978627006149 0.29005286325161156
0.7964240858588088 0.4893380666702417 0.29363868851565067
0.9282454948550044 0.5900174547613611 0.2828812127235333
0.839288104341998 0.5752858131603169 0.2880525750882987
0.8403645555242072 0.5228978627006149 0.29005286325161156
0.8853814763718151 0.5040697082712859 0.28846732615088533
0.7503307138289915 0.5605541715592728 0.2932239374530641
0.7964240858588088 0.4893380666702417 0.29363868851565067
0.8403645555242072 0.5228978627006149 0.29005286325161156
0.839288104341998 0.5752858131603169 0.2880525750882987
1.242705098312483 -3.04374964186496e-16 -0.1763355756877428
1.2530908622030645 0.06704298490760895 -0.15295783431529045
1.2687272414687099 0.044695323271739196 -0.10197188954352698
1.2713525491562416 -3.1139156598240397e-16 -0.08816778784387144
1.263476626093646 0.1340859698152182 -0.1295800929428381
1.281738313046823 0.06704298490760895 -0.06479004647141909
1.2687272414687099 0.044695323271739196 -0.10197188954352698
1.2530908622030645 0.06704298490760895 -0.15295783431529045
1.3 -3.184081677783119e-16 -7.347880794884119e-17
1.2713525491562416 -3.1139156598240397e-16 -0.08816778784387144
1.2687272414687099 0.044695323271739196 -0.10197188954352698
1.281738313046823 0.06704298490760895 -0.06479004647141909
1.242705098312484 -3.043749641864962e-16 0.1763355756877418
1.25309086220309 -0.06704298490761415 0.1529578343152379
1.2687272414687267 -0.044695323271742866 0.10197188954349191
1.271352549156242 -3.1139156598240406e-16 0.08816778784387086
1.263476626093696 -0.134085969815228 0.129580092942734
1.281738313046848 -0.06704298490761415 0.06479004647136696
1.2687272414687267 -0.044695323271742866 0.10197188954349191
1.25309086220309 -0.06704298490761415 0.1529578343152379
1.3 -3.184081677783119e-16 -7.347880794884119e-17
1.271352549156242 -3.1139156598240406e-16 0.08816778784387086
1.2687272414687267 -0.044695323271742866 0.10197188954349191
1.281738313046848 -0.06704298490761415 0.06479004647136696
-0.8942508420987371 0.5070940765607928 -0.2986884240164853
-0.8868211244051742 0.596880176973482 -0.2877349439919539
-0.8321435638669187 0.6020602151909443 -0.2902715440468962
-0.8085196424445722 0.5597571840933309 -0.2970165840866331
-0.8793914067116114 0.6866662773861711 -0.2767814639674225
-0.8010899247510095 0.6495432845060201 -0.28606310406210167
-0.8321435638669187 0.6020602151909443 -0.2902715440468962
-0.8868211244051742 0.596880176973482 -0.2877349439919539
-0.7227884427904074 0.6124202916258691 -0.2953447441567809
-0.8085196424445722 0.5597571840933309 -0.2970165840866331
-0.8321435638669187 0.6020602151909443 -0.2902715440468962
-0.8010899247510095 0.6495432845060201 -0.28606310406210167
-0.7942485011295782 -0.4451610205078597 -0.2863365950339039
-0.7280162074104165 -0.49180984032613917 -0.2739738505448256
-0.746238399900132 -0.5412418962074034 -0.2825807307526976
-0.7884656430045704 -0.5426335142388958 -0.2930655431011727
-0.6617839136912548 -0.5384586601444187 -0.2616111060557472
-0.7222333492854087 -0.5892823340571753 -0.28070279861209435
-0.746238399900132 -0.5412418962074034 -0.2825807307526976
-0.7280162074104165 -0.49180984032613917 -0.2739738505448256
-0.7826827848795628 -0.640106007969932 -0.2997944911684415
-0.7884656430045704 -0.5426335142388958 -0.2930655431011727
-0.746238399900132 -0.5412418962074034 -0.2825807307526976
-0.7222333492854087 -0.5892823340571753 -0.28070279861209435
-0.7396083433723641 0.8117427977336987 -0.2834878753108042
-0.6741202516894509 0.7631791596614205 -0.2885764048896635
-0.6903429820564364 0.71292620364957 -0.29083251797870263
-0.7311983930813858 0.7120815446797839 -0.28941630973379256
-0.6086321600065375 0.7146155215891422 -0.2936649344685228
-0.6657103013984724 0.6635179066075056 -0.29450483931265187
-0.6903429820564364 0.71292620364957 -0.29083251797870263
-0.6741202516894509 0.7631791596614205 -0.2885764048896635
-0.7227884427904074 0.6124202916258691 -0.2953447441567809
-0.7311983930813858 0.7120815446797839 -0.28941630973379256
-0.6903429820564364 0.71292620364957 -0.29083251797870263
-0.6657103013984724 0.6635179066075056 -0.29450483931265187
0.2972448834107241 -0.8932080782723325 -0.2942148547900374
0.2096734276555635 -0.9191638445230688 -0.2952531168845214
0.17467960781255698 -0.8735682743886349 -0.26803687441768353
0.20096842576863405 -0.8377926061960499 -0.2539096221370226
0.1221019719004029 -0.945119610773805 -0.2962913789790053
0.11339697001347344 -0.863748372446786 -0.2549478842315066
0.17467960781255698 -0.8735682743886349 -0.26803687441768353
0.2096734276555635 -0.9191638445230688 -0.2952531168845214
0.104691968126544 -0.7823771341197672 -0.2136043894840079
0.20096842576863405 -0.8377926061960499 -0.2539096221370226
0.17467960781255698 -0.8735682743886349 -0.26803687441768353
0.11339697001347344 -0.863748372446786 -0.2549478842315066
-1.097529460820717 -0.3320954294701152 0.2617004350466728
-1.1496459834882105 -0.25450661176818645 0.23560872688004353
-1.1651943132654239 -0.29376564417734846 0.21087450444830647
-1.146910216820284 -0.3521895692328938 0.2115532473157526
-1.201762506155704 -0.1769177940662577 0.2095170187134143
-1.1990267394877776 -0.2746007515309651 0.18546153914912333
-1.1651943132654239 -0.29376564417734846 0.21087450444830647
-1.1496459834882105 -0.25450661176818645 0.23560872688004353
-1.196290972819851 -0.3722837089956724 0.1614060595848324
-1.146910216820284 -0.3521895692328938 0.2115532473157526
-1.1651943132654239 -0.29376564417734846 0.21087450444830647
-1.1990267394877776 -0.2746007515309651 0.18546153914912333
0.09523857193034625 1.193407302519562 -0.2260786979646109
0.12544453397028626 1.2317478774299735 -0.16742034945978046
0.1847423259337352 1.2214955924276096 -0.1721842755468789
0.19928824089548966 1.197199162471222 -0.20389541284284335
0.1556504960102263 1.270088452340385 -0.10876200095495
0.2294942029354297 1.2355397373816335 -0.14523706433801292
0.1847423259337352 1.2214955924276096 -0.1721842755468789
0.12544453397028626 1.2317478774299735 -0.16742034945978046
0.3033379098606331 1.200991022422882 -0.1817121277210758
0.19928824089548966 1.197199162471222 -0.20389541284284335
0.1847423259337352 1.2214955924276096 -0.1721842755468789
0.2294942029354297 1.2355397373816335 -0.14523706433801292
-0.7377511327617142 -0.8389508166869031 -0.2761635827935107
-0.8149535069366785 -0.7871047575131723 -0.2661788789239914
-0.8041965995843064 -0.7381051743320922 -0.27738408300547474
-0.7602169588206384 -0.7395284123284176 -0.2879790369809761
-0.8921558811116428 -0.7352586983394416 -0.2561941750544721
-0.8374193329956028 -0.6876823531546867 -0.2779943331114568
-0.8041965995843064 -0.7381051743320922 -0.27738408300547474
-0.8149535069366785 -0.7871047575131723 -0.2661788789239914
-0.7826827848795628 -0.640106007969932 -0.2997944911684415
-0.7602169588206384 -0.7395284123284176 -0.2879790369809761
-0.8041965995843064 -0.7381051743320922 -0.27738408300547474
-0.8374193329956028 -0.6876823531546867 -0.2779943331114568
0.9097398581212318 0.2728173022328312 0.2957643796277294
0.8221676930509456 0.27227310914818226 0.2515833684447024
0.8209576747592822 0.23446706100288103 0.25097608364993135
0.8641387481485936 0.21583613347255484 0.27276294684405933
0.7345955279806594 0.2717289160635333 0.2074023572616754
0.7765665830783074 0.2152919403879059 0.22858193566103235
0.8209576747592822 0.23446706100288103 0.25097608364993135
0.8221676930509456 0.27227310914818226 0.2515833684447024
0.8185376381759554 0.1588549647122785 0.2497615140603893
0.8641387481485936 0.21583613347255484 0.27276294684405933
0.8209576747592822 0.23446706100288103 0.25097608364993135
0.7765665830783074 0.2152919403879059 0.22858193566103235
0.8431146806343897 -0.6119568206113154 -0.2970745876794334
0.8992897391784888 -0.6435911236800234 -0.2721378349144758
0.872929051356622 -0.6908836205598736 -0.2706185211781384
0.831661178173639 -0.6987127174654447 -0.2823272406924485
0.9554647977225879 -0.6752254267487314 -0.2472010821495182
0.8878362367177381 -0.7303470205341527 -0.25739048792749086
0.872929051356622 -0.6908836205598736 -0.2706185211781384
0.8992897391784888 -0.6435911236800234 -0.2721378349144758
0.8202076757128884 -0.785468614319574 -0.2675798937054636
0.831661178173639 -0.6987127174654447 -0.2823272406924485
0.872929051356622 -0.6908836205598736 -0.2706185211781384
0.8878362367177381 -0.7303470205341527 -0.25739048792749086
-0.7627535496130167 -0.9948240468241061 0.160300227800525
-0.6961136866019513 -0.9828866335965123 0.20792541477285933
-0.7172580652486151 -0.9305280218311281 0.22997520917094538
-0.7611501860774799 -0.9103174225622328 0.21718751288382124
-0.629473823590886 -0.9709492203689184 0.2555506017451937
-0.6945103230664145 -0.898380009334639 0.2648126998561556
-0.7172580652486151 -0.9305280218311281 0.22997520917094538
-0.6961136866019513 -0.9828866335965123 0.20792541477285933
-0.759546822541943 -0.8258107983003596 0.2740747979671175
-0.7611501860774799 -0.9103174225622328 0.21718751288382124
-0.7172580652486151 -0.9305280218311281 0.22997520917094538
-0.6945103230664145 -0.898380009334639 0.2648126998561556
0.8431146806343897 -0.6119568206113154 -0.2970745876794334
0.831661178173639 -0.6987127174654447 -0.2823272406924485
0.7704794426775147 -0.6943012812558386 -0.28641994987379377
0.745615326159828 -0.6487176147239708 -0.29583997795795886
0.8202076757128884 -0.785468614319574 -0.2675798937054636
0.7341618236990773 -0.7354735115781001 -0.2810926309709739
0.7704794426775147 -0.6943012812558386 -0.28641994987379377
0.831661178173639 -0.6987127174654447 -0.2823272406924485
0.6481159716852662 -0.6854784088366263 -0.2946053682364843
0.745615326159828 -0.6487176147239708 -0.29583997795795886
0.7704794426775147 -0.6943012812558386 -0.28641994987379377
0.7341618236990773 -0.7354735115781001 -0.2810926309709739
-0.7547376480470438 -1.000039166360128 -0.1614060595848293
-0.6804824978525594 -1.053645257226656 -0.15346056244046224
-0.6892009369022359 -1.0661551894749486 -0.10230704162697485
-0.7306877315243164 -1.045607110165831 -0.08070302979241468
-0.6062273476580752 -1.107251348093184 -0.1455150652960952
-0.6564325813298322 -1.099213201032359 -0.07275753264804764
-0.6892009369022359 -1.0661551894749486 -0.10230704162697485
-0.6804824978525594 -1.053645257226656 -0.15346056244046224
-0.7066378150015891 -1.091175053971534 -7.347880794884119e-17
-0.7306877315243164 -1.045607110165831 -0.08070302979241468
-0.6892009369022359 -1.0661551894749486 -0.10230704162697485
-0.6564325813298322 -1.099213201032359 -0.07275753264804764
-0.8253787977011056 0.6410983280336954 0.2965889209467713
-0.8552539312857946 0.7025852514800176 0.27212691453947074
-0.8983189410375169 0.6706246668751324 0.2667560790999282
-0.9049138791210334 0.6239009128495286 0.2763016645838072
-0.8851290648704837 0.7640721749263398 0.2476649081321702
-0.9347890127057225 0.6853878362958509 0.25183965817650666
-0.8983189410375169 0.6706246668751324 0.2667560790999282
-0.8552539312857946 0.7025852514800176 0.27212691453947074
-0.9844489605409612 0.6067034976653619 0.2560144082208431
-0.9049138791210334 0.6239009128495286 0.2763016645838072
-0.8983189410375169 0.6706246668751324 0.2667560790999282
-0.9347890127057225 0.6853878362958509 0.25183965817650666
-0.4479722583313861 0.7266468143378695 -0.2618733162720688
-0.5283022091689618 0.7206311679635058 -0.2777691253702958
-0.5382507229548154 0.7821878765321095 -0.2829113308398839
-0.5030600044289544 0.8159740540035934 -0.2775345290255645
-0.6086321600065375 0.7146155215891422 -0.2936649344685228
-0.5833899552665301 0.8099584076292297 -0.2934303381237915
-0.5382507229548154 0.7821878765321095 -0.2829113308398839
-0.5283022091689618 0.7206311679635058 -0.2777691253702958
-0.5581477505265228 0.9053012936693172 -0.2931957417790602
-0.5030600044289544 0.8159740540035934 -0.2775345290255645
-0.5382507229548154 0.7821878765321095 -0.2829113308398839
-0.5833899552665301 0.8099584076292297 -0.2934303381237915
1.164617168042595 -0.4699671779373095 -0.1566269515780609
1.195495183741465 -0.38534855407847396 -0.1507442645751275
1.2101352257181133 -0.3876446287768993 -0.10049617638341835
1.2020162388570026 -0.4311019780555298 -0.07831347578903049
1.226373199440335 -0.3007299302196384 -0.1448615775721941
1.2328942545558725 -0.34648335419669424 -0.07243078878609709
1.2101352257181133 -0.3876446287768993 -0.10049617638341835
1.195495183741465 -0.38534855407847396 -0.1507442645751275
1.23941530967141 -0.3922367781737501 -7.347880794884119e-17
1.2020162388570026 -0.4311019780555298 -0.07831347578903049
1.2101352257181133 -0.3876446287768993 -0.10049617638341835
1.2328942545558725 -0.34648335419669424 -0.07243078878609709
-0.7490683027976873 0.8279339079941141 0.2764546304898128
-0.6895358538369714 0.9000400952480998 0.2656029498374253
-0.7123219940348794 0.9314479599202902 0.23225233597556727
-0.7534812886141914 0.9110987986293925 0.22100286937083202
-0.6300034048762555 0.9721462825020856 0.2547512691850378
-0.6939488396534754 0.9832049858833782 0.21015118871844457
-0.7123219940348794 0.9314479599202902 0.23225233597556727
-0.6895358538369714 0.9000400952480998 0.2656029498374253
-0.7578942744306955 0.9942636892646708 0.1655511082518513
-0.7534812886141914 0.9110987986293925 0.22100286937083202
-0.7123219940348794 0.9314479599202902 0.23225233597556727
-0.6939488396534754 0.9832049858833782 0.21015118871844457
1.16428277749664 0.4627665347218596 0.1614060595848752
1.1947170139973575 0.38034019986928164 0.15479103890692014
1.2096164458887084 0.3843057259707709 0.10319402593794674
1.201849043584025 0.42750165644780447 0.08070302979243756
1.225151250498075 0.2979138650167037 0.1481760182289651
1.2322832800847425 0.3450753215952266 0.0740880091144825
1.2096164458887084 0.3843057259707709 0.10319402593794674
1.1947170139973575 0.38034019986928164 0.15479103890692014
1.23941530967141 0.3922367781737494 -7.347880794884119e-17
1.201849043584025 0.42750165644780447 0.08070302979243756
1.2096164458887084 0.3843057259707709 0.10319402593794674
1.2322832800847425 0.3450753215952266 0.0740880091144825
-0.9015290775992459 -0.8702026028511858 -0.1612183420168408
-0.8968424793554444 -0.8027306505953137 -0.20870625853565644
-0.8438120304908677 -0.8148040392925102 -0.23119203328827453
-0.81964010518048 -0.8545767097690444 -0.21869096240517577
-0.8921558811116428 -0.7352586983394416 -0.2561941750544721
-0.8149535069366785 -0.7871047575131723 -0.2661788789239914
-0.8438120304908677 -0.8148040392925102 -0.23119203328827453
-0.8968424793554444 -0.8027306505953137 -0.20870625853565644
-0.7377511327617142 -0.8389508166869031 -0.2761635827935107
-0.81964010518048 -0.8545767097690444 -0.21869096240517577
-0.8438120304908677 -0.8148040392925102 -0.23119203328827453
-0.8149535069366785 -0.7871047575131723 -0.2661788789239914
1.084743808357191 -0.3251832679151462 -0.2691848301423784
0.9968265875442731 -0.30253344838816676 -0.28258023531690013
0.9992209897109566 -0.25300838740759735 -0.2882489957199854
1.0443768012007575 -0.23957076668080235 -0.2843856733342672
0.9089093667313553 -0.2798836288611873 -0.2959756404914219
0.9564595803878396 -0.21692094715382287 -0.29778107850878893
0.9992209897109566 -0.25300838740759735 -0.2882489957199854
0.9968265875442731 -0.30253344838816676 -0.28258023531690013
1.004009794044324 -0.1539582654464585 -0.299586516526156
1.0443768012007575 -0.23957076668080235 -0.2843856733342672
0.9992209897109566 -0.25300838740759735 -0.2882489957199854
0.9564595803878396 -0.21692094715382287 -0.29778107850878893
-0.9844489605409612 0.6067034976653619 0.2560144082208431
-0.9347890127057225 0.6853878362958509 0.25183965817650666
-0.963961586019665 0.6966167216015001 0.22323462154350202
-1.0033778465942556 0.6628889949390804 0.2110194782491679
-0.8851290648704837 0.7640721749263398 0.2476649081321702
-0.9537178987590168 0.7415733335695693 0.20684472820483146
-0.963961586019665 0.6966167216015001 0.22323462154350202
-0.9347890127057225 0.6853878362958509 0.25183965817650666
-1.02230673264755 0.7190744922127988 0.1660245482774927
-1.0033778465942556 0.6628889949390804 0.2110194782491679
-0.963961586019665 0.6966167216015001 0.22323462154350202
-0.9537178987590168 0.7415733335695693 0.20684472820483146
1.056653873819171 -0.6190633208590017 0.1988324972893212
0.9852755951206003 -0.6468093257712759 0.23314680825866102
0.973839813575236 -0.6987597541166141 0.21341036010506878
1.0038110621518392 -0.710861965833146 0.18638498054360275
0.9138973164220295 -0.6745553306835501 0.2674611192280008
0.9324327834532685 -0.7386079707454202 0.22069929151294254
0.973839813575236 -0.6987597541166141 0.21341036010506878
0.9852755951206003 -0.6468093257712759 0.23314680825866102
0.9509682504845075 -0.8026606108072902 0.1739374637978843
1.0038110621518392 -0.710861965833146 0.18638498054360275
0.973839813575236 -0.6987597541166141 0.21341036010506878
0.9324327834532685 -0.7386079707454202 0.22069929151294254
0.8990674081830454 0.3178207923141003 -0.2963883140160283
0.9515332224796113 0.39827021109143335 -0.28729053339968047
0.9960746062689302 0.3756291926852298 -0.28094271239753865
0.9921123910153067 0.32408397409346157 -0.28231769220464165
1.003999036776177 0.4787196298687664 -0.2781927527833327
1.0445782053118724 0.40453339287079465 -0.27321991158829384
0.9960746062689302 0.3756291926852298 -0.28094271239753865
0.9515332224796113 0.39827021109143335 -0.28729053339968047
1.085157373847568 0.3303471558728229 -0.268247070393255
0.9921123910153067 0.32408397409346157 -0.28231769220464165
0.9960746062689302 0.3756291926852298 -0.28094271239753865
1.0445782053118724 0.40453339287079465 -0.27321991158829384
0.3311928715565076 -1.205193122614695 0.1660245482774925
0.24392154359482632 -1.2370670059333355 0.13868270756711004
0.24511717636790653 -1.2501182759541944 0.09245513837807334
0.28935065673528726 -1.2407069693053034 0.0830122741387462
0.156650215633145 -1.268940889251976 0.1113408668567276
0.20207932877360596 -1.272580852623944 0.055670433428363766
0.24511717636790653 -1.2501182759541944 0.09245513837807334
0.24392154359482632 -1.2370670059333355 0.13868270756711004
0.2475084419140669 -1.276220815995912 -7.347880794884119e-17
0.28935065673528726 -1.2407069693053034 0.0830122741387462
0.24511717636790653 -1.2501182759541944 0.09245513837807334
0.20207932877360596 -1.272580852623944 0.055670433428363766
0.04979355379704467 -1.299046035366053 -7.347880794884119e-17
0.10322188471509483 -1.2839934623090143 0.055670433428363766
0.06355733544029189 -1.2781124484430075 0.08306664987875745
0.01701089534386535 -1.2826982280385235 0.06892954138977236
0.156650215633145 -1.268940889251976 0.1113408668567276
0.07043922626191551 -1.267645654981485 0.1245999748181362
0.06355733544029189 -1.2781124484430075 0.08306664987875745
0.10322188471509483 -1.2839934623090143 0.055670433428363766
-0.01577176310931397 -1.266350420710994 0.1378590827795448
0.01701089534386535 -1.2826982280385235 0.06892954138977236
0.06355733544029189 -1.2781124484430075 0.08306664987875745
0.07043922626191551 -1.267645654981485 0.1245999748181362
-0.5581477505265228 0.9053012936693172 -0.2931957417790602
-0.49567328381647807 0.9703198301507077 -0.28356456361900706
-0.4441201696308596 0.944496658181205 -0.2879496153939976
-0.4495808458930727 0.8990758039557583 -0.2949577303615195
-0.4331988171064334 1.035338366632098 -0.2739333854589539
-0.387106379183028 0.9640943404371487 -0.28532655220146635
-0.4441201696308596 0.944496658181205 -0.2879496153939976
-0.49567328381647807 0.9703198301507077 -0.28356456361900706
-0.3410139412596226 0.8928503142421993 -0.2967197189439788
-0.4495808458930727 0.8990758039557583 -0.2949577303615195
-0.4441201696308596 0.944496658181205 -0.2879496153939976
-0.387106379183028 0.9640943404371487 -0.28532655220146635
-1.052221160941925 0.4159306549617763 -0.2696705849311269
-1.0318140965398919 0.4977438576586571 -0.25988247776403295
-0.9859596783928403 0.5008605972927023 -0.27281779318151705
-0.973236001520331 0.4615123657612845 -0.28417950447380613
-1.011407032137859 0.5795570603555379 -0.250094370596939
-0.9528289371182981 0.5433255684581653 -0.27439139730671214
-0.9859596783928403 0.5008605972927023 -0.27281779318151705
-1.0318140965398919 0.4977438576586571 -0.25988247776403295
-0.8942508420987371 0.5070940765607928 -0.2986884240164853
-0.973236001520331 0.4615123657612845 -0.28417950447380613
-0.9859596783928403 0.5008605972927023 -0.27281779318151705
-0.9528289371182981 0.5433255684581653 -0.27439139730671214
-1.065142614947569 0.2259436981524519 0.2865430153144973
-1.0387144844508054 0.1303775587180859 0.2931330966861693
-0.982280552824513 0.12872936894784529 0.2868410887839528
-0.9672776522597486 0.175688343779908 0.28040004414700853
-1.012286353954042 0.0348114192837199 0.2997231780578414
-0.9408495217629852 0.080122204345542 0.2869901255186806
-0.982280552824513 0.12872936894784529 0.2868410887839528
-1.0387144844508054 0.1303775587180859 0.2931330966861693
-0.8694126895719283 0.1254329894073641 0.2742570729795198
-0.9672776522597486 0.175688343779908 0.28040004414700853
-0.982280552824513 0.12872936894784529 0.2868410887839528
-0.9408495217629852 0.080122204345542 0.2869901255186806
-0.5532476459103886 0.8519558510866266 0.2995820310349577
-0.591625525393322 0.9120510667943561 0.27716665010999775
-0.644106451194777 0.8840120138609421 0.2769293102366028
-0.6511579743540379 0.8399448795403703 0.28801833076238526
-0.6300034048762555 0.9721462825020856 0.2547512691850378
-0.6895358538369714 0.9000400952480998 0.2656029498374253
-0.644106451194777 0.8840120138609421 0.2769293102366028
-0.591625525393322 0.9120510667943561 0.27716665010999775
-0.7490683027976873 0.8279339079941141 0.2764546304898128
-0.6511579743540379 0.8399448795403703 0.28801833076238526
-0.644106451194777 0.8840120138609421 0.2769293102366028
-0.6895358538369714 0.9000400952480998 0.2656029498374253
1.225151250498075 0.2979138650167037 0.1481760182289651
1.1550982197719484 0.29289906298570967 0.21099359189540215
1.1608947579314302 0.24872058862392363 0.21979877345142484
1.1988195423742345 0.2291387524585276 0.1927925773962177
1.085045189045822 0.2878842609547156 0.2738111655618392
1.128766511648108 0.22412395042753352 0.2556101510626547
1.1608947579314302 0.24872058862392363 0.21979877345142484
1.1550982197719484 0.29289906298570967 0.21099359189540215
1.172487834250394 0.1603636399003515 0.2374091365634703
1.1988195423742345 0.2291387524585276 0.1927925773962177
1.1608947579314302 0.24872058862392363 0.21979877345142484
1.128766511648108 0.22412395042753352 0.2556101510626547
-0.5970884653491988 1.098027570471044 0.1660245482774925
-0.6135459351127271 1.0350869264865648 0.21038790873126517
-0.559238790289474 1.0272716516107334 0.23362237150773676
-0.5238564829960832 1.0548343361650576 0.2230579226690862
-0.6300034048762555 0.9721462825020856 0.2547512691850378
-0.5403139527596116 0.9918936921805783 0.26742128312285884
-0.559238790289474 1.0272716516107334 0.23362237150773676
-0.6135459351127271 1.0350869264865648 0.21038790873126517
-0.4506245006429676 1.011641101859071 0.2800912970606799
-0.5238564829960832 1.0548343361650576 0.2230579226690862
-0.559238790289474 1.0272716516107334 0.23362237150773676
-0.5403139527596116 0.9918936921805783 0.26742128312285884
0.7008789302085607 -0.491379970411555 -0.2631644202619469
0.7719968054214752 -0.5516683955114352 -0.2801195039706902
0.7307031941760722 -0.5962717332864989 -0.28494812539262154
0.6744974509469135 -0.5884291896240906 -0.2788848942492156
0.8431146806343897 -0.6119568206113154 -0.2970745876794334
0.745615326159828 -0.6487176147239708 -0.29583997795795886
0.7307031941760722 -0.5962717332864989 -0.28494812539262154
0.7719968054214752 -0.5516683955114352 -0.2801195039706902
0.6481159716852662 -0.6854784088366263 -0.2946053682364843
0.6744974509469135 -0.5884291896240906 -0.2788848942492156
0.7307031941760722 -0.5962717332864989 -0.28494812539262154
0.745615326159828 -0.6487176147239708 -0.29583997795795886
-1.121847433772544 -0.5593970692563878 -0.1603009318434497
-1.101663822514668 -0.4977878078612301 -0.20505239097373926
-1.0546490024999666 -0.515660411479696 -0.23004469752063908
-1.0412333981215536 -0.5554013439865078 -0.22016512122894427
-1.081480211256792 -0.4361785464660725 -0.2498038501040288
-1.0210497868636779 -0.4937920825913502 -0.2649165803592338
-1.0546490024999666 -0.515660411479696 -0.23004469752063908
-1.101663822514668 -0.4977878078612301 -0.20505239097373926
-0.9606193624705635 -0.5514056187166279 -0.2800293106144388
-1.0412333981215536 -0.5554013439865078 -0.22016512122894427
-1.0546490024999666 -0.515660411479696 -0.23004469752063908
-1.0210497868636779 -0.4937920825913502 -0.2649165803592338
0.04979355379704467 -1.299046035366053 -7.347880794884119e-17
0.01701089534386535 -1.2826982280385235 0.06892954138977236
-0.03835555411006387 -1.2856063909215412 0.045953027593181546
-0.04964744961043882 -1.2952343760268148 -7.347880794884119e-17
-0.01577176310931397 -1.266350420710994 0.1378590827795448
-0.08243010806361814 -1.2788865686992854 0.06892954138977236
-0.03835555411006387 -1.2856063909215412 0.045953027593181546
0.01701089534386535 -1.2826982280385235 0.06892954138977236
-0.1490884530179223 -1.291422716687577 -7.347880794884119e-17
-0.04964744961043882 -1.2952343760268148 -7.347880794884119e-17
-0.03835555411006387 -1.2856063909215412 0.045953027593181546
-0.08243010806361814 -1.2788865686992854 0.06892954138977236
-0.4506245006429676 1.011641101859071 0.2800912970606799
-0.5403139527596116 0.9918936921805783 0.26742128312285884
-0.5446251838098706 0.9452477451492611 0.2781415324268918
-0.5019360732766781 0.9317984764728489 0.2898366640478188
-0.6300034048762555 0.9721462825020856 0.2547512691850378
-0.591625525393322 0.9120510667943561 0.27716665010999775
-0.5446251838098706 0.9452477451492611 0.2781415324268918
-0.5403139527596116 0.9918936921805783 0.26742128312285884
-0.5532476459103886 0.8519558510866266 0.2995820310349577
-0.5019360732766781 0.9317984764728489 0.2898366640478188
-0.5446251838098706 0.9452477451492611 0.2781415324268918
-0.591625525393322 0.9120510667943561 0.27716665010999775
-0.2379644527649935 1.227009413243379 0.1660245482774926
-0.1667454799661911 1.18500008297891 0.21377747795914132
-0.12508931789235525 1.2071346465736408 0.1967248418815268
-0.13987072325483854 1.2392065935032406 0.1643220590018952
-0.09552650716738868 1.142990752714441 0.26153040764079
-0.06865175045603614 1.1971972632387715 0.2120749886835439
-0.12508931789235525 1.2071346465736408 0.1967248418815268
-0.1667454799661911 1.18500008297891 0.21377747795914132
-0.04177699374468358 1.251403773763102 0.1626195697262978
-0.13987072325483854 1.2392065935032406 0.1643220590018952
-0.12508931789235525 1.2071346465736408 0.1967248418815268
-0.06865175045603614 1.1971972632387715 0.2120749886835439
1.004009794044324 -0.1539582654464585 -0.299586516526156
0.9564595803878396 -0.21692094715382287 -0.29778107850878893
0.9104855996512512 -0.19756561967349698 -0.28177455702647436
0.911273716111199 -0.15640661507965184 -0.2746740152940006
0.9089093667313553 -0.2798836288611873 -0.2959756404914219
0.8637235024547147 -0.21936929678701622 -0.27286857727663355
0.9104855996512512 -0.19756561967349698 -0.28177455702647436
0.9564595803878396 -0.21692094715382287 -0.29778107850878893
0.8185376381780741 -0.1588549647128452 -0.2497615140618452
0.911273716111199 -0.15640661507965184 -0.2746740152940006
0.9104855996512512 -0.19756561967349698 -0.28177455702647436
0.8637235024547147 -0.21936929678701622 -0.27286857727663355
1.080394716610322 -0.6389082404169869 -0.1577571061472756
1.017929757166455 -0.6570668335828591 -0.20247909414839688
1.0160058567366572 -0.6038896061311337 -0.22545334616920773
1.046276386243692 -0.568221695822335 -0.21457947817905249
0.9554647977225879 -0.6752254267487314 -0.2472010821495182
0.9838114267998249 -0.5863802889882073 -0.2593014661801738
1.0160058567366572 -0.6038896061311337 -0.22545334616920773
1.017929757166455 -0.6570668335828591 -0.20247909414839688
1.012158055877062 -0.497535151227683 -0.2714018502108294
1.046276386243692 -0.568221695822335 -0.21457947817905249
1.0160058567366572 -0.6038896061311337 -0.22545334616920773
0.9838114267998249 -0.5863802889882073 -0.2593014661801738
0.3311928715564055 -1.205193122614323 -0.1660245482780724
0.4022651848554496 -1.1869818070647535 -0.15698687440460765
0.4146507705473172 -1.1991485588343127 -0.10465791626973846
0.3853074067437289 -1.214337592493877 -0.08301227413903624
0.4733374981544937 -1.168770491515184 -0.1479492005311429
0.45637972004277294 -1.1961262769443075 -0.0739746002655715
0.4146507705473172 -1.1991485588343127 -0.10465791626973846
0.4022651848554496 -1.1869818070647535 -0.15698687440460765
0.4394219419310522 -1.223482062373431 -7.347880794884119e-17
0.3853074067437289 -1.214337592493877 -0.08301227413903624
0.4146507705473172 -1.1991485588343127 -0.10465791626973846
0.45637972004277294 -1.1961262769443075 -0.0739746002655715
-0.09235543827586666 0.9914121233810186 0.2999692467557036
-0.09394097272162767 1.0672014380477297 0.2807498271982468
-0.1547484669594608 1.0690279125563982 0.280499051477999
-0.18435944685549685 1.032046492477377 0.2899833733966034
-0.09552650716738868 1.142990752714441 0.26153040764079
-0.18594498130125786 1.1078358071440881 0.2707639538391466
-0.1547484669594608 1.0690279125563982 0.280499051477999
-0.09394097272162767 1.0672014380477297 0.2807498271982468
-0.276363455435127 1.072680861573735 0.2799975000375032
-0.18435944685549685 1.032046492477377 0.2899833733966034
-0.1547484669594608 1.0690279125563982 0.280499051477999
-0.18594498130125786 1.1078358071440881 0.2707639538391466
-0.7826827848795628 -0.640106007969932 -0.2997944911684415
-0.7133730612265694 -0.6597953891899715 -0.2964686800185618
-0.7214990850716178 -0.719513865022282 -0.2897003142768781
-0.7602169588206384 -0.7395284123284176 -0.2879790369809761
-0.6440633375735761 -0.6794847704100109 -0.2931428688686821
-0.6909072351676452 -0.759217793548457 -0.2846532258310964
-0.7214990850716178 -0.719513865022282 -0.2897003142768781
-0.7133730612265694 -0.6597953891899715 -0.2964686800185618
-0.7377511327617142 -0.8389508166869031 -0.2761635827935107
-0.7602169588206384 -0.7395284123284176 -0.2879790369809761
-0.7214990850716178 -0.719513865022282 -0.2897003142768781
-0.6909072351676452 -0.759217793548457 -0.2846532258310964
0.9316440495455081 0.6375023045891106 -0.2709058359859673
0.9678215431608426 0.5581109672289385 -0.27454929438465003
0.923061117765409 0.5276346526739024 -0.2819161460159874
0.882592158260025 0.5520921640764704 -0.28377784263231476
1.003999036776177 0.4787196298687664 -0.2781927527833327
0.9187696518753595 0.4727008267162984 -0.2874213010309975
0.923061117765409 0.5276346526739024 -0.2819161460159874
0.9678215431608426 0.5581109672289385 -0.27454929438465003
0.833540266974542 0.4666820235638303 -0.2966498492786622
0.882592158260025 0.5520921640764704 -0.28377784263231476
0.923061117765409 0.5276346526739024 -0.2819161460159874
0.9187696518753595 0.4727008267162984 -0.2874213010309975
-0.1400236013694301 -0.9885019178856034 0.2999955717835194
-0.20196550567632104 -1.0492160626462468 0.28243142619882133
-0.15634481489118254 -1.0849339991676659 0.2732532436797643
-0.10256351734516779 -1.0724358950480537 0.2774462252125848
-0.263907409983212 -1.10993020740689 0.2648672806141233
-0.16450542165205873 -1.1331500398086969 0.2598820796278868
-0.15634481489118254 -1.0849339991676659 0.2732532436797643
-0.20196550567632104 -1.0492160626462468 0.28243142619882133
-0.06510343332090548 -1.156369872210504 0.2548968786416502
-0.10256351734516779 -1.0724358950480537 0.2774462252125848
-0.15634481489118254 -1.0849339991676659 0.2732532436797643
-0.16450542165205873 -1.1331500398086969 0.2598820796278868
1.284764550914453 0.1984440694845365 -7.347880794884119e-17
1.2741205885040494 0.16626501964987733 -0.06479004647141909
1.2581204934149885 0.20889415608356912 -0.09255082404608896
1.2554424270756601 0.24629824921774462 -0.0740361895977144
1.263476626093646 0.1340859698152182 -0.1295800929428381
1.2447984646652566 0.21411919938308546 -0.1388262360691334
1.2581204934149885 0.20889415608356912 -0.09255082404608896
1.2741205885040494 0.16626501964987733 -0.06479004647141909
1.226120303236867 0.2941524289509527 -0.1480723791954287
1.2554424270756601 0.24629824921774462 -0.0740361895977144
1.2581204934149885 0.20889415608356912 -0.09255082404608896
1.2447984646652566 0.21411919938308546 -0.1388262360691334
1.284764550914453 -0.1984440694845376 -7.347880794884119e-17
1.2741205885040745 -0.1662650196498828 0.06479004647136696
1.2567707354548758 -0.21154015789463224 0.09373929843989907
1.2534177901354655 -0.25026725193433436 0.07581890118848161
1.263476626093696 -0.134085969815228 0.129580092942734
1.242773827725087 -0.21808820209967955 0.14060894765984866
1.2567707354548758 -0.21154015789463224 0.09373929843989907
1.2741205885040745 -0.1662650196498828 0.06479004647136696
1.222071029356478 -0.3020904343841311 0.1516378023769633
1.2534177901354655 -0.25026725193433436 0.07581890118848161
1.2567707354548758 -0.21154015789463224 0.09373929843989907
1.242773827725087 -0.21808820209967955 0.14060894765984866
-0.3356945217809917 -1.056980382618637 -0.279494714682284
-0.36966544152307285 -0.9799805147830152 -0.28964810990596596
-0.3228623817318755 -0.9544442898235195 -0.29049660822959056
-0.2824753919652362 -0.9801761112615825 -0.28584415977956185
-0.403636361265154 -0.9029806469473934 -0.2998015051296479
-0.31644631170731735 -0.9031762434259608 -0.2959975550032438
-0.3228623817318755 -0.9544442898235195 -0.29049660822959056
-0.36966544152307285 -0.9799805147830152 -0.28964810990596596
-0.2292562621494807 -0.9033718399045282 -0.2921936048768397
-0.2824753919652362 -0.9801761112615825 -0.28584415977956185
-0.3228623817318755 -0.9544442898235195 -0.29049660822959056
-0.31644631170731735 -0.9031762434259608 -0.2959975550032438
0.6210357640659409 -1.142065926184226 -7.347880794884119e-17
0.5706747181068199 -1.151361133469672 0.06333397118891551
0.5269237927148973 -1.1754014431042583 0.04222264745927698
0.5302288529984965 -1.1827739942788287 -7.347880794884119e-17
0.5203136721476989 -1.160656340755118 0.1266679423778311
0.47986780703937554 -1.1920692015642746 0.06333397118891551
0.5269237927148973 -1.1754014431042583 0.04222264745927698
0.5706747181068199 -1.151361133469672 0.06333397118891551
0.4394219419310522 -1.223482062373431 -7.347880794884119e-17
0.5302288529984965 -1.1827739942788287 -7.347880794884119e-17
0.5269237927148973 -1.1754014431042583 0.04222264745927698
0.47986780703937554 -1.1920692015642746 0.06333397118891551
0.7572949016875162 -1.854837554724452e-16 0.1763355756877425
0.7313397405238984 0.06408328583104235 0.13785059909226693
0.7208931603492656 0.04272219055402818 0.091900399394845
0.7286474508437581 -1.7846715367653734e-16 0.0881677878438718
0.7053845793602807 0.1281665716620849 0.09936562249679139
0.7026922896801403 0.06408328583104236 0.04968281124839624
0.7208931603492656 0.04272219055402818 0.091900399394845
0.7313397405238984 0.06408328583104235 0.13785059909226693
0.7 -1.714505518806295e-16 1.102553507614571e-15
0.7286474508437581 -1.7846715367653734e-16 0.0881677878438718
0.7208931603492656 0.04272219055402818 0.091900399394845
0.7026922896801403 0.06408328583104236 0.04968281124839624
0.68825625929794 0.8533841185112631 -0.2841102383704719
0.7593781850969252 0.817076263369074 -0.27475136754610807
0.758889088528501 0.7594086319814202 -0.28315146824090964
0.7230835773447963 0.7487287438586878 -0.29203095400049234
0.8305001108959104 0.7807684082268851 -0.2653924967217443
0.7942055031437816 0.7124208887164988 -0.2826720831761286
0.758889088528501 0.7594086319814202 -0.28315146824090964
0.7593781850969252 0.817076263369074 -0.27475136754610807
0.7579108953916528 0.6440733692061125 -0.2999516696305128
0.7230835773447963 0.7487287438586878 -0.29203095400049234
0.758889088528501 0.7594086319814202 -0.28315146824090964
0.7942055031437816 0.7124208887164988 -0.2826720831761286
-0.4655792694465373 -1.057414033943485 0.2566300815080284
-0.5475265465187117 -1.0141816271562016 0.25609034162661104
-0.5640471861289046 -1.0421302749278685 0.22606841051014662
-0.5313338673979138 -1.0777208022073435 0.2113273148926231
-0.629473823590886 -0.9709492203689184 0.2555506017451937
-0.6132811444700881 -1.03448839542006 0.21078757501120574
-0.5640471861289046 -1.0421302749278685 0.22606841051014662
-0.5475265465187117 -1.0141816271562016 0.25609034162661104
-0.5970884653492902 -1.098027570471202 0.1660245482772178
-0.5313338673979138 -1.0777208022073435 0.2113273148926231
-0.5640471861289046 -1.0421302749278685 0.22606841051014662
-0.6132811444700881 -1.03448839542006 0.21078757501120574
-0.9606193624705635 -0.5514056187166279 -0.2800293106144388
-1.0210497868636779 -0.4937920825913502 -0.2649165803592338
-1.0059706796895542 -0.43953452287138345 -0.2760953232613626
-0.968215913905935 -0.4412125110740389 -0.2892410598400295
-1.081480211256792 -0.4361785464660725 -0.2498038501040288
-1.0286463382990494 -0.3835989749487612 -0.2741283295848245
-1.0059706796895542 -0.43953452287138345 -0.2760953232613626
-1.0210497868636779 -0.4937920825913502 -0.2649165803592338
-0.9758124653413066 -0.3310194034314499 -0.2984528090656202
-0.968215913905935 -0.4412125110740389 -0.2892410598400295
-1.0059706796895542 -0.43953452287138345 -0.2760953232613626
-1.0286463382990494 -0.3835989749487612 -0.2741283295848245
-0.3410913592852787 -0.9877844536504268 0.2966031530942708
-0.3024993846342453 -1.0488573305286584 0.28073521685419706
-0.24834079021264022 -1.0287388596476401 0.2871553351639711
-0.24055748032735438 -0.9881431857680151 0.2982993624388951
-0.263907409983212 -1.10993020740689 0.2648672806141233
-0.20196550567632104 -1.0492160626462468 0.28243142619882133
-0.24834079021264022 -1.0287388596476401 0.2871553351639711
-0.3024993846342453 -1.0488573305286584 0.28073521685419706
-0.1400236013694301 -0.9885019178856034 0.2999955717835194
-0.24055748032735438 -0.9881431857680151 0.2982993624388951
-0.24834079021264022 -1.0287388596476401 0.2871553351639711
-0.20196550567632104 -1.0492160626462468 0.28243142619882133
0.8366685165388029 -0.9335168209622792 0.1603002278005169
0.7680121023580454 -0.9269091301525672 0.2083122782246001
0.7384712946368187 -0.967639107892951 0.19421636824226454
0.7580290978665842 -0.9913079421679991 0.1631623880390552
0.6993556881772879 -0.9203014393428551 0.2563243286486833
0.6893726836858267 -0.984700251358287 0.2111744384631384
0.7384712946368187 -0.967639107892951 0.19421636824226454
0.7680121023580454 -0.9269091301525672 0.2083122782246001
0.6793896791943654 -1.049099063373719 0.1660245482775935
0.7580290978665842 -0.9913079421679991 0.1631623880390552
0.7384712946368187 -0.967639107892951 0.19421636824226454
0.6893726836858267 -0.984700251358287 0.2111744384631384
0.4170932527648681 -0.9148082466167611 0.2999512908108343
0.501733772250113 -0.9421126480905364 0.28443841922261515
0.5324914246862474 -0.9040438061338142 0.2894257728660172
0.5055499911616923 -0.8713571844185655 0.2996758854818278
0.5863742917353577 -0.9694170495643116 0.2689255476343959
0.5901905106469372 -0.8986615858923408 0.28416301389360854
0.5324914246862474 -0.9040438061338142 0.2894257728660172
0.501733772250113 -0.9421126480905364 0.28443841922261515
0.5940067295585165 -0.82790612222037 0.2994004801528212
0.5055499911616923 -0.8713571844185655 0.2996758854818278
0.5324914246862474 -0.9040438061338142 0.2894257728660172
0.5901905106469372 -0.8986615858923408 0.28416301389360854
-0.4157513069415426 -1.180750063281727 0.1630748803834079
-0.44066528819403994 -1.119082048612606 0.20985248094571815
-0.49280634724579003 -1.112063889232138 0.19524317005621805
-0.5064198861454163 -1.1393888168764645 0.16454971433031285
-0.4655792694465373 -1.057414033943485 0.2566300815080284
-0.5313338673979138 -1.0777208022073435 0.2113273148926231
-0.49280634724579003 -1.112063889232138 0.19524317005621805
-0.44066528819403994 -1.119082048612606 0.20985248094571815
-0.5970884653492902 -1.098027570471202 0.1660245482772178
-0.5064198861454163 -1.1393888168764645 0.16454971433031285
-0.49280634724579003 -1.112063889232138 0.19524317005621805
-0.5313338673979138 -1.0777208022073435 0.2113273148926231
0.9325357547101031 -0.516792541368 0.2926137976975229
0.9232165355660663 -0.595673936025775 0.28003745846276185
0.9676956483171013 -0.6034703976368506 0.252969138071615
0.994594814264637 -0.5679279311135008 0.24572314749342206
0.9138973164220295 -0.6745553306835501 0.2674611192280008
0.9852755951206003 -0.6468093257712759 0.23314680825866102
0.9676956483171013 -0.6034703976368506 0.252969138071615
0.9232165355660663 -0.595673936025775 0.28003745846276185
1.056653873819171 -0.6190633208590017 0.1988324972893212
0.994594814264637 -0.5679279311135008 0.24572314749342206
0.9676956483171013 -0.6034703976368506 0.252969138071615
0.9852755951206003 -0.6468093257712759 0.23314680825866102
0.5112832989675433 1.140512415173316 0.1660245482774922
0.5375143067210957 1.0769763088042423 0.2099971438904042
0.5869632495962935 1.067030002177155 0.1943805698892409
0.5985722171571163 1.0938249020481479 0.1645859850822033
0.5637453144746482 1.013440202435169 0.2539697395033162
0.6248032249106688 1.0302887956790745 0.2085585806951153
0.5869632495962935 1.067030002177155 0.1943805698892409
0.5375143067210957 1.0769763088042423 0.2099971438904042
0.6858611353466892 1.04713738892298 0.1631474218869144
0.5985722171571163 1.0938249020481479 0.1645859850822033
0.5869632495962935 1.067030002177155 0.1943805698892409
0.6248032249106688 1.0302887956790745 0.2085585806951153
-1.039188665466088 0.4267226337923686 0.2734499704047564
-1.0118188130035246 0.5167130657288652 0.26473218931279974
-1.0487589778067914 0.5299627037057489 0.23023556711718704
-1.0809139864397066 0.49159230672594256 0.217346146565359
-0.9844489605409612 0.6067034976653619 0.2560144082208431
-1.0535441339771432 0.5815827386624393 0.20862836547340236
-1.0487589778067914 0.5299627037057489 0.23023556711718704
-1.0118188130035246 0.5167130657288652 0.26473218931279974
-1.122639307413325 0.5564619796595165 0.1612423227259616
-1.0809139864397066 0.49159230672594256 0.217346146565359
-1.0487589778067914 0.5299627037057489 0.23023556711718704
-1.0535441339771432 0.5815827386624393 0.20862836547340236
-0.04592940391359098 1.261203130522203 -0.1460666886900213
-0.07477131795062959 1.2116164695867835 -0.19776415225532384
-0.13055764358373936 1.2177362888469143 -0.18527617743703143
-0.14402984938177493 1.2455895289446894 -0.15318345824523394
-0.1036132319876682 1.162029808651364 -0.2494616158206264
-0.17287176341881355 1.19600286800927 -0.2048809218105365
-0.13055764358373936 1.2177362888469143 -0.18527617743703143
-0.07477131795062959 1.2116164695867835 -0.19776415225532384
-0.2421302948499589 1.229975927367176 -0.1603002278004466
-0.14402984938177493 1.2455895289446894 -0.15318345824523394
-0.13055764358373936 1.2177362888469143 -0.18527617743703143
-0.17287176341881355 1.19600286800927 -0.2048809218105365
-1.251864179431521 -0.001475310783304169 -0.1629846533186206
-1.209266443973258 -0.05229605481063878 -0.2046637361282172
-1.2204785286196094 -0.09974558040759397 -0.1874429357279015
-1.2473834386719165 -0.09805997119240428 -0.15799299412294537
-1.166668708514995 -0.1031167988379734 -0.2463428189378138
-1.2047857032136533 -0.1488807152197389 -0.19967207693254196
-1.2204785286196094 -0.09974558040759397 -0.1874429357279015
-1.209266443973258 -0.05229605481063878 -0.2046637361282172
-1.242902697912312 -0.1946446316015044 -0.1530013349272701
-1.2473834386719165 -0.09805997119240428 -0.15799299412294537
-1.2204785286196094 -0.09974558040759397 -0.1874429357279015
-1.2047857032136533 -0.1488807152197389 -0.19967207693254196
-0.8942387063707247 0.321150801178143 0.2958306948420866
-0.8956690420387527 0.40520718889856455 0.2975171678498717
-0.9435089165145311 0.4123790038631659 0.2894947687014999
-0.9667136859184063 0.3739367174852558 0.2846403326234215
-0.8970993777067807 0.4892635766189861 0.2992036408576568
-0.9681440215864343 0.4579931052056774 0.2863268056312066
-0.9435089165145311 0.4123790038631659 0.2894947687014999
-0.8956690420387527 0.40520718889856455 0.2975171678498717
-1.039188665466088 0.4267226337923686 0.2734499704047564
-0.9667136859184063 0.3739367174852558 0.2846403326234215
-0.9435089165145311 0.4123790038631659 0.2894947687014999
-0.9681440215864343 0.4579931052056774 0.2863268056312066
-0.8253787977011056 0.6410983280336954 0.2965889209467713
-0.9049138791210334 0.6239009128495286 0.2763016645838072
-0.9023090453162825 0.5790218007726812 0.2839356566750904
-0.8612390877039431 0.5651809523263407 0.2978962809022141
-0.9844489605409612 0.6067034976653619 0.2560144082208431
-0.9407741691238709 0.547983537142174 0.27760902453924996
-0.9023090453162825 0.5790218007726812 0.2839356566750904
-0.9049138791210334 0.6239009128495286 0.2763016645838072
-0.8970993777067807 0.4892635766189861 0.2992036408576568
-0.8612390877039431 0.5651809523263407 0.2978962809022141
-0.9023090453162825 0.5790218007726812 0.2839356566750904
-0.9407741691238709 0.547983537142174 0.27760902453924996
0.2630940659409104 1.025813213252285 0.2941382587666841
0.25046856630811287 1.0876992575885844 0.26928589957052695
0.19439316861135894 1.1006065274511139 0.26974010150931493
0.17266821957938075 1.076117140214229 0.2823933820767875
0.2378430666753154 1.149585301924884 0.2444335403743698
0.16004271994658326 1.1380031845505285 0.25754102288063035
0.19439316861135894 1.1006065274511139 0.26974010150931493
0.25046856630811287 1.0876992575885844 0.26928589957052695
0.08224237321785109 1.126421067176173 0.2706485053868909
0.17266821957938075 1.076117140214229 0.2823933820767875
0.19439316861135894 1.1006065274511139 0.26974010150931493
0.16004271994658326 1.1380031845505285 0.25754102288063035
-0.5970884653492902 -1.098027570471202 0.1660245482772178
-0.6132811444700881 -1.03448839542006 0.21078757501120574
-0.6631052795177309 -1.0212669458880754 0.19395845927431213
-0.6799210074811535 -1.0464258086476539 0.1631623880388714
-0.629473823590886 -0.9709492203689184 0.2555506017451937
-0.6961136866019513 -0.9828866335965123 0.20792541477285933
-0.6631052795177309 -1.0212669458880754 0.19395845927431213
-0.6132811444700881 -1.03448839542006 0.21078757501120574
-0.7627535496130167 -0.9948240468241061 0.160300227800525
-0.6799210074811535 -1.0464258086476539 0.1631623880388714
-0.6631052795177309 -1.0212669458880754 0.19395845927431213
-0.6961136866019513 -0.9828866335965123 0.20792541477285933
1.000000000000004 0.15089251520154 0.2997863456276325
0.954869929060618 0.2118549087171856 0.29777536262768095
0.9094258320990637 0.19418826071554993 0.28177074643858374
0.9092688190879796 0.15487373995690926 0.2747739298440109
0.9097398581212318 0.2728173022328312 0.2957643796277294
0.8641387481485936 0.21583613347255484 0.27276294684405933
0.9094258320990637 0.19418826071554993 0.28177074643858374
0.954869929060618 0.2118549087171856 0.29777536262768095
0.8185376381759554 0.1588549647122785 0.2497615140603893
0.9092688190879796 0.15487373995690926 0.2747739298440109
0.9094258320990637 0.19418826071554993 0.28177074643858374
0.8641387481485936 0.21583613347255484 0.27276294684405933
0.6512780249304494 0.284103801692479 0.0788502809512543
0.6929367764555544 0.27791635887800614 0.14312631910646487
0.686919027778647 0.32333154352270493 0.1674253168980423
0.6630807776776408 0.3491328572522908 0.14743679671622575
0.7345955279806594 0.2717289160635333 0.2074023572616754
0.7047395292027459 0.3429454144378179 0.2117128348714363
0.686919027778647 0.32333154352270493 0.1674253168980423
0.6929367764555544 0.27791635887800614 0.14312631910646487
0.6748835304248323 0.4141619128121026 0.2160233124811972
0.6630807776776408 0.3491328572522908 0.14743679671622575
0.686919027778647 0.32333154352270493 0.1674253168980423
0.7047395292027459 0.3429454144378179 0.2117128348714363
0.833540266974542 0.4666820235638303 -0.2966498492786622
0.9187696518753595 0.4727008267162984 -0.2874213010309975
0.9122022373112548 0.4210741485822324 -0.2904103053593411
0.8663038375787937 0.3922514079389653 -0.29651908164734525
1.003999036776177 0.4787196298687664 -0.2781927527833327
0.9515332224796113 0.39827021109143335 -0.28729053339968047
0.9122022373112548 0.4210741485822324 -0.2904103053593411
0.9187696518753595 0.4727008267162984 -0.2874213010309975
0.8990674081830454 0.3178207923141003 -0.2963883140160283
0.8663038375787937 0.3922514079389653 -0.29651908164734525
0.9122022373112548 0.4210741485822324 -0.2904103053593411
0.9515332224796113 0.39827021109143335 -0.28729053339968047
0.1994250295794106 -1.103206139699922 -0.2744779538581457
0.28890994459400016 -1.0949757744088355 -0.26692900625909943
0.3030042535814686 -1.1317148904773313 -0.23329418693209045
0.26530895056790804 -1.1541996311571225 -0.22025125106810906
0.3783948596085897 -1.086745409117749 -0.2593800586600531
0.3547938655824976 -1.145969265866036 -0.21270230346906274
0.3030042535814686 -1.1317148904773313 -0.23329418693209045
0.28890994459400016 -1.0949757744088355 -0.26692900625909943
0.3311928715564055 -1.205193122614323 -0.1660245482780724
0.26530895056790804 -1.1541996311571225 -0.22025125106810906
0.3030042535814686 -1.1317148904773313 -0.23329418693209045
0.3547938655824976 -1.145969265866036 -0.21270230346906274
0.7880930342566289 -1.033880732655455 -7.347880794884119e-17
0.7630080797930652 -1.0315254767219146 -0.06899446174418264
0.7933059972646667 -0.9944566133343917 -0.09843597401613247
0.8209974332322494 -0.9770998096074006 -0.07865949928001609
0.7379231253295016 -1.029170220788374 -0.1379889234883652
0.7959124787686856 -0.9747445536738599 -0.14765396102419864
0.7933059972646667 -0.9944566133343917 -0.09843597401613247
0.7630080797930652 -1.0315254767219146 -0.06899446174418264
0.8539018322078697 -0.920318886559346 -0.1573189985600321
0.8209974332322494 -0.9770998096074006 -0.07865949928001609
0.7933059972646667 -0.9944566133343917 -0.09843597401613247
0.7959124787686856 -0.9747445536738599 -0.14765396102419864
0.2475084419140669 -1.276220815995912 -7.347880794884119e-17
0.20207932877360596 -1.272580852623944 0.055670433428363766
0.15131740378141886 -1.281402580204647 0.03711362228557582
0.1486509978555558 -1.2876334256809825 -7.347880794884119e-17
0.156650215633145 -1.268940889251976 0.1113408668567276
0.10322188471509483 -1.2839934623090143 0.055670433428363766
0.15131740378141886 -1.281402580204647 0.03711362228557582
0.20207932877360596 -1.272580852623944 0.055670433428363766
0.04979355379704467 -1.299046035366053 -7.347880794884119e-17
0.1486509978555558 -1.2876334256809825 -7.347880794884119e-17
0.15131740378141886 -1.281402580204647 0.03711362228557582
0.10322188471509483 -1.2839934623090143 0.055670433428363766
-0.2366446453232279 1.064527218910196 -0.2860198825137028
-0.17012893865544804 1.11327851378078 -0.2677407491671646
-0.11342956480864569 1.09547904413419 -0.27648157180168725
-0.11833773121913445 1.062203661875603 -0.2899915497922177
-0.1036132319876682 1.162029808651364 -0.2494616158206264
-0.0518220245513546 1.1109549567461872 -0.2717124164456795
-0.11342956480864569 1.09547904413419 -0.27648157180168725
-0.17012893865544804 1.11327851378078 -0.2677407491671646
-3.081711504100568e-05 1.05988010484101 -0.2939632170707326
-0.11833773121913445 1.062203661875603 -0.2899915497922177
-0.11342956480864569 1.09547904413419 -0.27648157180168725
-0.0518220245513546 1.1109549567461872 -0.2717124164456795
-0.4510280421033274 0.6932092932478104 0.2451093998615164
-0.42411396007722824 0.7594778618509315 0.2665998886663507
-0.467158522021615 0.7903038582628299 0.277593936122553
-0.502137844006858 0.7725825721672186 0.27234571544823705
-0.397199878051129 0.8257464304540524 0.288090377471185
-0.4752237619807588 0.8388511407703395 0.29383620425307133
-0.467158522021615 0.7903038582628299 0.277593936122553
-0.42411396007722824 0.7594778618509315 0.2665998886663507
-0.5532476459103886 0.8519558510866266 0.2995820310349577
-0.502137844006858 0.7725825721672186 0.27234571544823705
-0.467158522021615 0.7903038582628299 0.277593936122553
-0.4752237619807588 0.8388511407703395 0.29383620425307133
-1.249334190330462 0.008140426579090315 0.1667909946991624
-1.1997049396918815 0.04791850115746362 0.21229858267978474
-1.2120010484945165 0.09563294844260216 0.19616775583231447
-1.242963728215124 0.09960113479598476 0.16534854841826813
-1.150075689053301 0.08769657573583693 0.2578061706604071
-1.1933344775765435 0.13937920937435808 0.2108561363988905
-1.2120010484945165 0.09563294844260216 0.19616775583231447
-1.1997049396918815 0.04791850115746362 0.21229858267978474
-1.236593266099786 0.1910618430128792 0.1639061021373739
-1.242963728215124 0.09960113479598476 0.16534854841826813
-1.2120010484945165 0.09563294844260216 0.19616775583231447
-1.1933344775765435 0.13937920937435808 0.2108561363988905
0.6650309151043411 0.9011619095276562 0.2749625478329102
0.6143881147894946 0.9573010559814126 0.26446614366811316
0.5778679184541381 0.9265008358756943 0.27630959323832643
0.5849292204438832 0.8830311525959569 0.28747952010583167
0.5637453144746482 1.013440202435169 0.2539697395033162
0.5342864201290367 0.9391702990497133 0.27698311594103464
0.5778679184541381 0.9265008358756943 0.27630959323832643
0.6143881147894946 0.9573010559814126 0.26446614366811316
0.5048275257834252 0.8649003956642577 0.2999964923787531
0.5849292204438832 0.8830311525959569 0.28747952010583167
0.5778679184541381 0.9265008358756943 0.27630959323832643
0.5342864201290367 0.9391702990497133 0.27698311594103464
0.5112832989675 1.14051241517322 -0.1660245482776514
0.5986109574990366 1.0933958768369745 -0.16510461755522984
0.5849462249987548 1.0599938704611638 -0.19868497432021123
0.5344500294828457 1.066851136441381 -0.2159351180639127
0.6859386160305732 1.046279338500729 -0.1641846868328083
0.6217776880143823 1.0197345981051356 -0.21501518734149114
0.5849462249987548 1.0599938704611638 -0.19868497432021123
0.5986109574990366 1.0933958768369745 -0.16510461755522984
0.5576167599981914 0.9931898577095422 -0.265845687850174
0.5344500294828457 1.066851136441381 -0.2159351180639127
0.5849462249987548 1.0599938704611638 -0.19868497432021123
0.6217776880143823 1.0197345981051356 -0.21501518734149114
0.2475084419140723 1.276220815995911 -7.347880794884119e-17
0.2015794689621493 1.2731546341681481 -0.05438100047747504
0.15098416390711597 1.2817851012341164 -0.036254000318316715
0.14865099785556082 1.287633425680982 -7.347880794884119e-17
0.1556504960102263 1.270088452340385 -0.10876200095495
0.1027220249036378 1.284567243853219 -0.05438100047747504
0.15098416390711597 1.2817851012341164 -0.036254000318316715
0.2015794689621493 1.2731546341681481 -0.05438100047747504
0.04979355379704932 1.299046035366053 -7.347880794884119e-17
0.14865099785556082 1.287633425680982 -7.347880794884119e-17
0.15098416390711597 1.2817851012341164 -0.036254000318316715
0.1027220249036378 1.284567243853219 -0.05438100047747504
-0.594837791571095 -0.8318042133907992 0.2991468021270587
-0.5243653081423109 -0.8566846978174942 0.2995139188866925
-0.49271728404514875 -0.8149294524186262 0.28592157527722434
-0.5121295137109597 -0.7816115875058447 0.27894184509267334
-0.4538928247135268 -0.8815651822441891 0.2998810356463263
-0.4416570302821756 -0.8064920719325396 0.27930896185230714
-0.49271728404514875 -0.8149294524186262 0.28592157527722434
-0.5243653081423109 -0.8566846978174942 0.2995139188866925
-0.4294212358508245 -0.73141896162089 0.258736888058288
-0.5121295137109597 -0.7816115875058447 0.27894184509267334
-0.49271728404514875 -0.8149294524186262 0.28592157527722434
-0.4416570302821756 -0.8064920719325396 0.27930896185230714
1.242705098312484 -3.043749641864962e-16 0.1763355756877418
1.2524374089024826 0.07342385662829434 0.15284085544715614
1.2257875506851197 0.10240378438564672 0.18103028248592754
1.207596466281439 0.08018181995017559 0.20687235612560606
1.262169719492481 0.146847713256589 0.1293461352065705
1.2173287768714376 0.15360567657847024 0.1833776358850204
1.2257875506851197 0.10240378438564672 0.18103028248592754
1.2524374089024826 0.07342385662829434 0.15284085544715614
1.172487834250394 0.1603636399003515 0.2374091365634703
1.207596466281439 0.08018181995017559 0.20687235612560606
1.2257875506851197 0.10240378438564672 0.18103028248592754
1.2173287768714376 0.15360567657847024 0.1833776358850204
1.242705098312483 -3.04374964186496e-16 -0.1763355756877428
1.2524374089031105 -0.07342385662621115 -0.152840855446355
1.2251938954213113 -0.1016538036622731 -0.18155798354670707
1.2067059833850982 -0.07905684886719866 -0.207663907717577
1.262169719493738 -0.146847713252422 -0.1293461352049672
1.2164382939757257 -0.1524807054934095 -0.1841691874761892
1.2251938954213113 -0.1016538036622731 -0.18155798354670707
1.2524374089031105 -0.07342385662621115 -0.152840855446355
1.170706868457713 -0.158113697734397 -0.2389922397474112
1.2067059833850982 -0.07905684886719866 -0.207663907717577
1.2251938954213113 -0.1016538036622731 -0.18155798354670707
1.2164382939757257 -0.1524807054934095 -0.1841691874761892
-1.025022002279302 -0.7217333373319552 -0.1602363239556137
-0.9585889416954724 -0.7284960178356984 -0.20821524950504292
-0.9395689869967302 -0.7757315461741943 -0.1925496136756422
-0.963275539939274 -0.7959679700915705 -0.16072733298622727
-0.8921558811116428 -0.7352586983394416 -0.2561941750544721
-0.8968424793554444 -0.8027306505953137 -0.20870625853565644
-0.9395689869967302 -0.7757315461741943 -0.1925496136756422
-0.9585889416954724 -0.7284960178356984 -0.20821524950504292
-0.9015290775992459 -0.8702026028511858 -0.1612183420168408
-0.963275539939274 -0.7959679700915705 -0.16072733298622727
-0.9395689869967302 -0.7757315461741943 -0.1925496136756422
-0.8968424793554444 -0.8027306505953137 -0.20870625853565644
0.7448547383499101 -0.4740053810223188 0.2761966245926917
0.7742560504724758 -0.544839965062802 0.2879704657042357
0.8270159518850182 -0.5354908238312013 0.2895182430353314
0.8386952465300066 -0.4953989611951594 0.2844052111451073
0.8036573625950415 -0.6156745491032852 0.2997443068157797
0.8680965586525723 -0.5662335452356426 0.2961790522566513
0.8270159518850182 -0.5354908238312013 0.2895182430353314
0.7742560504724758 -0.544839965062802 0.2879704657042357
0.9325357547101031 -0.516792541368 0.2926137976975229
0.8386952465300066 -0.4953989611951594 0.2844052111451073
0.8270159518850182 -0.5354908238312013 0.2895182430353314
0.8680965586525723 -0.5662335452356426 0.2961790522566513
-0.8793914067116114 0.6866662773861711 -0.2767814639674225
-0.9453992194247351 0.6331116688708545 -0.26343791728218074
-0.9736486258191994 0.6609290459177485 -0.22838009740703594
-0.9547694226598697 0.7016150386988538 -0.2175229608120844
-1.011407032137859 0.5795570603555379 -0.250094370596939
-1.0207772353729934 0.6480604301835371 -0.20417941412684265
-0.9736486258191994 0.6609290459177485 -0.22838009740703594
-0.9453992194247351 0.6331116688708545 -0.26343791728218074
-1.030147438608128 0.7165638000115363 -0.1582644576567463
-0.9547694226598697 0.7016150386988538 -0.2175229608120844
-0.9736486258191994 0.6609290459177485 -0.22838009740703594
-1.0207772353729934 0.6480604301835371 -0.20417941412684265
1.172487834250394 0.1603636399003515 0.2374091365634703
1.128766511648108 0.22412395042753352 0.2556101510626547
1.08584434109874 0.19971347201886902 0.27033554925098063
1.086243917125199 0.15562807755094576 0.2685977410955514
1.085045189045822 0.2878842609547156 0.2738111655618392
1.042522594522913 0.2193883880781278 0.2867987555947359
1.08584434109874 0.19971347201886902 0.27033554925098063
1.128766511648108 0.22412395042753352 0.2556101510626547
1.000000000000004 0.15089251520154 0.2997863456276325
1.086243917125199 0.15562807755094576 0.2685977410955514
1.08584434109874 0.19971347201886902 0.27033554925098063
1.042522594522913 0.2193883880781278 0.2867987555947359
-0.7490683027976873 0.8279339079941141 0.2764546304898128
-0.8170986838340855 0.796003041460227 0.2620597693109915
-0.8198587217897589 0.7443681369847165 0.2735694865229181
-0.7872235502493965 0.7345161180139048 0.28652177571829207
-0.8851290648704837 0.7640721749263398 0.2476649081321702
-0.8552539312857946 0.7025852514800176 0.27212691453947074
-0.8198587217897589 0.7443681369847165 0.2735694865229181
-0.8170986838340855 0.796003041460227 0.2620597693109915
-0.8253787977011056 0.6410983280336954 0.2965889209467713
-0.7872235502493965 0.7345161180139048 0.28652177571829207
-0.8198587217897589 0.7443681369847165 0.2735694865229181
-0.8552539312857946 0.7025852514800176 0.27212691453947074
0.7053845793602807 0.1281665716620849 0.09936562249679139
0.71999005367047 0.19994774386280909 0.1533839898792334
0.697086044090463 0.22799976313936574 0.1285394202365737
0.678331302145365 0.20613518667728195 0.08910795172402285
0.7345955279806594 0.2717289160635333 0.2074023572616754
0.6929367764555544 0.27791635887800614 0.14312631910646487
0.697086044090463 0.22799976313936574 0.1285394202365737
0.71999005367047 0.19994774386280909 0.1533839898792334
0.6512780249304494 0.284103801692479 0.0788502809512543
0.678331302145365 0.20613518667728195 0.08910795172402285
0.697086044090463 0.22799976313936574 0.1285394202365737
0.6929367764555544 0.27791635887800614 0.14312631910646487
-1.196925470100894 -0.3834353998022207 -0.1550222108291942
-1.139202840678843 -0.4098069731341466 -0.20241303046661152
-1.13341770504341 -0.45967033850822697 -0.18837566425889093
-1.159386451936719 -0.47141623452930426 -0.15766157133632197
-1.081480211256792 -0.4361785464660725 -0.2498038501040288
-1.101663822514668 -0.4977878078612301 -0.20505239097373926
-1.13341770504341 -0.45967033850822697 -0.18837566425889093
-1.139202840678843 -0.4098069731341466 -0.20241303046661152
-1.121847433772544 -0.5593970692563878 -0.1603009318434497
-1.159386451936719 -0.47141623452930426 -0.15766157133632197
-1.13341770504341 -0.45967033850822697 -0.18837566425889093
-1.101663822514668 -0.4977878078612301 -0.20505239097373926
-1.030147438608128 0.7165638000115363 -0.1582644576567463
-1.0207772353729934 0.6480604301835371 -0.20417941412684265
-1.055967055909181 0.61671591964907 -0.1886738981094279
-1.078247067794842 0.635295349295836 -0.1579636618656723
-1.011407032137859 0.5795570603555379 -0.250094370596939
-1.0688768645597075 0.5667919794678369 -0.20387861833576865
-1.055967055909181 0.61671591964907 -0.1886738981094279
-1.0207772353729934 0.6480604301835371 -0.20417941412684265
-1.126346696981556 0.5540268985801358 -0.1576628660745983
-1.078247067794842 0.635295349295836 -0.1579636618656723
-1.055967055909181 0.61671591964907 -0.1886738981094279
-1.0688768645597075 0.5667919794678369 -0.20387861833576865
0.3311928715564055 -1.205193122614323 -0.1660245482780724
0.3547938655824976 -1.145969265866036 -0.21270230346906274
0.394308409773163 -1.153569674415752 -0.19111793582308945
0.4022651848554496 -1.1869818070647535 -0.15698687440460765
0.3783948596085897 -1.086745409117749 -0.2593800586600531
0.4258661788815417 -1.1277579503164665 -0.203664629595598
0.394308409773163 -1.153569674415752 -0.19111793582308945
0.3547938655824976 -1.145969265866036 -0.21270230346906274
0.4733374981544937 -1.168770491515184 -0.1479492005311429
0.4022651848554496 -1.1869818070647535 -0.15698687440460765
0.394308409773163 -1.153569674415752 -0.19111793582308945
0.4258661788815417 -1.1277579503164665 -0.203664629595598
-1.02230673264755 0.7190744922127988 0.1660245482774927
-0.9537178987590168 0.7415733335695693 0.20684472820483146
-0.9360731582414722 0.7849860979815397 0.19133012941770558
-0.9615452049269665 0.7954430595091396 0.16316274006047324
-0.8851290648704837 0.7640721749263398 0.2476649081321702
-0.8929563710384334 0.8179419008659101 0.20398291998781198
-0.9360731582414722 0.7849860979815397 0.19133012941770558
-0.9537178987590168 0.7415733335695693 0.20684472820483146
-0.9007836772063831 0.8718116268054804 0.1603009318434538
-0.9615452049269665 0.7954430595091396 0.16316274006047324
-0.9360731582414722 0.7849860979815397 0.19133012941770558
-0.8929563710384334 0.8179419008659101 0.20398291998781198
-0.6062273476580752 -1.107251348093184 -0.1455150652960952
-0.5515971840900088 -1.088906614960184 -0.19264952503328409
-0.5085573623548855 -1.1180391698129328 -0.1837745327814065
-0.5143525332713571 -1.141777813805807 -0.1557698067868733
-0.4969670205219424 -1.070561881827184 -0.239783984770473
-0.4597223697032907 -1.123433080672807 -0.20290426652406218
-0.5085573623548855 -1.1180391698129328 -0.1837745327814065
-0.5515971840900088 -1.088906614960184 -0.19264952503328409
-0.422477718884639 -1.17630427951843 -0.1660245482776514
-0.5143525332713571 -1.141777813805807 -0.1557698067868733
-0.5085573623548855 -1.1180391698129328 -0.1837745327814065
-0.4597223697032907 -1.123433080672807 -0.20290426652406218
-1.201762506155704 -0.1769177940662577 0.2095170187134143
-1.1689336833855917 -0.10937535893885279 0.23823631342489443
-1.195733852367215 -0.07020343043287176 0.21442120718298374
-1.2255483482430831 -0.0843886837435837 0.18815400670628835
-1.136104860615479 -0.04183292381144787 0.2669556081363746
-1.1927195254729706 -0.016846248616178776 0.2168733014177685
-1.195733852367215 -0.07020343043287176 0.21442120718298374
-1.1689336833855917 -0.10937535893885279 0.23823631342489443
-1.249334190330462 0.008140426579090315 0.1667909946991624
-1.2255483482430831 -0.0843886837435837 0.18815400670628835
-1.195733852367215 -0.07020343043287176 0.21442120718298374
-1.1927195254729706 -0.016846248616178776 0.2168733014177685
-0.7578942744306955 0.9942636892646708 0.1655511082518513
-0.6939488396534754 0.9832049858833782 0.21015118871844457
-0.6616620482187165 1.0214791807459334 0.19544230857146053
-0.6774913698899472 1.0461456298678575 0.1657878282646719
-0.6300034048762555 0.9721462825020856 0.2547512691850378
-0.6135459351127271 1.0350869264865648 0.21038790873126517
-0.6616620482187165 1.0214791807459334 0.19544230857146053
-0.6939488396534754 0.9832049858833782 0.21015118871844457
-0.5970884653491988 1.098027570471044 0.1660245482774925
-0.6774913698899472 1.0461456298678575 0.1657878282646719
-0.6616620482187165 1.0214791807459334 0.19544230857146053
-0.6135459351127271 1.0350869264865648 0.21038790873126517
-0.3410913592852787 -0.9877844536504268 0.2966031530942708
-0.3974920919994027 -0.9346748179473079 0.2982420943702986
-0.4201878178151142 -0.9755878899460336 0.2843714234162085
-0.40333531436590797 -1.022599243796956 0.2766166173011496
-0.4538928247135268 -0.8815651822441891 0.2998810356463263
-0.4597360470800321 -0.9694896080938371 0.2782555585771773
-0.4201878178151142 -0.9755878899460336 0.2843714234162085
-0.3974920919994027 -0.9346748179473079 0.2982420943702986
-0.4655792694465373 -1.057414033943485 0.2566300815080284
-0.40333531436590797 -1.022599243796956 0.2766166173011496
-0.4201878178151142 -0.9755878899460336 0.2843714234162085
-0.4597360470800321 -0.9694896080938371 0.2782555585771773
1.226120303236867 0.2941524289509527 -0.1480723791954287
1.2447984646652566 0.21411919938308546 -0.1388262360691334
1.2206949211936313 0.19620067955557016 -0.17168720290057593
1.199304068743624 0.2272580344257461 -0.19274075787944484
1.263476626093646 0.1340859698152182 -0.1295800929428381
1.2179822301720136 0.14722480485787887 -0.18349461475314954
1.2206949211936313 0.19620067955557016 -0.17168720290057593
1.2447984646652566 0.21411919938308546 -0.1388262360691334
1.172487834250381 0.1603636399005395 -0.237409136563461
1.199304068743624 0.2272580344257461 -0.19274075787944484
1.2206949211936313 0.19620067955557016 -0.17168720290057593
1.2179822301720136 0.14722480485787887 -0.18349461475314954
