x y z
-0.6322960491336018 -0.7612729341212212 -0.28637952557734
-0.6909072351676452 -0.759217793548457 -0.2846532258310964
-0.7214990850716178 -0.719513865022282 -0.2897003142768781
-0.7133730612265694 -0.6597953891899715 -0.2964686800185618
-0.6961766787147979 -0.6193498128414539 -0.2848494886976236
-0.6529236256324155 -0.6089717152772147 -0.2773769874622147
-0.6039813887253674 -0.5969528011746043 -0.2468414256140827
-0.5750801262424238 -0.6261998716896969 -0.23945658539325043
-0.5550779765167876 -0.6725943195487144 -0.2562484319521093
-0.5795685073195456 -0.7224339928383802 -0.2914874969692546
-0.5795685073195456 -0.7224339928383802 -0.2914874969692546
-0.5795685073195456 -0.7224339928383802 -0.2914874969692546
-0.5795685073195456 -0.7224339928383802 -0.2914874969692546
-0.5795685073195456 -0.7224339928383802 -0.2914874969692546
-0.5795685073195456 -0.7224339928383802 -0.2914874969692546
-0.5795685073195456 -0.7224339928383802 -0.2914874969692546
-0.6804824978525594 -1.053645257226656 -0.15346056244046224
-0.6892009369022359 -1.0661551894749486 -0.10230704162697485
-0.7306877315243164 -1.045607110165831 -0.08070302979241468
-0.7754329577546232 -1.0205778028090706 -0.05380201986160982
-0.8098305291311403 -0.985279177227839 -0.08070302979241468
-0.8403967119538421 -0.9469203191022878 -0.1075414672005567
-0.8281333628231449 -0.9351208846056569 -0.16131220080083503
-0.7980059528026681 -0.9030641952994056 -0.19959599479839363
-0.746244390404379 -0.9194949915235155 -0.21878482118917
-0.6998192219614762 -0.9330472158366483 -0.23500509112685738
-0.6808532665613574 -0.9800954154115208 -0.2144258452935307
-0.6559779602602632 -1.0224807263054085 -0.19145558529438556
-0.6559779602602632 -1.0224807263054085 -0.19145558529438556
-0.6559779602602632 -1.0224807263054085 -0.19145558529438556
-0.6559779602602632 -1.0224807263054085 -0.19145558529438556
-0.6559779602602632 -1.0224807263054085 -0.19145558529438556
-0.4495808458930727 0.8990758039557583 -0.2949577303615195
-0.4441201696308596 0.944496658181205 -0.2879496153939976
-0.387106379183028 0.9640943404371487 -0.28532655220146635
-0.33695246789642797 0.9975719665948312 -0.2855576623055452
-0.28882929329142526 0.9786887665761976 -0.2913698007288408
-0.23764189942179223 0.9483351739914915 -0.288274078270184
-0.23814052647107434 0.8902391515321392 -0.28940117614842464
-0.24246840367316058 0.8417661209776705 -0.26302184501706116
-0.2960690496684778 0.8188351870554662 -0.2534914508491565
-0.3467034525561139 0.788105729482934 -0.2562854059901272
-0.39449309979550434 0.8097485642900344 -0.27929651760802376
-0.4490446500391771 0.8415994740831287 -0.2839295923317026
-0.4490446500391771 0.8415994740831287 -0.2839295923317026
-0.4490446500391771 0.8415994740831287 -0.2839295923317026
-0.4490446500391771 0.8415994740831287 -0.2839295923317026
-0.4490446500391771 0.8415994740831287 -0.2839295923317026
-0.9094945874686159 -0.5947951262381077 0.2855818392914133
-0.940445033397355 -0.6301647019273374 0.25724447415860563
-0.9244007742731675 -0.6851682224763858 0.2449661599718358
-0.9114627887792613 -0.7474042834175595 0.2220677845696982
-0.8660212205414757 -0.7706544984734407 0.23281680490805212
-0.8305297545416316 -0.7890399317490803 0.24656946926107393
-0.8030012229167225 -0.7476216949736669 0.28171868700889935
-0.7456741222567346 -0.711339566965926 0.2818426499131806
-0.7387377721141304 -0.6541039512987092 0.28572657588621214
-0.7483134079146052 -0.5950763597636596 0.28518464564405566
-0.8069601514035285 -0.5732268841702673 0.286731680605212
-0.8621512848175956 -0.555537143056592 0.2850881545808564
-0.8621512848175956 -0.555537143056592 0.2850881545808564
-0.8621512848175956 -0.555537143056592 0.2850881545808564
-0.8621512848175956 -0.555537143056592 0.2850881545808564
-0.8621512848175956 -0.555537143056592 0.2850881545808564
-0.7833895196108163 -0.18068535896393748 0.23031339307846144
-0.8249969200387154 -0.2252022376143236 0.25269529304832966
-0.8172801988003136 -0.2999137548750598 0.2509667848905542
-0.800675025705394 -0.35894956214789336 0.26201145164695033
-0.7469066781108344 -0.381306345764292 0.24428763097639256
-0.7011654869860616 -0.40133594669188705 0.21946433830923992
-0.6680158907213148 -0.3634933316910503 0.1871461148839885
-0.6559532720375371 -0.3444423017507155 0.13678633220126624
-0.6790883556880476 -0.29596587835253474 0.12027062181443207
-0.6868061552887136 -0.23951741893458642 0.10991158399323185
-0.7142952155980797 -0.20610600746685676 0.1468339925719369
-0.7563402645705594 -0.16266373934218828 0.18327343150258477
-0.7563402645705594 -0.16266373934218828 0.18327343150258477
-0.7563402645705594 -0.16266373934218828 0.18327343150258477
-0.7563402645705594 -0.16266373934218828 0.18327343150258477
-0.7563402645705594 -0.16266373934218828 0.18327343150258477
-0.5635551425381438 0.4186278127403039 -0.055507207970052916
-0.5631999119185728 0.46402915273275425 -0.1084465279796829
-0.53174082719851 0.5220742014662546 -0.11389938550841029
-0.4825781804253137 0.5523200375079901 -0.1145865079593774
-0.44262254529825507 0.5510641399031577 -0.06471717793959464
-0.41914773078906503 0.5694760791931771 -0.0158059351038489
-0.4365951527441371 0.5478082639940349 0.034271473774882454
-0.4687100198958332 0.5445189805345215 0.08159862900031163
-0.5169659789584073 0.5136284919151743 0.08138966821664616
-0.5490666107016892 0.46664434989742104 0.08803038066932596
-0.557130038952921 0.43099631803838434 0.04391910127840396
-0.5801260530881801 0.40331056378084074 -0.0032342034551400786
-0.5801260530881801 0.40331056378084074 -0.0032342034551400786
-0.5801260530881801 0.40331056378084074 -0.0032342034551400786
-0.5801260530881801 0.40331056378084074 -0.0032342034551400786
-0.5801260530881801 0.40331056378084074 -0.0032342034551400786
-0.5019360732766781 0.9317984764728489 0.2898366640478188
-0.5446251838098706 0.9452477451492611 0.2781415324268918
-0.591625525393322 0.9120510667943561 0.27716665010999775
-0.644106451194777 0.8840120138609421 0.2769293102366028
-0.6511579743540379 0.8399448795403703 0.28801833076238526
-0.6441849019255419 0.7830457948033279 0.2883252651428639
-0.5917432014894692 0.7606017382079349 0.29426058246938935
-0.5448381483607553 0.7381375898878936 0.2778768549334317
-0.502137844006858 0.7725825721672186 0.27234571544823705
-0.467158522021615 0.7903038582628299 0.277593936122553
-0.4752237619807588 0.8388511407703395 0.29383620425307133
-0.4670240082014951 0.8964477944665834 0.2892545685222742
-0.4670240082014951 0.8964477944665834 0.2892545685222742
-0.4670240082014951 0.8964477944665834 0.2892545685222742
-0.4670240082014951 0.8964477944665834 0.2892545685222742
-0.4670240082014951 0.8964477944665834 0.2892545685222742
-0.8378382002050342 -0.3956285858043282 0.2907799390739043
-0.8827366506852661 -0.4371382774792991 0.28778699355998466
-0.8699991155806424 -0.4985894187614008 0.282950943845944
-0.8621512848175956 -0.555537143056592 0.2850881545808564
-0.8069601514035285 -0.5732268841702673 0.286731680605212
-0.7483134079146052 -0.5950763597636596 0.28518464564405566
-0.699242300226157 -0.5578982438220024 0.28309568044074285
-0.6693892350629432 -0.5190638787303606 0.24533637128547345
-0.6885738921260355 -0.4592081626203187 0.22695926906733865
-0.7011654869860616 -0.40133594669188705 0.21946433830923992
-0.7469066781108344 -0.381306345764292 0.24428763097639256
-0.800675025705394 -0.35894956214789336 0.26201145164695033
-0.800675025705394 -0.35894956214789336 0.26201145164695033
-0.800675025705394 -0.35894956214789336 0.26201145164695033
-0.800675025705394 -0.35894956214789336 0.26201145164695033
-0.800675025705394 -0.35894956214789336 0.26201145164695033
-0.6670348945800135 -0.21648037098436784 0.06263013759332657
-0.6868061552887136 -0.23951741893458642 0.10991158399323185
-0.6790883556880476 -0.29596587835253474 0.12027062181443207
-0.6559532720375371 -0.3444423017507155 0.13678633220126624
-0.6207555697032487 -0.37386769520856145 0.10294225990537817
-0.5887408818178711 -0.4037338154931926 0.0662087676467506
-0.5782697703585488 -0.38490314896625033 0.014404274982658598
-0.6000084853119169 -0.3864900653490799 -0.046798963008813636
-0.6376569749443173 -0.3480020699923924 -0.06656933607796818
-0.6568730435373831 -0.2922001655141918 -0.07884052553200792
-0.663566607696748 -0.24346829921391822 -0.03365806880213283
-0.6764583232945139 -0.20451903284217543 0.007292456915521911
-0.6764583232945139 -0.20451903284217543 0.007292456915521911
-0.6764583232945139 -0.20451903284217543 0.007292456915521911
-0.6764583232945139 -0.20451903284217543 0.007292456915521911
-0.6764583232945139 -0.20451903284217543 0.007292456915521911
-0.4919838981512764 0.6155748534316525 0.2106811696563432
-0.538068851123701 0.633465777397516 0.2367671577388358
-0.5815892556338877 0.6035940194723688 0.23259603667749554
-0.6275368113410074 0.5521039528399708 0.24130021869323012
-0.6261858384772361 0.49353211659533464 0.21748076108793465
-0.6218798503809083 0.4532467663508612 0.17875777591685163
-0.5731038141937392 0.4553082397387044 0.1387823725129278
-0.5490666107016892 0.46664434989742104 0.08803038066932596
-0.5169659789584073 0.5136284919151743 0.08138966821664616
-0.4687100198958332 0.5445189805345215 0.08159862900031163
-0.45256892798495524 0.5721201856943551 0.12913474500940628
-0.45205529935774597 0.6124832215455069 0.16779296329344298
-0.45205529935774597 0.6124832215455069 0.16779296329344298
-0.45205529935774597 0.6124832215455069 0.16779296329344298
-0.45205529935774597 0.6124832215455069 0.16779296329344298
-0.45205529935774597 0.6124832215455069 0.16779296329344298
-0.4320253408989075 1.20567248361111 0.05535355951404131
-0.38214339718699186 1.215381374706907 0.08303033927106201
-0.33408374904632576 1.2192573875523978 0.11069507560653886
-0.29122020281032523 1.2402694786662316 0.08301227413874626
-0.24384295287952262 1.2573205580066804 0.05534151609249748
-0.2467822029367872 1.272476130388331 -7.347880794884119e-17
-0.24523156690784442 1.258309396047946 -0.053433409266815585
-0.293303123852808 1.24175273572813 -0.08015011390022334
-0.33483901937631 1.2208090508973706 -0.10830531077627514
-0.3811933816394855 1.216225612662468 -0.08230785226418944
-0.43139199720057 1.2062353089148175 -0.05487190150945965
-0.43813259058919796 1.2198921227542998 -7.347880794884119e-17
-0.43813259058919796 1.2198921227542998 -7.347880794884119e-17
-0.43813259058919796 1.2198921227542998 -7.347880794884119e-17
-0.43813259058919796 1.2198921227542998 -7.347880794884119e-17
-0.43813259058919796 1.2198921227542998 -7.347880794884119e-17
-0.33408374904632576 1.2192573875523978 0.11069507560653886
-0.38214339718699186 1.215381374706907 0.08303033927106201
-0.4320253408989075 1.20567248361111 0.05535355951404131
-0.4758000349205328 1.181743953372123 0.08303033927106201
-0.5162295117300881 1.1538384924050966 0.11069507560653885
-0.5084496534337628 1.137630387897887 0.1660426134098083
-0.4891746025034977 1.0956339592182818 0.20405884129343219
-0.43521767108064713 1.0944371535919006 0.22307598780140203
-0.3822662658654738 1.087185056252512 0.24204982521343577
-0.34808714847672684 1.1249570334492325 0.22302908928981363
-0.3113795832394824 1.1589744933806145 0.20402757561903995
-0.3288876471416601 1.2021213092840546 0.16604261340980836
-0.3288876471416601 1.2021213092840546 0.16604261340980836
-0.3288876471416601 1.2021213092840546 0.16604261340980836
-0.3288876471416601 1.2021213092840546 0.16604261340980836
-0.3288876471416601 1.2021213092840546 0.16604261340980836
-0.4733711687791759 0.583821771154558 -0.16514296043012727
-0.4649048652965793 0.6314301188823285 -0.19738641237744112
-0.4161125726051535 0.6697292619646653 -0.18891703456669018
-0.3611164344292133 0.6947595279326878 -0.19603241729590484
-0.31768852247812696 0.6788158847300971 -0.1631119678078229
-0.2844641138947705 0.6747555145881717 -0.11831869724971854
-0.30113409180348927 0.6397232419478911 -0.0723464544974107
-0.32482209512588783 0.6285821472229993 -0.020892119475726275
-0.37822549432480296 0.6095558336823383 -0.016972101146834513
-0.41914773078906503 0.5694760791931771 -0.0158059351038489
-0.44262254529825507 0.5510641399031577 -0.06471717793959464
-0.4825781804253137 0.5523200375079901 -0.1145865079593774
-0.4825781804253137 0.5523200375079901 -0.1145865079593774
-0.4825781804253137 0.5523200375079901 -0.1145865079593774
-0.4825781804253137 0.5523200375079901 -0.1145865079593774
-0.4825781804253137 0.5523200375079901 -0.1145865079593774
-0.33492173121483065 1.049932792771147 -0.2799766339863283
-0.3625847576176584 1.0929290889260488 -0.24152299083367848
-0.327277727873271 1.1217244500730241 -0.2253177935210408
-0.2988952501988336 1.1578082758377413 -0.20364527161417603
-0.2393874700865934 1.147251573138686 -0.2231600551570747
-0.194129390720285 1.152177651642912 -0.2319272420449253
-0.17012893865544804 1.11327851378078 -0.2677407491671646
-0.11342956480864569 1.09547904413419 -0.27648157180168725
-0.11833773121913445 1.062203661875603 -0.2899915497922177
-0.123980858040265 1.0040117708577616 -0.28735524431243525
-0.18595587850287698 0.9760776038661375 -0.2840512579332866
-0.23764189942179223 0.9483351739914915 -0.288274078270184
-0.28882929329142526 0.9786887665761976 -0.2913698007288408
-0.33695246789642797 0.9975719665948312 -0.2855576623055452
-0.33695246789642797 0.9975719665948312 -0.2855576623055452
-0.33695246789642797 0.9975719665948312 -0.2855576623055452
-0.5519679527988066 -1.0153567731450488 -0.25361480788635254
-0.5700544177518961 -1.0459882981277604 -0.21758156035626675
-0.606598116366873 -1.0337015062780488 -0.20648034814916366
-0.6559779602602632 -1.0224807263054085 -0.19145558529438556
-0.6808532665613574 -0.9800954154115208 -0.2144258452935307
-0.6998192219614762 -0.9330472158366483 -0.23500509112685738
-0.6723600089186925 -0.8995512405749083 -0.27180460689787145
-0.6199312316343001 -0.8548285654721887 -0.27781377962185666
-0.561021281070593 -0.8627674398648315 -0.2786388780360296
-0.5085596411354466 -0.8761718422256856 -0.2856930870672357
-0.5053026231704125 -0.9315661557051536 -0.28362356806594
-0.5025240889542558 -0.9778980644124969 -0.26901037363411767
-0.5025240889542558 -0.9778980644124969 -0.26901037363411767
-0.5025240889542558 -0.9778980644124969 -0.26901037363411767
-0.5025240889542558 -0.9778980644124969 -0.26901037363411767
-0.5025240889542558 -0.9778980644124969 -0.26901037363411767
-0.3822662658654738 1.087185056252512 0.24204982521343577
-0.43521767108064713 1.0944371535919006 0.22307598780140203
-0.4891746025034977 1.0956339592182818 0.20405884129343219
-0.5238564829960832 1.0548343361650576 0.2230579226690862
-0.559238790289474 1.0272716516107334 0.23362237150773676
-0.5403139527596116 0.9918936921805783 0.26742128312285884
-0.5446251838098706 0.9452477451492611 0.2781415324268918
-0.5019360732766781 0.9317984764728489 0.2898366640478188
-0.4670240082014951 0.8964477944665834 0.2892545685222742
-0.42391218934704833 0.9186937661565617 0.2840908372659324
-0.3696283133795031 0.9136286619037749 0.28740454982850944
-0.3558425310436901 0.957569777628636 0.28706163600717166
-0.3293495058408358 0.9959401389436691 0.28470692401728215
-0.3634939780390473 1.042160981716403 0.2800443985490916
-0.3634939780390473 1.042160981716403 0.2800443985490916
-0.3634939780390473 1.042160981716403 0.2800443985490916
-0.837754592539901 -0.9457398800731877 0.11219042052198264
-0.8138384799141267 -0.982671617459828 0.08015011390026246
-0.7781049249432809 -1.0188394296303966 0.05343340926684161
-0.7346956823073029 -1.04299955039782 0.08015011390026246
-0.6888266099879653 -1.0613422237556138 0.10877492535924758
-0.6799210074811535 -1.0464258086476539 0.1631623880388714
-0.6631052795177309 -1.0212669458880754 0.19395845927431213
-0.6961136866019513 -0.9828866335965123 0.20792541477285933
-0.7172580652486151 -0.9305280218311281 0.22997520917094538
-0.7611501860774799 -0.9103174225622328 0.21718751288382124
-0.8026290633154698 -0.8975037501414574 0.20354868651102184
-0.824170183702233 -0.9333502260620066 0.16828563078297398
-0.824170183702233 -0.9333502260620066 0.16828563078297398
-0.824170183702233 -0.9333502260620066 0.16828563078297398
-0.824170183702233 -0.9333502260620066 0.16828563078297398
-0.824170183702233 -0.9333502260620066 0.16828563078297398
-0.6118385028912074 -1.1251524419540833 0.055341516092405875
-0.6518631401754396 -1.0946013122213678 0.08301227413860886
-0.6888266099879653 -1.0613422237556138 0.10877492535924758
-0.7346956823073029 -1.04299955039782 0.08015011390026246
-0.7781049249432809 -1.0188394296303966 0.05343340926684161
-0.7857806126084129 -1.030847121033542 -7.347880794884119e-17
-0.7754329577546232 -1.0205778028090706 -0.05380201986160982
-0.7306877315243164 -1.045607110165831 -0.08070302979241468
-0.6892009369022359 -1.0661551894749486 -0.10230704162697485
-0.6564325813298322 -1.099213201032359 -0.07275753264804764
-0.6148847969941359 -1.128227034494744 -0.04850502176536512
-0.6192135216621661 -1.138714877695524 -7.347880794884119e-17
-0.6192135216621661 -1.138714877695524 -7.347880794884119e-17
-0.6192135216621661 -1.138714877695524 -7.347880794884119e-17
-0.6192135216621661 -1.138714877695524 -7.347880794884119e-17
-0.6192135216621661 -1.138714877695524 -7.347880794884119e-17
-0.4593550191653345 -0.8341819311070715 -0.2948168150997375
-0.5085596411354466 -0.8761718422256856 -0.2856930870672357
-0.561021281070593 -0.8627674398648315 -0.2786388780360296
-0.6199312316343001 -0.8548285654721887 -0.27781377962185666
-0.6264124049136146 -0.8021670159768263 -0.2829978539316689
-0.6322960491336018 -0.7612729341212212 -0.28637952557734
-0.5795685073195456 -0.7224339928383802 -0.2914874969692546
-0.5550779765167876 -0.6725943195487144 -0.2562484319521093
-0.5105852959883932 -0.6691490941180662 -0.23780121349382288
-0.45001334841155033 -0.6843608320662856 -0.22889077160979157
-0.4219715651616899 -0.7400837616147369 -0.250451006455778
-0.4158598305295113 -0.7943827233922892 -0.2669011726804013
-0.4158598305295113 -0.7943827233922892 -0.2669011726804013
-0.4158598305295113 -0.7943827233922892 -0.2669011726804013
-0.4158598305295113 -0.7943827233922892 -0.2669011726804013
-0.4158598305295113 -0.7943827233922892 -0.2669011726804013
-0.33483901937631 1.2208090508973706 -0.10830531077627514
-0.293303123852808 1.24175273572813 -0.08015011390022334
-0.24523156690784442 1.258309396047946 -0.053433409266815585
-0.19560937393393815 1.260699322027377 -0.08015011390022334
-0.14571605059382242 1.260867258192319 -0.10212230549682265
-0.14402984938177493 1.2455895289446894 -0.15318345824523394
-0.13055764358373936 1.2177362888469143 -0.18527617743703143
-0.17287176341881355 1.19600286800927 -0.2048809218105365
-0.194129390720285 1.152177651642912 -0.2319272420449253
-0.2393874700865934 1.147251573138686 -0.2231600551570747
-0.2988952501988336 1.1578082758377413 -0.20364527161417603
-0.33002055263663643 1.204448804301514 -0.1624579661644127
-0.33002055263663643 1.204448804301514 -0.1624579661644127
-0.33002055263663643 1.204448804301514 -0.1624579661644127
-0.33002055263663643 1.204448804301514 -0.1624579661644127
-0.33002055263663643 1.204448804301514 -0.1624579661644127
-0.4174831840845681 -0.6438496404660536 -0.1984200948797738
-0.45001334841155033 -0.6843608320662856 -0.22889077160979157
-0.5105852959883932 -0.6691490941180662 -0.23780121349382288
-0.5550779765167876 -0.6725943195487144 -0.2562484319521093
-0.5750801262424238 -0.6261998716896969 -0.23945658539325043
-0.6039813887253674 -0.5969528011746043 -0.2468414256140827
-0.5839404143012631 -0.5556868165569009 -0.22369070398678298
-0.6037889146070597 -0.500345843742847 -0.20552894898844135
-0.5747914150649622 -0.481289435542061 -0.17748787045478842
-0.5580981120590135 -0.475348309048859 -0.12074465259336047
-0.5154042104791937 -0.5181905145159189 -0.09651425939416163
-0.4672574544973253 -0.5439228392124004 -0.07432620828327706
-0.43853042872243 -0.5841512307873731 -0.10786020398966331
-0.4019767702342416 -0.6276955898458235 -0.14226343194035185
-0.4019767702342416 -0.6276955898458235 -0.14226343194035185
-0.4019767702342416 -0.6276955898458235 -0.14226343194035185
-0.8305297545416316 -0.7890399317490803 0.24656946926107393
-0.8225668201666962 -0.8488436018001333 0.22517291586627025
-0.8026290633154698 -0.8975037501414574 0.20354868651102184
-0.7611501860774799 -0.9103174225622328 0.21718751288382124
-0.7172580652486151 -0.9305280218311281 0.22997520917094538
-0.6945103230664145 -0.898380009334639 0.2648126998561556
-0.661286145901308 -0.8761880773533591 0.27625740061312326
-0.6771923070565189 -0.8288075058455795 0.28661080004708805
-0.6618015116832655 -0.7654634408805343 0.2851040586053064
-0.6952833717393508 -0.732293054625402 0.27808268684443027
-0.7456741222567346 -0.711339566965926 0.2818426499131806
-0.8030012229167225 -0.7476216949736669 0.28171868700889935
-0.8030012229167225 -0.7476216949736669 0.28171868700889935
-0.8030012229167225 -0.7476216949736669 0.28171868700889935
-0.8030012229167225 -0.7476216949736669 0.28171868700889935
-0.8030012229167225 -0.7476216949736669 0.28171868700889935
-0.42411396007722824 0.7594778618509315 0.2665998886663507
-0.467158522021615 0.7903038582628299 0.277593936122553
-0.502137844006858 0.7725825721672186 0.27234571544823705
-0.5448381483607553 0.7381375898878936 0.2778768549334317
-0.5406333995859387 0.6812284592885268 0.2670242668826687
-0.538068851123701 0.633465777397516 0.2367671577388358
-0.4919838981512764 0.6155748534316525 0.2106811696563432
-0.45205529935774597 0.6124832215455069 0.16779296329344298
-0.41161307193700625 0.6497546255105131 0.1635629752145795
-0.3586013352701333 0.6750183373279527 0.17254455904124488
-0.35180295201985745 0.7093775271053211 0.21780856327804604
-0.366935260696948 0.7481671615548983 0.24123583467575901
-0.366935260696948 0.7481671615548983 0.24123583467575901
-0.366935260696948 0.7481671615548983 0.24123583467575901
-0.366935260696948 0.7481671615548983 0.24123583467575901
-0.366935260696948 0.7481671615548983 0.24123583467575901
-0.6680158907213148 -0.3634933316910503 0.1871461148839885
-0.7011654869860616 -0.40133594669188705 0.21946433830923992
-0.6885738921260355 -0.4592081626203187 0.22695926906733865
-0.6693892350629432 -0.5190638787303606 0.24533637128547345
-0.6203515128366373 -0.5400852297487606 0.22595416434833882
-0.5683733909902928 -0.5511307103804876 0.1991951778982137
-0.5370501260170599 -0.5073084100955093 0.157747478986449
-0.5329372526937454 -0.49269429208449117 0.10274558036746449
-0.567197305391816 -0.45243060230476595 0.08127976805221503
-0.5887408818178711 -0.4037338154931926 0.0662087676467506
-0.6207555697032487 -0.37386769520856145 0.10294225990537817
-0.6559532720375371 -0.3444423017507155 0.13678633220126624
-0.6559532720375371 -0.3444423017507155 0.13678633220126624
-0.6559532720375371 -0.3444423017507155 0.13678633220126624
-0.6559532720375371 -0.3444423017507155 0.13678633220126624
-0.6559532720375371 -0.3444423017507155 0.13678633220126624
-0.34954820820435956 0.7357334371033013 -0.2360682495132015
-0.3467034525561139 0.788105729482934 -0.2562854059901272
-0.2960690496684778 0.8188351870554662 -0.2534914508491565
-0.24246840367316058 0.8417661209776705 -0.26302184501706116
-0.19319563487992955 0.8162240243454061 -0.2461729080536023
-0.13931332613330769 0.7919833036542249 -0.2163449737323003
-0.14133643335869847 0.7441609610702976 -0.1834761439220152
-0.16689605448181818 0.7183188988149721 -0.13189481465918007
-0.23456972740269533 0.7057274170865271 -0.119497669443922
-0.2844641138947705 0.6747555145881717 -0.11831869724971854
-0.31768852247812696 0.6788158847300971 -0.1631119678078229
-0.3611164344292133 0.6947595279326878 -0.19603241729590484
-0.3611164344292133 0.6947595279326878 -0.19603241729590484
-0.3611164344292133 0.6947595279326878 -0.19603241729590484
-0.3611164344292133 0.6947595279326878 -0.19603241729590484
-0.3611164344292133 0.6947595279326878 -0.19603241729590484
-0.5201647649551525 -1.1566034430103758 -0.10384653785791557
-0.5690082879904093 -1.1467530247563489 -0.07275753264804764
-0.6148847969941359 -1.128227034494744 -0.04850502176536512
-0.6564325813298322 -1.099213201032359 -0.07275753264804764
-0.6892009369022359 -1.0661551894749486 -0.10230704162697485
-0.6804824978525594 -1.053645257226656 -0.15346056244046224
-0.6559779602602632 -1.0224807263054085 -0.19145558529438556
-0.606598116366873 -1.0337015062780488 -0.20648034814916366
-0.5700544177518961 -1.0459882981277604 -0.21758156035626675
-0.5515971840900088 -1.088906614960184 -0.19264952503328409
-0.5085573623548855 -1.1180391698129328 -0.1837745327814065
-0.5143525332713571 -1.141777813805807 -0.1557698067868733
-0.5143525332713571 -1.141777813805807 -0.1557698067868733
-0.5143525332713571 -1.141777813805807 -0.1557698067868733
-0.5143525332713571 -1.141777813805807 -0.1557698067868733
-0.5143525332713571 -1.141777813805807 -0.1557698067868733
-0.2809304201450434 0.6661601643467895 0.08126404037623615
-0.3123879818535362 0.6659228593680238 0.13626213863110914
-0.3586013352701333 0.6750183373279527 0.17254455904124488
-0.41161307193700625 0.6497546255105131 0.1635629752145795
-0.45205529935774597 0.6124832215455069 0.16779296329344298
-0.45256892798495524 0.5721201856943551 0.12913474500940628
-0.4687100198958332 0.5445189805345215 0.08159862900031163
-0.4365951527441371 0.5478082639940349 0.034271473774882454
-0.41914773078906503 0.5694760791931771 -0.0158059351038489
-0.37822549432480296 0.6095558336823383 -0.016972101146834513
-0.32482209512588783 0.6285821472229993 -0.020892119475726275
-0.29510669924937133 0.6364673660387683 0.026642197217066392
-0.29510669924937133 0.6364673660387683 0.026642197217066392
-0.29510669924937133 0.6364673660387683 0.026642197217066392
-0.29510669924937133 0.6364673660387683 0.026642197217066392
-0.29510669924937133 0.6364673660387683 0.026642197217066392
-0.4478377242903523 -0.5294267723339091 -0.018604161466006228
-0.4672574544973253 -0.5439228392124004 -0.07432620828327706
-0.5154042104791937 -0.5181905145159189 -0.09651425939416163
-0.5580981120590135 -0.475348309048859 -0.12074465259336047
-0.5840987106328845 -0.426564977088597 -0.08823182793113132
-0.6000084853119169 -0.3864900653490799 -0.046798963008813636
-0.5782697703585488 -0.38490314896625033 0.014404274982658598
-0.5887408818178711 -0.4037338154931926 0.0662087676467506
-0.567197305391816 -0.45243060230476595 0.08127976805221503
-0.5329372526937454 -0.49269429208449117 0.10274558036746449
-0.49456432667236006 -0.5183438638531983 0.06920949406372943
-0.45336419862610294 -0.54402507210392 0.03615629402198365
-0.45336419862610294 -0.54402507210392 0.03615629402198365
-0.45336419862610294 -0.54402507210392 0.03615629402198365
-0.45336419862610294 -0.54402507210392 0.03615629402198365
-0.45336419862610294 -0.54402507210392 0.03615629402198365
-0.3291302197477708 0.8646224419261267 0.2910611762124242
-0.3696283133795031 0.9136286619037749 0.28740454982850944
-0.42391218934704833 0.9186937661565617 0.2840908372659324
-0.4670240082014951 0.8964477944665834 0.2892545685222742
-0.4752237619807588 0.8388511407703395 0.29383620425307133
-0.467158522021615 0.7903038582628299 0.277593936122553
-0.42411396007722824 0.7594778618509315 0.2665998886663507
-0.366935260696948 0.7481671615548983 0.24123583467575901
-0.3248888699937582 0.7756460957084421 0.23929905208288033
-0.30361276714397634 0.8182635482716951 0.25754335970647474
-0.30361276714397634 0.8182635482716951 0.25754335970647474
-0.30361276714397634 0.8182635482716951 0.25754335970647474
-0.30361276714397634 0.8182635482716951 0.25754335970647474
-0.30361276714397634 0.8182635482716951 0.25754335970647474
-0.30361276714397634 0.8182635482716951 0.25754335970647474
-0.30361276714397634 0.8182635482716951 0.25754335970647474
-0.7483134079146052 -0.5950763597636596 0.28518464564405566
-0.7387377721141304 -0.6541039512987092 0.28572657588621214
-0.7456741222567346 -0.711339566965926 0.2818426499131806
-0.6952833717393508 -0.732293054625402 0.27808268684443027
-0.6618015116832655 -0.7654634408805343 0.2851040586053064
-0.6129288562539268 -0.7352897621706218 0.29061868892440085
-0.5517596494528927 -0.7339994953207113 0.2799914219690299
-0.5302205783937917 -0.6850971362856672 0.2704137318900155
-0.5082861013617291 -0.6478053147384254 0.22883488959266482
-0.5477185341171814 -0.605998491297193 0.21388389035985322
-0.5683733909902928 -0.5511307103804876 0.1991951778982137
-0.6203515128366373 -0.5400852297487606 0.22595416434833882
-0.6693892350629432 -0.5190638787303606 0.24533637128547345
-0.699242300226157 -0.5578982438220024 0.28309568044074285
-0.699242300226157 -0.5578982438220024 0.28309568044074285
-0.699242300226157 -0.5578982438220024 0.28309568044074285
-0.23814052647107434 0.8902391515321392 -0.28940117614842464
-0.23764189942179223 0.9483351739914915 -0.288274078270184
-0.18595587850287698 0.9760776038661375 -0.2840512579332866
-0.123980858040265 1.0040117708577616 -0.28735524431243525
-0.06764896439878354 0.9737540468315445 -0.2880229252118015
-0.018884490579179753 0.9433998759550793 -0.2845396613792493
-0.028311327311249135 0.8851597615121138 -0.2798278835335076
-0.02939045442085406 0.8379404617653633 -0.23878162405223713
-0.083407910161295 0.8155649255469706 -0.2193858692212833
-0.13931332613330769 0.7919833036542249 -0.2163449737323003
-0.19319563487992955 0.8162240243454061 -0.2461729080536023
-0.24246840367316058 0.8417661209776705 -0.26302184501706116
-0.24246840367316058 0.8417661209776705 -0.26302184501706116
-0.24246840367316058 0.8417661209776705 -0.26302184501706116
-0.24246840367316058 0.8417661209776705 -0.26302184501706116
-0.24246840367316058 0.8417661209776705 -0.26302184501706116
-0.41837975372919106 -1.101282181321417 -0.22843441591013613
-0.4597223697032907 -1.123433080672807 -0.20290426652406218
-0.5085573623548855 -1.1180391698129328 -0.1837745327814065
-0.5515971840900088 -1.088906614960184 -0.19264952503328409
-0.5700544177518961 -1.0459882981277604 -0.21758156035626675
-0.5519679527988066 -1.0153567731450488 -0.25361480788635254
-0.5025240889542558 -0.9778980644124969 -0.26901037363411767
-0.4503016908935482 -0.9867712643872888 -0.26979274495006045
-0.4120993011893627 -1.010174303797738 -0.2730267348608016
-0.41633077115146705 -1.0637711322229104 -0.2596393497263785
-0.41633077115146705 -1.0637711322229104 -0.2596393497263785
-0.41633077115146705 -1.0637711322229104 -0.2596393497263785
-0.41633077115146705 -1.0637711322229104 -0.2596393497263785
-0.41633077115146705 -1.0637711322229104 -0.2596393497263785
-0.41633077115146705 -1.0637711322229104 -0.2596393497263785
-0.41633077115146705 -1.0637711322229104 -0.2596393497263785
-0.194129390720285 1.152177651642912 -0.2319272420449253
-0.17287176341881355 1.19600286800927 -0.2048809218105365
-0.13055764358373936 1.2177362888469143 -0.18527617743703143
-0.07477131795062959 1.2116164695867835 -0.19776415225532384
-0.018101354656970974 1.205546747231043 -0.20720233415841952
-0.004187330028660972 1.177718555585463 -0.23777015689261866
-0.002801825724120984 1.1384390720039788 -0.25650117695199
-0.0518220245513546 1.1109549567461872 -0.2717124164456795
-0.11342956480864569 1.09547904413419 -0.27648157180168725
-0.17012893865544804 1.11327851378078 -0.2677407491671646
-0.17012893865544804 1.11327851378078 -0.2677407491671646
-0.17012893865544804 1.11327851378078 -0.2677407491671646
-0.17012893865544804 1.11327851378078 -0.2677407491671646
-0.17012893865544804 1.11327851378078 -0.2677407491671646
-0.17012893865544804 1.11327851378078 -0.2677407491671646
-0.17012893865544804 1.11327851378078 -0.2677407491671646
-0.14294329984253148 1.2566119678980197 0.10954803933459678
-0.19352645289145545 1.2592160649654787 0.08301227413874626
-0.24384295287952262 1.2573205580066804 0.05534151609249748
-0.29122020281032523 1.2402694786662316 0.08301227413874626
-0.33408374904632576 1.2192573875523978 0.11069507560653886
-0.3288876471416601 1.2021213092840546 0.16604261340980836
-0.3113795832394824 1.1589744933806145 0.20402757561903995
-0.25716395410006027 1.149845137408557 0.2230110241574979
-0.20328480512250305 1.1475603425105183 0.23585081865192858
-0.1667454799661911 1.18500008297891 0.21377747795914132
-0.12508931789235525 1.2071346465736408 0.1967248418815268
-0.13987072325483854 1.2392065935032406 0.1643220590018952
-0.13987072325483854 1.2392065935032406 0.1643220590018952
-0.13987072325483854 1.2392065935032406 0.1643220590018952
-0.13987072325483854 1.2392065935032406 0.1643220590018952
-0.13987072325483854 1.2392065935032406 0.1643220590018952
-0.24384295287952262 1.2573205580066804 0.05534151609249748
-0.19352645289145545 1.2592160649654787 0.08301227413874626
-0.14294329984253148 1.2566119678980197 0.10954803933459678
-0.09543272338130049 1.27141324522534 0.08130978486314885
-0.047023964321850555 1.2806241752722443 0.05420652324209921
-0.04964744961043404 1.2952343760268155 -7.347880794884119e-17
-0.048408101044819685 1.283890627525278 -0.048688896230007155
-0.0975089284657542 1.2763129236048905 -0.07303334434501069
-0.14571605059382242 1.260867258192319 -0.10212230549682265
-0.19560937393393815 1.260699322027377 -0.08015011390022334
-0.24523156690784442 1.258309396047946 -0.053433409266815585
-0.2467822029367872 1.272476130388331 -7.347880794884119e-17
-0.2467822029367872 1.272476130388331 -7.347880794884119e-17
-0.2467822029367872 1.272476130388331 -7.347880794884119e-17
-0.2467822029367872 1.272476130388331 -7.347880794884119e-17
-0.2467822029367872 1.272476130388331 -7.347880794884119e-17
-0.3228623817318755 -0.9544442898235195 -0.29049660822959056
-0.36966544152307285 -0.9799805147830152 -0.28964810990596596
-0.4120993011893627 -1.010174303797738 -0.2730267348608016
-0.4503016908935482 -0.9867712643872888 -0.26979274495006045
-0.5025240889542558 -0.9778980644124969 -0.26901037363411767
-0.5053026231704125 -0.9315661557051536 -0.28362356806594
-0.5085596411354466 -0.8761718422256856 -0.2856930870672357
-0.4593550191653345 -0.8341819311070715 -0.2948168150997375
-0.4158598305295113 -0.7943827233922892 -0.2669011726804013
-0.3662529072615094 -0.8088824774550589 -0.2554356964856884
-0.3205873588908332 -0.840378931604882 -0.26768833261607217
-0.31644631170731735 -0.9031762434259608 -0.2959975550032438
-0.31644631170731735 -0.9031762434259608 -0.2959975550032438
-0.31644631170731735 -0.9031762434259608 -0.2959975550032438
-0.31644631170731735 -0.9031762434259608 -0.2959975550032438
-0.31644631170731735 -0.9031762434259608 -0.2959975550032438
-0.30113409180348927 0.6397232419478911 -0.0723464544974107
-0.2844641138947705 0.6747555145881717 -0.11831869724971854
-0.23456972740269533 0.7057274170865271 -0.119497669443922
-0.16689605448181818 0.7183188988149721 -0.13189481465918007
-0.12478200268406076 0.7050683182880915 -0.09271063061160299
-0.10063602530906356 0.7065613677682049 -0.034413530572216966
-0.1351796836435634 0.6880911205163762 0.026724256686522646
-0.17431240974117143 0.7005760006651948 0.081318746689207
-0.23529657933222253 0.6960902676335764 0.08088778528053295
-0.2809304201450434 0.6661601643467895 0.08126404037623615
-0.29510669924937133 0.6364673660387683 0.026642197217066392
-0.32482209512588783 0.6285821472229993 -0.020892119475726275
-0.32482209512588783 0.6285821472229993 -0.020892119475726275
-0.32482209512588783 0.6285821472229993 -0.020892119475726275
-0.32482209512588783 0.6285821472229993 -0.020892119475726275
-0.32482209512588783 0.6285821472229993 -0.020892119475726275
-0.18594498130125786 1.1078358071440881 0.2707639538391466
-0.20328480512250305 1.1475603425105183 0.23585081865192858
-0.25716395410006027 1.149845137408557 0.2230110241574979
-0.3113795832394824 1.1589744933806145 0.20402757561903995
-0.34808714847672684 1.1249570334492325 0.22302908928981363
-0.3822662658654738 1.087185056252512 0.24204982521343577
-0.3634939780390473 1.042160981716403 0.2800443985490916
-0.3293495058408358 0.9959401389436691 0.28470692401728215
-0.26871200843976983 0.9880896574859681 0.28701473749558326
-0.20992648505180211 0.9891971461176516 0.2913329072489567
-0.18435944685549685 1.032046492477377 0.2899833733966034
-0.1547484669594608 1.0690279125563982 0.280499051477999
-0.1547484669594608 1.0690279125563982 0.280499051477999
-0.1547484669594608 1.0690279125563982 0.280499051477999
-0.1547484669594608 1.0690279125563982 0.280499051477999
-0.1547484669594608 1.0690279125563982 0.280499051477999
-0.7172580652486151 -0.9305280218311281 0.22997520917094538
-0.6961136866019513 -0.9828866335965123 0.20792541477285933
-0.6631052795177309 -1.0212669458880754 0.19395845927431213
-0.6132811444700881 -1.03448839542006 0.21078757501120574
-0.5640471861289046 -1.0421302749278685 0.22606841051014662
-0.5475265465187117 -1.0141816271562016 0.25609034162661104
-0.5163153059169834 -0.9699761455188641 0.2706872396331828
-0.5416833241522064 -0.9262572013065538 0.27771581869576
-0.5594014799585026 -0.8947728720013023 0.2848594798395262
-0.6121558075809905 -0.9013767168798588 0.27734870193612615
-0.661286145901308 -0.8761880773533591 0.27625740061312326
-0.6945103230664145 -0.898380009334639 0.2648126998561556
-0.6945103230664145 -0.898380009334639 0.2648126998561556
-0.6945103230664145 -0.898380009334639 0.2648126998561556
-0.6945103230664145 -0.898380009334639 0.2648126998561556
-0.6945103230664145 -0.898380009334639 0.2648126998561556
-0.6888266099879653 -1.0613422237556138 0.10877492535924758
-0.6518631401754396 -1.0946013122213678 0.08301227413860886
-0.6118385028912074 -1.1251524419540833 0.055341516092405875
-0.5644388468360166 -1.142141135945358 0.08301227413860886
-0.5148763335378587 -1.1550107783908141 0.10969980955354186
-0.5064198861454163 -1.1393888168764645 0.16454971433031285
-0.49280634724579003 -1.112063889232138 0.19524317005621805
-0.5313338673979138 -1.0777208022073435 0.2113273148926231
-0.5640471861289046 -1.0421302749278685 0.22606841051014662
-0.6132811444700881 -1.03448839542006 0.21078757501120574
-0.6631052795177309 -1.0212669458880754 0.19395845927431213
-0.6799210074811535 -1.0464258086476539 0.1631623880388714
-0.6799210074811535 -1.0464258086476539 0.1631623880388714
-0.6799210074811535 -1.0464258086476539 0.1631623880388714
-0.6799210074811535 -1.0464258086476539 0.1631623880388714
-0.6799210074811535 -1.0464258086476539 0.1631623880388714
-0.6771923070565189 -0.8288075058455795 0.28661080004708805
-0.661286145901308 -0.8761880773533591 0.27625740061312326
-0.6121558075809905 -0.9013767168798588 0.27734870193612615
-0.5594014799585026 -0.8947728720013023 0.2848594798395262
-0.5243653081423109 -0.8566846978174942 0.2995139188866925
-0.49271728404514875 -0.8149294524186262 0.28592157527722434
-0.5121295137109597 -0.7816115875058447 0.27894184509267334
-0.5517596494528927 -0.7339994953207113 0.2799914219690299
-0.6129288562539268 -0.7352897621706218 0.29061868892440085
-0.6618015116832655 -0.7654634408805343 0.2851040586053064
-0.6618015116832655 -0.7654634408805343 0.2851040586053064
-0.6618015116832655 -0.7654634408805343 0.2851040586053064
-0.6618015116832655 -0.7654634408805343 0.2851040586053064
-0.6618015116832655 -0.7654634408805343 0.2851040586053064
-0.6618015116832655 -0.7654634408805343 0.2851040586053064
-0.6618015116832655 -0.7654634408805343 0.2851040586053064
-0.4306721627066494 -1.2068447695967746 0.05435829346113591
-0.4737702676321429 -1.1835023823506203 0.0815374401917039
-0.5148763335378587 -1.1550107783908141 0.10969980955354186
-0.5644388468360166 -1.142141135945358 0.08301227413860886
-0.6118385028912074 -1.1251524419540833 0.055341516092405875
-0.6192135216621661 -1.138714877695524 -7.347880794884119e-17
-0.6148847969941359 -1.128227034494744 -0.04850502176536512
-0.5690082879904093 -1.1467530247563489 -0.07275753264804764
-0.5201647649551525 -1.1566034430103758 -0.10384653785791557
-0.47713347360369107 -1.181279490468972 -0.08301227413882574
-0.4329143000210148 -1.2053628416756756 -0.05534151609255052
-0.43813259058920273 -1.2198921227542985 -7.347880794884119e-17
-0.43813259058920273 -1.2198921227542985 -7.347880794884119e-17
-0.43813259058920273 -1.2198921227542985 -7.347880794884119e-17
-0.43813259058920273 -1.2198921227542985 -7.347880794884119e-17
-0.43813259058920273 -1.2198921227542985 -7.347880794884119e-17
-0.16931256333224556 0.7743956227894477 0.2180576814413051
-0.19989522936963455 0.8174298996590322 0.24338244594542455
-0.2568192116904 0.8145221071805164 0.24226985082411956
-0.30361276714397634 0.8182635482716951 0.25754335970647474
-0.3248888699937582 0.7756460957084421 0.23929905208288033
-0.366935260696948 0.7481671615548983 0.24123583467575901
-0.35180295201985745 0.7093775271053211 0.21780856327804604
-0.3586013352701333 0.6750183373279527 0.17254455904124488
-0.3123879818535362 0.6659228593680238 0.13626213863110914
-0.2809304201450434 0.6661601643467895 0.08126404037623615
-0.23529657933222253 0.6960902676335764 0.08088778528053295
-0.17431240974117143 0.7005760006651948 0.081318746689207
-0.1524609662477283 0.7175466138456317 0.1363441981005654
-0.13032306574118677 0.7527795707691091 0.17276534412972178
-0.13032306574118677 0.7527795707691091 0.17276534412972178
-0.13032306574118677 0.7527795707691091 0.17276534412972178
-0.14571605059382242 1.260867258192319 -0.10212230549682265
-0.0975089284657542 1.2763129236048905 -0.07303334434501069
-0.048408101044819685 1.283890627525278 -0.048688896230007155
0.0019320749417291692 1.280124582944128 -0.07303334434501069
0.0531715486312282 1.2767792060762135 -0.08494289654832378
0.05486054604831765 1.265645791431294 -0.12741434482248565
0.06831988800899386 1.2415662951273834 -0.16030246253652738
0.024654584008377636 1.2273052165208824 -0.18607269332731607
-0.018101354656970974 1.205546747231043 -0.20720233415841952
-0.07477131795062959 1.2116164695867835 -0.19776415225532384
-0.13055764358373936 1.2177362888469143 -0.18527617743703143
-0.14402984938177493 1.2455895289446894 -0.15318345824523394
-0.14402984938177493 1.2455895289446894 -0.15318345824523394
-0.14402984938177493 1.2455895289446894 -0.15318345824523394
-0.14402984938177493 1.2455895289446894 -0.15318345824523394
-0.14402984938177493 1.2455895289446894 -0.15318345824523394
-0.5370501260170599 -0.5073084100955093 0.157747478986449
-0.5683733909902928 -0.5511307103804876 0.1991951778982137
-0.5477185341171814 -0.605998491297193 0.21388389035985322
-0.5082861013617291 -0.6478053147384254 0.22883488959266482
-0.4469191915742143 -0.6523203166324159 0.2022070465281257
-0.3953432282011811 -0.6579117959074828 0.17847069365037052
-0.37830422437635947 -0.6211582130507791 0.13833759644641175
-0.37585746376210244 -0.6125679715689739 0.08224169561043854
-0.4176905449155963 -0.5843045801246525 0.05786354946822775
-0.45336419862610294 -0.54402507210392 0.03615629402198365
-0.49456432667236006 -0.5183438638531983 0.06920949406372943
-0.5329372526937454 -0.49269429208449117 0.10274558036746449
-0.5329372526937454 -0.49269429208449117 0.10274558036746449
-0.5329372526937454 -0.49269429208449117 0.10274558036746449
-0.5329372526937454 -0.49269429208449117 0.10274558036746449
-0.5329372526937454 -0.49269429208449117 0.10274558036746449
-0.11833773121913445 1.062203661875603 -0.2899915497922177
-0.11342956480864569 1.09547904413419 -0.27648157180168725
-0.0518220245513546 1.1109549567461872 -0.2717124164456795
-0.002801825724120984 1.1384390720039788 -0.25650117695199
0.04760387740765262 1.126643703680286 -0.26002095751767174
0.09906941421237796 1.0948418929937551 -0.271901118846312
0.10098483535339381 1.0455591882308515 -0.2948123292871626
0.09353804258893848 0.991269970221284 -0.28906593076282333
0.039306819972493405 0.9712858195215794 -0.2857681753924387
-0.018884490579179753 0.9433998759550793 -0.2845396613792493
-0.06764896439878354 0.9737540468315445 -0.2880229252118015
-0.123980858040265 1.0040117708577616 -0.28735524431243525
-0.123980858040265 1.0040117708577616 -0.28735524431243525
-0.123980858040265 1.0040117708577616 -0.28735524431243525
-0.123980858040265 1.0040117708577616 -0.28735524431243525
-0.123980858040265 1.0040117708577616 -0.28735524431243525
-0.17670799986013963 0.9474552883896098 0.2970006108546835
-0.20992648505180211 0.9891971461176516 0.2913329072489567
-0.26871200843976983 0.9880896574859681 0.28701473749558326
-0.3293495058408358 0.9959401389436691 0.28470692401728215
-0.3558425310436901 0.957569777628636 0.28706163600717166
-0.3696283133795031 0.9136286619037749 0.28740454982850944
-0.3291302197477708 0.8646224419261267 0.2910611762124242
-0.30361276714397634 0.8182635482716951 0.25754335970647474
-0.2568192116904 0.8145221071805164 0.24226985082411956
-0.19989522936963455 0.8174298996590322 0.24338244594542455
-0.17355391308625812 0.8633719690071324 0.26981980557084895
-0.14648775481612764 0.9060520204650945 0.27986961929913384
-0.14648775481612764 0.9060520204650945 0.27986961929913384
-0.14648775481612764 0.9060520204650945 0.27986961929913384
-0.14648775481612764 0.9060520204650945 0.27986961929913384
-0.14648775481612764 0.9060520204650945 0.27986961929913384
-0.22375236021644027 -0.7942925617497325 -0.2331517302646945
-0.2790628577036728 -0.8090780739336263 -0.2516317463592843
-0.3205873588908332 -0.840378931604882 -0.26768833261607217
-0.3662529072615094 -0.8088824774550589 -0.2554356964856884
-0.4158598305295113 -0.7943827233922892 -0.2669011726804013
-0.4219715651616899 -0.7400837616147369 -0.250451006455778
-0.45001334841155033 -0.6843608320662856 -0.22889077160979157
-0.4174831840845681 -0.6438496404660536 -0.1984200948797738
-0.4019767702342416 -0.6276955898458235 -0.14226343194035185
-0.3499166978957267 -0.6550858982840437 -0.1205099969516184
-0.2972467167861966 -0.662062368278929 -0.09379205639050087
-0.26038810391250056 -0.6953998081157119 -0.12571303155499736
-0.21130252435565877 -0.7185070512044565 -0.1492059203951699
-0.22100040924992 -0.7397529226723348 -0.2036307929586219
-0.22100040924992 -0.7397529226723348 -0.2036307929586219
-0.22100040924992 -0.7397529226723348 -0.2036307929586219
-0.28143534855036245 -0.6357013984370314 -0.03515314066488688
-0.2972467167861966 -0.662062368278929 -0.09379205639050087
-0.3499166978957267 -0.6550858982840437 -0.1205099969516184
-0.4019767702342416 -0.6276955898458235 -0.14226343194035185
-0.43853042872243 -0.5841512307873731 -0.10786020398966331
-0.4672574544973253 -0.5439228392124004 -0.07432620828327706
-0.4478377242903523 -0.5294267723339091 -0.018604161466006228
-0.45336419862610294 -0.54402507210392 0.03615629402198365
-0.4176905449155963 -0.5843045801246525 0.05786354946822775
-0.37585746376210244 -0.6125679715689739 0.08224169561043854
-0.3315776219943517 -0.63224112153149 0.0505239409166761
-0.2850206661852799 -0.6468325171105599 0.020230568855028785
-0.2850206661852799 -0.6468325171105599 0.020230568855028785
-0.2850206661852799 -0.6468325171105599 0.020230568855028785
-0.2850206661852799 -0.6468325171105599 0.020230568855028785
-0.2850206661852799 -0.6468325171105599 0.020230568855028785
-0.3363613221960211 -1.21993658365753 -0.10877492536067591
-0.38347683587015063 -1.2149169118037566 -0.08301227413882574
-0.4329143000210148 -1.2053628416756756 -0.05534151609255052
-0.47713347360369107 -1.181279490468972 -0.08301227413882574
-0.5201647649551525 -1.1566034430103758 -0.10384653785791557
-0.5143525332713571 -1.141777813805807 -0.1557698067868733
-0.5085573623548855 -1.1180391698129328 -0.1837745327814065
-0.4597223697032907 -1.123433080672807 -0.20290426652406218
-0.41837975372919106 -1.101282181321417 -0.22843441591013613
-0.3790861203328153 -1.1166423310685336 -0.2227596314799677
-0.3334341785044643 -1.1544201965007146 -0.20193983025477058
-0.33230400686620054 -1.2031401034417535 -0.16316238804101385
-0.33230400686620054 -1.2031401034417535 -0.16316238804101385
-0.33230400686620054 -1.2031401034417535 -0.16316238804101385
-0.33230400686620054 -1.2031401034417535 -0.16316238804101385
-0.33230400686620054 -1.2031401034417535 -0.16316238804101385
