x y z
0.4404366578558302 0.6934251674595496 0.2410999830457988
0.36361522403285246 0.7723741962901445 0.2616738651907986
0.33448438321889323 0.7415768924053804 0.22065482409332823
0.35832967972340246 0.6867037260477009 0.1898583624720931
0.2867937902098747 0.8513232251207392 0.2822477473357984
0.2815082459004248 0.7656527548782956 0.2104322446170929
0.33448438321889323 0.7415768924053804 0.22065482409332823
0.36361522403285246 0.7723741962901445 0.2616738651907986
0.2762227015909748 0.6799822846358521 0.1386167418983874
0.35832967972340246 0.6867037260477009 0.1898583624720931
0.33448438321889323 0.7415768924053804 0.22065482409332823
0.2815082459004248 0.7656527548782956 0.2104322446170929
0.6205886462500091 -0.3905626314291758 -0.137293425818477
0.565821015539828 -0.47821257590975663 -0.16027682949673722
0.5492115391103608 -0.47648696117487166 -0.10612247891464872
0.5682906162507178 -0.4317991815671387 -0.06755360178447437
0.5110533848296469 -0.5658625203903375 -0.1832602331749974
0.5135229855405368 -0.5194491260477195 -0.09053700546273456
0.5492115391103608 -0.47648696117487166 -0.10612247891464872
0.565821015539828 -0.47821257590975663 -0.16027682949673722
0.5159925862514265 -0.4730357317051016 0.00218622224952827
0.5682906162507178 -0.4317991815671387 -0.06755360178447437
0.5492115391103608 -0.47648696117487166 -0.10612247891464872
0.5135229855405368 -0.5194491260477195 -0.09053700546273456
0.3713976577839098 -0.5945207129855099 -0.02438804121584415
0.2832162181649874 -0.6346186591218175 -0.030891274542433483
0.2835481469084367 -0.6476702062096699 0.023854189559193373
0.32780483108962266 -0.6341470066854422 0.05447853827330147
0.1950347785460649 -0.674716605258125 -0.03739450786902281
0.23962339147070022 -0.6742449528217498 0.047975304946712136
0.2835481469084367 -0.6476702062096699 0.023854189559193373
0.2832162181649874 -0.6346186591218175 -0.030891274542433483
0.2842120043953355 -0.6737733003853745 0.1333451177624471
0.32780483108962266 -0.6341470066854422 0.05447853827330147
0.2835481469084367 -0.6476702062096699 0.023854189559193373
0.23962339147070022 -0.6742449528217498 0.047975304946712136
0.4557518992866467 -0.581280485942559 0.1472877853500713
0.5374250833493794 -0.6081205813758642 0.21256051360677225
0.5582488624528023 -0.5576008630879712 0.1988825219591067
0.5278241599731472 -0.518920956227372 0.15940716200692345
0.619098267412112 -0.6349606768091695 0.2778332418634732
0.6094973440358799 -0.5457610516606772 0.2246798902636244
0.5582488624528023 -0.5576008630879712 0.1988825219591067
0.5374250833493794 -0.6081205813758642 0.21256051360677225
0.5998964206596477 -0.456561426512185 0.1715265386637756
0.5278241599731472 -0.518920956227372 0.15940716200692345
0.5582488624528023 -0.5576008630879712 0.1988825219591067
0.6094973440358799 -0.5457610516606772 0.2246798902636244
0.3713976577839098 -0.5945207129855099 -0.02438804121584415
0.32780483108962266 -0.6341470066854422 0.05447853827330147
0.370453853821964 -0.6165248331044811 0.0854149539655581
0.41357477853527824 -0.5879005994640345 0.06144987206711358
0.2842120043953355 -0.6737733003853745 0.1333451177624471
0.36998195184099114 -0.6275268931639668 0.14031645155625921
0.370453853821964 -0.6165248331044811 0.0854149539655581
0.32780483108962266 -0.6341470066854422 0.05447853827330147
0.4557518992866467 -0.581280485942559 0.1472877853500713
0.41357477853527824 -0.5879005994640345 0.06144987206711358
0.370453853821964 -0.6165248331044811 0.0854149539655581
0.36998195184099114 -0.6275268931639668 0.14031645155625921
-1.031640325246295 -0.1443988744009623 0.2970881248971383
-1.1167014157009993 -0.16065833423361 0.2533025718052763
-1.1103107640742385 -0.2178040326457784 0.2561018595524085
-1.0645848930335058 -0.23824715193553875 0.2793942799719056
-1.201762506155704 -0.1769177940662577 0.2095170187134143
-1.1496459834882105 -0.25450661176818645 0.23560872688004353
-1.1103107640742385 -0.2178040326457784 0.2561018595524085
-1.1167014157009993 -0.16065833423361 0.2533025718052763
-1.097529460820717 -0.3320954294701152 0.2617004350466728
-1.0645848930335058 -0.23824715193553875 0.2793942799719056
-1.1103107640742385 -0.2178040326457784 0.2561018595524085
-1.1496459834882105 -0.25450661176818645 0.23560872688004353
-0.417910810423314 1.178921681235852 -0.1646157045283788
-0.4255548137648737 1.107130023933975 -0.21927454499366633
-0.48005485382530494 1.105120361399476 -0.20207671332243035
-0.5034828721847407 1.140011358783165 -0.1661483772541686
-0.4331988171064334 1.035338366632098 -0.2739333854589539
-0.5111268755263004 1.0682197014812882 -0.22080721771945616
-0.48005485382530494 1.105120361399476 -0.20207671332243035
-0.4255548137648737 1.107130023933975 -0.21927454499366633
-0.5890549339461675 1.101101036330478 -0.1676810499799584
-0.5034828721847407 1.140011358783165 -0.1661483772541686
-0.48005485382530494 1.105120361399476 -0.20207671332243035
-0.5111268755263004 1.0682197014812882 -0.22080721771945616
0.8315717411648943 0.9330957187038333 0.1660245482775931
0.9001737963327747 0.8608203619368939 0.16657874715110746
0.9123418881155246 0.8743676583012338 0.11105249810073829
0.8841249064229593 0.9172789848668732 0.08301227413879651
0.9687758515006553 0.7885450051699544 0.1671329460246218
0.9527269615908398 0.8450036280999338 0.08356647301231086
0.9123418881155246 0.8743676583012338 0.11105249810073829
0.9001737963327747 0.8608203619368939 0.16657874715110746
0.9366780716810242 0.9014622510299131 -7.347880794884119e-17
0.8841249064229593 0.9172789848668732 0.08301227413879651
0.9123418881155246 0.8743676583012338 0.11105249810073829
0.9527269615908398 0.8450036280999338 0.08356647301231086
0.7167430457776972 -0.3112735120978554 0.2054781412804451
0.7307988920638037 -0.3926394465600871 0.24083738293656837
0.7810557908668229 -0.37289036514818447 0.25870457581465334
0.7991563171252791 -0.32233285721111726 0.24995855142563417
0.7448547383499101 -0.4740053810223188 0.2761966245926917
0.8132121634113856 -0.403698791673349 0.2853177930817575
0.7810557908668229 -0.37289036514818447 0.25870457581465334
0.7307988920638037 -0.3926394465600871 0.24083738293656837
0.8815695884728612 -0.3333922023243791 0.2944389615708233
0.7991563171252791 -0.32233285721111726 0.24995855142563417
0.7810557908668229 -0.37289036514818447 0.25870457581465334
0.8132121634113856 -0.403698791673349 0.2853177930817575
0.7503307138289915 0.5605541715592728 0.2932239374530641
0.7819611695716748 0.6576137085762475 0.2862212878455149
0.7344564371936584 0.6775316514203547 0.2899653096098374
0.6948888431333085 0.6389608543339209 0.2953386452957732
0.813591625314358 0.7546732455932222 0.2792186382379657
0.7265192988759916 0.7360203913508957 0.288335995688224
0.7344564371936584 0.6775316514203547 0.2899653096098374
0.7819611695716748 0.6576137085762475 0.2862212878455149
0.6394469724376254 0.7173675371085692 0.2974533531384823
0.6948888431333085 0.6389608543339209 0.2953386452957732
0.7344564371936584 0.6775316514203547 0.2899653096098374
0.7265192988759916 0.7360203913508957 0.288335995688224
0.6210357640659442 1.142065926184224 -7.347880794884119e-17
0.6534871900482586 1.0941726323424765 -0.08209234341640419
0.6060858930213391 1.109619226619391 -0.11006974503681992
0.566159531516722 1.141289170678722 -0.08301227413882574
0.6859386160305732 1.046279338500729 -0.1641846868328083
0.5986109574990366 1.0933958768369745 -0.16510461755522984
0.6060858930213391 1.109619226619391 -0.11006974503681992
0.6534871900482586 1.0941726323424765 -0.08209234341640419
0.5112832989675 1.14051241517322 -0.1660245482776514
0.566159531516722 1.141289170678722 -0.08301227413882574
0.6060858930213391 1.109619226619391 -0.11006974503681992
0.5986109574990366 1.0933958768369745 -0.16510461755522984
0.5159925862514265 -0.4730357317051016 0.00218622224952827
0.44369512201766814 -0.5337782223453058 -0.01110090948315794
0.4477140477739943 -0.5496123102110569 0.04169532212791848
0.4858722427690366 -0.5271581088238303 0.07473700379979979
0.3713976577839098 -0.5945207129855099 -0.02438804121584415
0.41357477853527824 -0.5879005994640345 0.06144987206711358
0.4477140477739943 -0.5496123102110569 0.04169532212791848
0.44369512201766814 -0.5337782223453058 -0.01110090948315794
0.4557518992866467 -0.581280485942559 0.1472877853500713
0.4858722427690366 -0.5271581088238303 0.07473700379979979
0.4477140477739943 -0.5496123102110569 0.04169532212791848
0.41357477853527824 -0.5879005994640345 0.06144987206711358
0.7503307138289915 0.5605541715592728 0.2932239374530641
0.6948888431333085 0.6389608543339209 0.2953386452957732
0.6543994377026512 0.6106104984787278 0.2706016550345995
0.661875670335164 0.5572319791638073 0.25717580598265805
0.6394469724376254 0.7173675371085692 0.2974533531384823
0.606433799639481 0.6356386619384555 0.25929051382536716
0.6543994377026512 0.6106104984787278 0.2706016550345995
0.6948888431333085 0.6389608543339209 0.2953386452957732
0.5734206268413365 0.5539097867683418 0.221127674512252
0.661875670335164 0.5572319791638073 0.25717580598265805
0.6543994377026512 0.6106104984787278 0.2706016550345995
0.606433799639481 0.6356386619384555 0.25929051382536716
1.092705098312482 -2.676355602120751e-16 -0.2853169548885466
1.1325964662814316 0.08018181995026961 -0.2613630457260038
1.1692993436251153 0.05345454663351298 -0.23302055571325012
1.1677050983124824 -2.860052621992856e-16 -0.2308262652881447
1.172487834250381 0.1603636399005395 -0.237409136563461
1.207596466281432 0.0801818199502696 -0.2068723561256019
1.1692993436251153 0.05345454663351298 -0.23302055571325012
1.1325964662814316 0.08018181995026961 -0.2613630457260038
1.242705098312483 -3.04374964186496e-16 -0.1763355756877428
1.1677050983124824 -2.860052621992856e-16 -0.2308262652881447
1.1692993436251153 0.05345454663351298 -0.23302055571325012
1.207596466281432 0.0801818199502696 -0.2068723561256019
1.242705098312483 -3.04374964186496e-16 -0.1763355756877428
1.2067059833850982 -0.07905684886719866 -0.207663907717577
1.1687056883608928 -0.05270456591146586 -0.2335482567745669
1.1677050983124824 -2.860052621992856e-16 -0.2308262652881447
1.170706868457713 -0.158113697734397 -0.2389922397474112
1.1317059833850975 -0.07905684886719865 -0.2621545973179789
1.1687056883608928 -0.05270456591146586 -0.2335482567745669
1.2067059833850982 -0.07905684886719866 -0.207663907717577
1.092705098312482 -2.676355602120751e-16 -0.2853169548885466
1.1677050983124824 -2.860052621992856e-16 -0.2308262652881447
1.1687056883608928 -0.05270456591146586 -0.2335482567745669
1.1317059833850975 -0.07905684886719865 -0.2621545973179789
1.242705098312484 -3.043749641864962e-16 0.1763355756877418
1.207596466281439 0.08018181995017559 0.20687235612560606
1.1692993436251207 0.053454546633450305 0.23302055571325272
1.1677050983124841 -2.860052621992859e-16 0.23082626528814393
1.172487834250394 0.1603636399003515 0.2374091365634703
1.132596466281439 0.0801818199501756 0.26136304572600816
1.1692993436251207 0.053454546633450305 0.23302055571325272
1.207596466281439 0.08018181995017559 0.20687235612560606
1.092705098312484 -2.676355602120756e-16 0.285316954888546
1.1677050983124841 -2.860052621992859e-16 0.23082626528814393
1.1692993436251207 0.053454546633450305 0.23302055571325272
1.132596466281439 0.0801818199501756 0.26136304572600816
1.092705098312484 -2.676355602120756e-16 0.285316954888546
1.132596466281413 -0.08018181995012288 0.26136304572603375
1.1692993436251033 -0.05345454663341536 0.23302055571326977
1.1677050983124841 -2.860052621992859e-16 0.23082626528814393
1.172487834250342 -0.1603636399002455 0.2374091365635215
1.2075964662814132 -0.0801818199501229 0.20687235612563165
1.1692993436251033 -0.05345454663341536 0.23302055571326977
1.132596466281413 -0.08018181995012288 0.26136304572603375
1.242705098312484 -3.043749641864962e-16 0.1763355756877418
1.1677050983124841 -2.860052621992859e-16 0.23082626528814393
1.1692993436251033 -0.05345454663341536 0.23302055571326977
1.2075964662814132 -0.0801818199501229 0.20687235612563165
0.6210357640659442 1.142065926184224 -7.347880794884119e-17
0.6534484497063167 1.0946016575536022 0.08157371094345715
0.6983299778897548 1.0743613492542192 0.05438247396230474
0.7045643991612877 1.0879733294198386 -7.347880794884119e-17
0.6858611353466892 1.04713738892298 0.1631474218869144
0.7369770848016601 1.0405090607892165 0.08157371094345715
0.6983299778897548 1.0743613492542192 0.05438247396230474
0.6534484497063167 1.0946016575536022 0.08157371094345715
0.7880930342566311 1.033880732655453 -7.347880794884119e-17
0.7045643991612877 1.0879733294198386 -7.347880794884119e-17
0.6983299778897548 1.0743613492542192 0.05438247396230474
0.7369770848016601 1.0405090607892165 0.08157371094345715
0.7880930342566289 -1.033880732655455 -7.347880794884119e-17
0.8123807753977159 -0.9836987768088672 0.0801501139002584
0.768050409996599 -1.0054988723304845 0.1087749253593701
0.7337413567254971 -1.041489898014587 0.08301227413879671
0.8366685165388029 -0.9335168209622792 0.1603002278005169
0.7580290978665842 -0.9913079421679991 0.1631623880390552
0.768050409996599 -1.0054988723304845 0.1087749253593701
0.8123807753977159 -0.9836987768088672 0.0801501139002584
0.6793896791943654 -1.049099063373719 0.1660245482775935
0.7337413567254971 -1.041489898014587 0.08301227413879671
0.768050409996599 -1.0054988723304845 0.1087749253593701
0.7580290978665842 -0.9913079421679991 0.1631623880390552
0.5159925862514265 -0.4730357317051016 0.00218622224952827
0.4858722427690366 -0.5271581088238303 0.07473700379979979
0.523880302065907 -0.5036258813866152 0.10700018208779172
0.557944503455537 -0.4647985791086433 0.08685638045665194
0.4557518992866467 -0.581280485942559 0.1472877853500713
0.5278241599731472 -0.518920956227372 0.15940716200692345
0.523880302065907 -0.5036258813866152 0.10700018208779172
0.4858722427690366 -0.5271581088238303 0.07473700379979979
0.5998964206596477 -0.456561426512185 0.1715265386637756
0.557944503455537 -0.4647985791086433 0.08685638045665194
0.523880302065907 -0.5036258813866152 0.10700018208779172
0.5278241599731472 -0.518920956227372 0.15940716200692345
0.6793896791943654 -1.049099063373719 0.1660245482775935
0.6328819854648615 -1.0092580564690152 0.2174750479559947
0.5836082780754751 -1.030512912466634 0.2255854946615151
0.5822252712455338 -1.061060843917795 0.2039154681750747
0.5863742917353577 -0.9694170495643116 0.2689255476343959
0.53571757751603 -1.0212198370130914 0.2553659678534759
0.5836082780754751 -1.030512912466634 0.2255854946615151
0.6328819854648615 -1.0092580564690152 0.2174750479559947
0.4850608632967023 -1.073022624461871 0.2418063880725559
0.5822252712455338 -1.061060843917795 0.2039154681750747
0.5836082780754751 -1.030512912466634 0.2255854946615151
0.53571757751603 -1.0212198370130914 0.2553659678534759
0.623816736795696 -0.3246227636144778 0.04387919741689999
0.5699046615235612 -0.39882924765978967 0.023032709833214128
0.5799019145689234 -0.4180733072772547 0.07253065277673461
0.6118565787276719 -0.39059209506333137 0.1077028680403378
0.5159925862514265 -0.4730357317051016 0.00218622224952827
0.557944503455537 -0.4647985791086433 0.08685638045665194
0.5799019145689234 -0.4180733072772547 0.07253065277673461
0.5699046615235612 -0.39882924765978967 0.023032709833214128
0.5998964206596477 -0.456561426512185 0.1715265386637756
0.6118565787276719 -0.39059209506333137 0.1077028680403378
0.5799019145689234 -0.4180733072772547 0.07253065277673461
0.557944503455537 -0.4647985791086433 0.08685638045665194
0.623816736795696 -0.3246227636144778 0.04387919741689999
0.6118565787276719 -0.39059209506333137 0.1077028680403378
0.6468187344110136 -0.3641525674081727 0.14029462578704022
0.6702798912866966 -0.3179481378561666 0.12467866934867254
0.5998964206596477 -0.456561426512185 0.1715265386637756
0.6583197332186724 -0.38391746930502024 0.18850233997211036
0.6468187344110136 -0.3641525674081727 0.14029462578704022
0.6118565787276719 -0.39059209506333137 0.1077028680403378
0.7167430457776972 -0.3112735120978554 0.2054781412804451
0.6702798912866966 -0.3179481378561666 0.12467866934867254
0.6468187344110136 -0.3641525674081727 0.14029462578704022
0.6583197332186724 -0.38391746930502024 0.18850233997211036
1.165015224049372 -0.576835789227048 -7.347880794884119e-17
1.1648161960459835 -0.5234014835821788 -0.07831347578903049
1.189682567254459 -0.4796799151127025 -0.052208983859353686
1.202215266860391 -0.48453628370039903 -7.347880794884119e-17
1.164617168042595 -0.4699671779373095 -0.1566269515780609
1.2020162388570026 -0.4311019780555298 -0.07831347578903049
1.189682567254459 -0.4796799151127025 -0.052208983859353686
1.1648161960459835 -0.5234014835821788 -0.07831347578903049
1.23941530967141 -0.3922367781737501 -7.347880794884119e-17
1.202215266860391 -0.48453628370039903 -7.347880794884119e-17
1.189682567254459 -0.4796799151127025 -0.052208983859353686
1.2020162388570026 -0.4311019780555298 -0.07831347578903049
1.165015224049373 0.5768357892270467 -7.347880794884119e-17
1.1646490007730064 0.5198011619744531 0.08070302979243756
1.189571103739141 0.47727970070755193 0.05380201986162501
1.2022152668603914 0.48453628370039803 -7.347880794884119e-17
1.16428277749664 0.4627665347218596 0.1614060595848752
1.201849043584025 0.42750165644780447 0.08070302979243756
1.189571103739141 0.47727970070755193 0.05380201986162501
1.1646490007730064 0.5198011619744531 0.08070302979243756
1.23941530967141 0.3922367781737494 -7.347880794884119e-17
1.2022152668603914 0.48453628370039803 -7.347880794884119e-17
1.189571103739141 0.47727970070755193 0.05380201986162501
1.201849043584025 0.42750165644780447 0.08070302979243756
1.164617168042595 -0.4699671779373095 -0.1566269515780609
1.0883876119598286 -0.48375116458249623 -0.21401440089444515
1.0871730107589495 -0.4308951990267129 -0.23240454397708957
1.124680488199893 -0.3975752229262278 -0.21290589086021963
1.012158055877062 -0.497535151227683 -0.2714018502108294
1.0484509321171265 -0.4113592095714146 -0.2702933401766039
1.0871730107589495 -0.4308951990267129 -0.23240454397708957
1.0883876119598286 -0.48375116458249623 -0.21401440089444515
1.084743808357191 -0.3251832679151462 -0.2691848301423784
1.124680488199893 -0.3975752229262278 -0.21290589086021963
1.0871730107589495 -0.4308951990267129 -0.23240454397708957
1.0484509321171265 -0.4113592095714146 -0.2702933401766039
0.8425174578886259 0.4181219617812107 0.2940534395782373
0.8761286580049288 0.34546963200702097 0.2949089096029833
0.9254544599170466 0.3782657281282231 0.28880614555566836
0.9333117608149539 0.4309899410759191 0.28532702851963787
0.9097398581212318 0.2728173022328312 0.2957643796277294
0.9669229609312568 0.35833761130172936 0.28618249854438393
0.9254544599170466 0.3782657281282231 0.28880614555566836
0.8761286580049288 0.34546963200702097 0.2949089096029833
1.024106063741282 0.4438579203706275 0.2766006174610385
0.9333117608149539 0.4309899410759191 0.28532702851963787
0.9254544599170466 0.3782657281282231 0.28880614555566836
0.9669229609312568 0.35833761130172936 0.28618249854438393
-0.04592940391359098 1.261203130522203 -0.1460666886900213
-0.14402984938177493 1.2455895289446894 -0.15318345824523394
-0.14571605059382242 1.260867258192319 -0.10212230549682265
-0.0975089284657542 1.2763129236048905 -0.07303334434501069
-0.2421302948499589 1.229975927367176 -0.1603002278004466
-0.19560937393393815 1.260699322027377 -0.08015011390022334
-0.14571605059382242 1.260867258192319 -0.10212230549682265
-0.14402984938177493 1.2455895289446894 -0.15318345824523394
-0.1490884530179174 1.291422716687578 -7.347880794884119e-17
-0.0975089284657542 1.2763129236048905 -0.07303334434501069
-0.14571605059382242 1.260867258192319 -0.10212230549682265
-0.19560937393393815 1.260699322027377 -0.08015011390022334
0.619098267412112 -0.6349606768091695 0.2778332418634732
0.7113778150035768 -0.6253176129562273 0.28878877433962646
0.7225367894523546 -0.5748802023115912 0.2845913910906482
0.6819765028810111 -0.5544830289157441 0.27701493322808246
0.8036573625950415 -0.6156745491032852 0.2997443068157797
0.7742560504724758 -0.544839965062802 0.2879704657042357
0.7225367894523546 -0.5748802023115912 0.2845913910906482
0.7113778150035768 -0.6253176129562273 0.28878877433962646
0.7448547383499101 -0.4740053810223188 0.2761966245926917
0.6819765028810111 -0.5544830289157441 0.27701493322808246
0.7225367894523546 -0.5748802023115912 0.2845913910906482
0.7742560504724758 -0.544839965062802 0.2879704657042357
-0.5970884653492902 -1.098027570471202 0.1660245482772178
-0.6799210074811535 -1.0464258086476539 0.1631623880388714
-0.6888266099879653 -1.0613422237556138 0.10877492535924758
-0.6518631401754396 -1.0946013122213678 0.08301227413860886
-0.7627535496130167 -0.9948240468241061 0.160300227800525
-0.7346956823073029 -1.04299955039782 0.08015011390026246
-0.6888266099879653 -1.0613422237556138 0.10877492535924758
-0.6799210074811535 -1.0464258086476539 0.1631623880388714
-0.7066378150015891 -1.091175053971534 -7.347880794884119e-17
-0.6518631401754396 -1.0946013122213678 0.08301227413860886
-0.6888266099879653 -1.0613422237556138 0.10877492535924758
-0.7346956823073029 -1.04299955039782 0.08015011390026246
-0.417910810423314 1.178921681235852 -0.1646157045283788
-0.5034828721847407 1.140011358783165 -0.1661483772541686
-0.5129183242307401 1.1554258063286154 -0.11076558483611242
-0.47485001937302646 1.182588191327684 -0.08230785226418944
-0.5890549339461675 1.101101036330478 -0.1676810499799584
-0.5604220811344531 1.1436778688749971 -0.08384052498997924
-0.5129183242307401 1.1554258063286154 -0.11076558483611242
-0.5034828721847407 1.140011358783165 -0.1661483772541686
-0.5317892283227389 1.186254701419516 -7.347880794884119e-17
-0.47485001937302646 1.182588191327684 -0.08230785226418944
-0.5129183242307401 1.1554258063286154 -0.11076558483611242
-0.5604220811344531 1.1436778688749971 -0.08384052498997924
-1.132633725593948 -0.5132221897962764 0.1752564249128626
-1.0674898254243905 -0.6070630215510369 0.18791308440292645
-1.035837734164837 -0.5780945679771049 0.21920909044599943
-1.0525836386198388 -0.5166899253127588 0.22852876372250397
-1.002345925254833 -0.7009038533057973 0.2005697438929903
-0.9874397384502813 -0.6105307570675191 0.2411854232125678
-1.035837734164837 -0.5780945679771049 0.21920909044599943
-1.0674898254243905 -0.6070630215510369 0.18791308440292645
-0.9725335516457297 -0.5201576608292411 0.2818011025321453
-1.0525836386198388 -0.5166899253127588 0.22852876372250397
-1.035837734164837 -0.5780945679771049 0.21920909044599943
-0.9874397384502813 -0.6105307570675191 0.2411854232125678
-0.5317892283227432 -1.186254701419514 -7.347880794884119e-17
-0.4737702676321429 -1.1835023823506203 0.0815374401917039
-0.5148763335378587 -1.1550107783908141 0.10969980955354186
-0.5644388468360166 -1.142141135945358 0.08301227413860886
-0.4157513069415426 -1.180750063281727 0.1630748803834079
-0.5064198861454163 -1.1393888168764645 0.16454971433031285
-0.5148763335378587 -1.1550107783908141 0.10969980955354186
-0.4737702676321429 -1.1835023823506203 0.0815374401917039
-0.5970884653492902 -1.098027570471202 0.1660245482772178
-0.5644388468360166 -1.142141135945358 0.08301227413860886
-0.5148763335378587 -1.1550107783908141 0.10969980955354186
-0.5064198861454163 -1.1393888168764645 0.16454971433031285
-0.04787350156178749 -1.248954486285696 -0.1660245482790884
0.04858461841324896 -1.2465670586336062 -0.16392966934572162
0.0489875968745142 -1.264060050877755 -0.1092864462304811
0.0009600261176285901 -1.2740002608258745 -0.08301227413954425
0.1450427383882854 -1.244179630981516 -0.1618347904123548
0.09741814609266504 -1.2716128331737844 -0.08091739520617744
0.0489875968745142 -1.264060050877755 -0.1092864462304811
0.04858461841324896 -1.2465670586336062 -0.16392966934572162
0.04979355379704467 -1.299046035366053 -7.347880794884119e-17
0.0009600261176285901 -1.2740002608258745 -0.08301227413954425
0.0489875968745142 -1.264060050877755 -0.1092864462304811
0.09741814609266504 -1.2716128331737844 -0.08091739520617744
-1.002935933768524 0.8271151750245299 -7.347880794884119e-17
-0.9550571317074081 0.8444018509185163 -0.08201057380363404
-0.9800872340076481 0.8017891672828563 -0.1074285350880048
-1.0165416861883259 0.7718394875180331 -0.07913222882837319
-0.9071783296462923 0.8616885268125027 -0.164021147607268
-0.9686628841272101 0.7891261634120195 -0.16114280263200714
-0.9800872340076481 0.8017891672828563 -0.1074285350880048
-0.9550571317074081 0.8444018509185163 -0.08201057380363404
-1.030147438608128 0.7165638000115363 -0.1582644576567463
-1.0165416861883259 0.7718394875180331 -0.07913222882837319
-0.9800872340076481 0.8017891672828563 -0.1074285350880048
-0.9686628841272101 0.7891261634120195 -0.16114280263200714
-1.030147438608128 0.7165638000115363 -0.1582644576567463
-1.078247067794842 0.635295349295836 -0.1579636618656723
-1.0913115415576813 0.644971660624306 -0.10530910791044822
-1.0737939638457439 0.6904440416463911 -0.07913222882837319
-1.126346696981556 0.5540268985801358 -0.1576628660745983
-1.121893593032458 0.6091755909306908 -0.0788314330372992
-1.0913115415576813 0.644971660624306 -0.10530910791044822
-1.078247067794842 0.635295349295836 -0.1579636618656723
-1.11744048908336 0.6643242832812459 -7.347880794884119e-17
-1.0737939638457439 0.6904440416463911 -0.07913222882837319
-1.0913115415576813 0.644971660624306 -0.10530910791044822
-1.121893593032458 0.6091755909306908 -0.0788314330372992
0.9366780716810242 0.9014622510299131 -7.347880794884119e-17
0.8875180736352193 0.915787105356217 -0.08124914937688779
0.8543763938423566 0.9551516477892957 -0.05416609958459189
0.8623855529688277 0.9676714918426831 -7.347880794884119e-17
0.8383580755894142 0.9301119596825209 -0.1624982987537755
0.8132255549230227 0.981996346168987 -0.08124914937688779
0.8543763938423566 0.9551516477892957 -0.05416609958459189
0.8875180736352193 0.915787105356217 -0.08124914937688779
0.7880930342566311 1.033880732655453 -7.347880794884119e-17
0.8623855529688277 0.9676714918426831 -7.347880794884119e-17
0.8543763938423566 0.9551516477892957 -0.05416609958459189
0.8132255549230227 0.981996346168987 -0.08124914937688779
-0.1490884530179223 -1.291422716687577 -7.347880794884119e-17
-0.19560937393284222 -1.260699322026327 -0.0801501139021882
-0.14636408314249064 -1.25678437677945 -0.10877492536115492
-0.0984809772898549 -1.2701886014866366 -0.08301227413954425
-0.2421302948477621 -1.229975927365077 -0.1603002278043763
-0.1450018982047748 -1.2394652068253866 -0.16316238804173236
-0.14636408314249064 -1.25678437677945 -0.10877492536115492
-0.19560937393284222 -1.260699322026327 -0.0801501139021882
-0.04787350156178749 -1.248954486285696 -0.1660245482790884
-0.0984809772898549 -1.2701886014866366 -0.08301227413954425
-0.14636408314249064 -1.25678437677945 -0.10877492536115492
-0.1450018982047748 -1.2394652068253866 -0.16316238804173236
1.084743808357191 -0.3251832679151462 -0.2691848301423784
1.155558503898763 -0.31295659906739226 -0.20702320385728623
1.1585780586133738 -0.365293458690698 -0.19022445309754446
1.124680488199893 -0.3975752229262278 -0.21290589086021963
1.226373199440335 -0.3007299302196384 -0.1448615775721941
1.195495183741465 -0.38534855407847396 -0.1507442645751275
1.1585780586133738 -0.365293458690698 -0.19022445309754446
1.155558503898763 -0.31295659906739226 -0.20702320385728623
1.164617168042595 -0.4699671779373095 -0.1566269515780609
1.124680488199893 -0.3975752229262278 -0.21290589086021963
1.1585780586133738 -0.365293458690698 -0.19022445309754446
1.195495183741465 -0.38534855407847396 -0.1507442645751275
0.8815695884728612 -0.3333922023243791 0.2944389615708233
0.9382027365103657 -0.25885824498680043 0.29710403737812907
0.8983143703996754 -0.22552381822864356 0.28132319627272734
0.8500536133255779 -0.24612358351835445 0.2721002378163736
0.9948358845478702 -0.1843242876492218 0.2997691131854348
0.9066867613630825 -0.17158962618077578 0.27476531362367934
0.8983143703996754 -0.22552381822864356 0.28132319627272734
0.9382027365103657 -0.25885824498680043 0.29710403737812907
0.8185376381782947 -0.1588549647123298 0.2497615140619239
0.8500536133255779 -0.24612358351835445 0.2721002378163736
0.8983143703996754 -0.22552381822864356 0.28132319627272734
0.9066867613630825 -0.17158962618077578 0.27476531362367934
1.165015224049373 0.5768357892270467 -7.347880794884119e-17
1.1214425647333714 0.606461712243823 -0.08172490747732145
1.102064432821159 0.6536125609239506 -0.054483271651547656
1.1141616965230536 0.6623750237556263 -7.347880794884119e-17
1.07786990541737 0.6360876352605992 -0.1634498149546428
1.0705890372070521 0.6920009467724024 -0.08172490747732145
1.102064432821159 0.6536125609239506 -0.054483271651547656
1.1214425647333714 0.606461712243823 -0.08172490747732145
1.063308168996734 0.7479142582842058 -7.347880794884119e-17
1.1141616965230536 0.6623750237556263 -7.347880794884119e-17
1.102064432821159 0.6536125609239506 -0.054483271651547656
1.0705890372070521 0.6920009467724024 -0.08172490747732145
0.1433395639422573 1.241625124736306 0.1660245482774924
0.24059512699819885 1.223733822910061 0.16418492196314194
0.24289956530349 1.2412294872720109 0.10945661464209461
0.1954240029281648 1.2589229703661085 0.08301227413874616
0.3378506900541404 1.205842521083816 0.1623452956487915
0.2926795659841064 1.2410316685398635 0.0811726478243957
0.24289956530349 1.2412294872720109 0.10945661464209461
0.24059512699819885 1.223733822910061 0.16418492196314194
0.2475084419140723 1.276220815995911 -7.347880794884119e-17
0.1954240029281648 1.2589229703661085 0.08301227413874616
0.24289956530349 1.2412294872720109 0.10945661464209461
0.2926795659841064 1.2410316685398635 0.0811726478243957
-0.2492584590380292 -0.8126967202605864 0.2598435205820431
-0.351575641875778 -0.8471309512523877 0.2798622781141847
-0.3480808810122782 -0.8940154520517339 0.2854425697742134
-0.29517490916165395 -0.9002405869555066 0.2782233368381569
-0.4538928247135268 -0.8815651822441891 0.2998810356463263
-0.3974920919994027 -0.9346748179473079 0.2982420943702986
-0.3480808810122782 -0.8940154520517339 0.2854425697742134
-0.351575641875778 -0.8471309512523877 0.2798622781141847
-0.3410913592852787 -0.9877844536504268 0.2966031530942708
-0.29517490916165395 -0.9002405869555066 0.2782233368381569
-0.3480808810122782 -0.8940154520517339 0.2854425697742134
-0.3974920919994027 -0.9346748179473079 0.2982420943702986
-1.265804051041112 0.2962095615740813 -7.347880794884119e-17
-1.2511986585704489 0.24363570229348025 0.0819530510686869
-1.2313401512818387 0.2881278105863534 0.1099768834716221
-1.228713593872865 0.3366607943730905 0.0830122741387462
-1.236593266099786 0.1910618430128792 0.1639061021373739
-1.214108201402202 0.28408693509248945 0.16496532520743318
-1.2313401512818387 0.2881278105863534 0.1099768834716221
-1.2511986585704489 0.24363570229348025 0.0819530510686869
-1.191623136704618 0.3771120271720997 0.1660245482774925
-1.228713593872865 0.3366607943730905 0.0830122741387462
-1.2313401512818387 0.2881278105863534 0.1099768834716221
-1.214108201402202 0.28408693509248945 0.16496532520743318
-1.296185541538863 0.09951402868744645 -7.347880794884119e-17
-1.2672665707317354 0.14717760167315552 -0.0801501139019232
-1.2621324402983307 0.09762663085433564 -0.10776162704082233
-1.274024860485192 0.04901935895207114 -0.08149232665931035
-1.238347599924608 0.1948411746588646 -0.1603002278038463
-1.2451058896780647 0.09668293193778021 -0.16164244056123345
-1.2621324402983307 0.09762663085433564 -0.10776162704082233
-1.2672665707317354 0.14717760167315552 -0.0801501139019232
-1.251864179431521 -0.001475310783304169 -0.1629846533186206
-1.274024860485192 0.04901935895207114 -0.08149232665931035
-1.2621324402983307 0.09762663085433564 -0.10776162704082233
-1.2451058896780647 0.09668293193778021 -0.16164244056123345
-0.2379644527649935 1.227009413243379 0.1660245482774926
-0.13987072325483854 1.2392065935032406 0.1643220590018952
-0.14294329984253148 1.2566119678980197 0.10954803933459678
-0.19352645289145545 1.2592160649654787 0.08301227413874626
-0.04177699374468358 1.251403773763102 0.1626195697262978
-0.09543272338130049 1.27141324522534 0.08130978486314885
-0.14294329984253148 1.2566119678980197 0.10954803933459678
-0.13987072325483854 1.2392065935032406 0.1643220590018952
-0.1490884530179174 1.291422716687578 -7.347880794884119e-17
-0.19352645289145545 1.2592160649654787 0.08301227413874626
-0.14294329984253148 1.2566119678980197 0.10954803933459678
-0.09543272338130049 1.27141324522534 0.08130978486314885
-1.196925470100894 -0.3834353998022207 -0.1550222108291942
-1.159386451936719 -0.47141623452930426 -0.15766157133632197
-1.174842030102054 -0.4762648874838687 -0.10510771422421467
-1.201339328266809 -0.4346987965976091 -0.07751110541459715
-1.121847433772544 -0.5593970692563878 -0.1603009318434497
-1.163800310102634 -0.5226796313246926 -0.0801504659217249
-1.174842030102054 -0.4762648874838687 -0.10510771422421467
-1.159386451936719 -0.47141623452930426 -0.15766157133632197
-1.205753186432724 -0.4859621933929976 -7.347880794884119e-17
-1.201339328266809 -0.4346987965976091 -0.07751110541459715
-1.174842030102054 -0.4762648874838687 -0.10510771422421467
-1.163800310102634 -0.5226796313246926 -0.0801504659217249
-0.344475952855657 1.253529544089084 -7.347880794884119e-17
-0.38214339718699186 1.215381374706907 0.08303033927106201
-0.33408374904632576 1.2192573875523978 0.11069507560653886
-0.29122020281032523 1.2402694786662316 0.08301227413874626
-0.4198108415183267 1.17723320532473 0.1660606785421241
-0.3288876471416601 1.2021213092840546 0.16604261340980836
-0.33408374904632576 1.2192573875523978 0.11069507560653886
-0.38214339718699186 1.215381374706907 0.08303033927106201
-0.2379644527649935 1.227009413243379 0.1660245482774926
-0.29122020281032523 1.2402694786662316 0.08301227413874626
-0.33408374904632576 1.2192573875523978 0.11069507560653886
-0.3288876471416601 1.2021213092840546 0.16604261340980836
-1.191623136704618 0.3771120271720997 0.1660245482774925
-1.1571312220589713 0.4667870034158081 0.16363343550172704
-1.1733385435168884 0.473178733408206 0.10908895700115134
-1.19868816156867 0.4315371102825507 0.0830122741387462
-1.122639307413325 0.5564619796595165 0.1612423227259616
-1.1641962469230234 0.521212086526259 0.08062116136298075
-1.1733385435168884 0.473178733408206 0.10908895700115134
-1.1571312220589713 0.4667870034158081 0.16363343550172704
-1.205753186432722 0.4859621933930017 -7.347880794884119e-17
-1.19868816156867 0.4315371102825507 0.0830122741387462
-1.1733385435168884 0.473178733408206 0.10908895700115134
-1.1641962469230234 0.521212086526259 0.08062116136298075
-1.02230673264755 0.7190744922127988 0.1660245482774927
-0.9615452049269665 0.7954430595091396 0.16316274006047324
-0.975342114540819 0.806000431347603 0.10877516004031547
-1.012621333208037 0.7730948336186644 0.0830122741387463
-0.9007836772063831 0.8718116268054804 0.1603009318434538
-0.9518598054874535 0.8494634009150052 0.08015046592172685
-0.975342114540819 0.806000431347603 0.10877516004031547
-0.9615452049269665 0.7954430595091396 0.16316274006047324
-1.002935933768524 0.8271151750245299 -7.347880794884119e-17
-1.012621333208037 0.7730948336186644 0.0830122741387463
-0.975342114540819 0.806000431347603 0.10877516004031547
-0.9518598054874535 0.8494634009150052 0.08015046592172685
-1.002935933768527 -0.8271151750245261 -7.347880794884119e-17
-1.0139789680239146 -0.7744242561782406 -0.0801181619778069
-0.9764956712156918 -0.806350371735889 -0.10715155532415153
-0.9522325056838865 -0.8486588889378559 -0.08060917100842044
-1.025022002279302 -0.7217333373319552 -0.1602363239556137
-0.963275539939274 -0.7959679700915705 -0.16072733298622727
-0.9764956712156918 -0.806350371735889 -0.10715155532415153
-1.0139789680239146 -0.7744242561782406 -0.0801181619778069
-0.9015290775992459 -0.8702026028511858 -0.1612183420168408
-0.9522325056838865 -0.8486588889378559 -0.08060917100842044
-0.9764956712156918 -0.806350371735889 -0.10715155532415153
-0.963275539939274 -0.7959679700915705 -0.16072733298622727
-1.205753186432724 -0.4859621933929976 -7.347880794884119e-17
-1.2010220796262874 -0.429122951194335 0.08070302979241616
-1.2226160700978959 -0.3848184879875822 0.05380201986161074
-1.2357786187369184 -0.39108587748353707 -7.347880794884119e-17
-1.196290972819851 -0.3722837089956724 0.1614060595848324
-1.231047511930482 -0.3342466352848745 0.08070302979241616
-1.2226160700978959 -0.3848184879875822 0.05380201986161074
-1.2010220796262874 -0.429122951194335 0.08070302979241616
-1.265804051041113 -0.2962095615740766 -7.347880794884119e-17
-1.2357786187369184 -0.39108587748353707 -7.347880794884119e-17
-1.2226160700978959 -0.3848184879875822 0.05380201986161074
-1.231047511930482 -0.3342466352848745 0.08070302979241616
-0.706637815001585 1.091175053971537 -7.347880794884119e-17
-0.7322660447161402 1.0427193716181038 0.0827755541259256
-0.6872068515938263 1.061155437902417 0.11052521884311457
-0.6518631401753918 1.0946013122212905 0.0830122741387462
-0.7578942744306955 0.9942636892646708 0.1655511082518513
-0.6774913698899472 1.0461456298678575 0.1657878282646719
-0.6872068515938263 1.061155437902417 0.11052521884311457
-0.7322660447161402 1.0427193716181038 0.0827755541259256
-0.5970884653491988 1.098027570471044 0.1660245482774925
-0.6518631401753918 1.0946013122212905 0.0830122741387462
-0.6872068515938263 1.061155437902417 0.11052521884311457
-0.6774913698899472 1.0461456298678575 0.1657878282646719
0.6210357640659409 -1.142065926184226 -7.347880794884119e-17
0.5471866311102173 -1.1554182088497051 -0.0739746002655715
0.5656217093066654 -1.1247815345414207 -0.11646256613766022
0.6117638148827512 -1.102787056054539 -0.1007192489409189
0.4733374981544937 -1.168770491515184 -0.1479492005311429
0.5379146819270276 -1.116139338720018 -0.1746938492064903
0.5656217093066654 -1.1247815345414207 -0.11646256613766022
0.5471866311102173 -1.1554182088497051 -0.0739746002655715
0.6024918656995616 -1.063508185924852 -0.2014384978818377
0.6117638148827512 -1.102787056054539 -0.1007192489409189
0.5656217093066654 -1.1247815345414207 -0.11646256613766022
0.5379146819270276 -1.116139338720018 -0.1746938492064903
-0.3288694532578648 -0.7147843079627243 -0.2110698878417289
-0.3662529072615094 -0.8088824774550589 -0.2554356964856884
-0.4158598305295113 -0.7943827233922892 -0.2669011726804013
-0.4219715651616899 -0.7400837616147369 -0.250451006455778
-0.403636361265154 -0.9029806469473934 -0.2998015051296479
-0.4593550191653345 -0.8341819311070715 -0.2948168150997375
-0.4158598305295113 -0.7943827233922892 -0.2669011726804013
-0.3662529072615094 -0.8088824774550589 -0.2554356964856884
-0.515073677065515 -0.7653832152667495 -0.2898321250698271
-0.4219715651616899 -0.7400837616147369 -0.250451006455778
-0.4158598305295113 -0.7943827233922892 -0.2669011726804013
-0.4593550191653345 -0.8341819311070715 -0.2948168150997375
-0.9606193624705635 -0.5514056187166279 -0.2800293106144388
-0.9263876217911031 -0.6433321585280347 -0.2681117428344555
-0.9592657486205027 -0.6694658847960082 -0.23215326987484156
-0.9928206823749327 -0.6365694780242915 -0.22013281728502626
-0.8921558811116428 -0.7352586983394416 -0.2561941750544721
-0.9585889416954724 -0.7284960178356984 -0.20821524950504292
-0.9592657486205027 -0.6694658847960082 -0.23215326987484156
-0.9263876217911031 -0.6433321585280347 -0.2681117428344555
-1.025022002279302 -0.7217333373319552 -0.1602363239556137
-0.9928206823749327 -0.6365694780242915 -0.22013281728502626
-0.9592657486205027 -0.6694658847960082 -0.23215326987484156
-0.9585889416954724 -0.7284960178356984 -0.20821524950504292
-1.113572620733027 -0.2453628516566904 -0.2651800977374074
-1.0975264159949094 -0.34077069906138147 -0.2574919739207181
-1.1306594340302376 -0.3549922659749945 -0.22333538622354346
-1.1552490454169604 -0.31439912572945555 -0.2101011542833008
-1.081480211256792 -0.4361785464660725 -0.2498038501040288
-1.139202840678843 -0.4098069731341466 -0.20241303046661152
-1.1306594340302376 -0.3549922659749945 -0.22333538622354346
-1.0975264159949094 -0.34077069906138147 -0.2574919739207181
-1.196925470100894 -0.3834353998022207 -0.1550222108291942
-1.1552490454169604 -0.31439912572945555 -0.2101011542833008
-1.1306594340302376 -0.3549922659749945 -0.22333538622354346
-1.139202840678843 -0.4098069731341466 -0.20241303046661152
0.7008789302085607 -0.491379970411555 -0.2631644202619469
0.6744974509469135 -0.5884291896240906 -0.2788848942492156
0.6200160955744912 -0.5809069665461729 -0.2470100072244762
0.6059661575191038 -0.5286212454009462 -0.22321232671847216
0.6481159716852662 -0.6854784088366263 -0.2946053682364843
0.5795846782574565 -0.6256704646134819 -0.23893280070574086
0.6200160955744912 -0.5809069665461729 -0.2470100072244762
0.6744974509469135 -0.5884291896240906 -0.2788848942492156
0.5110533848296469 -0.5658625203903375 -0.1832602331749974
0.6059661575191038 -0.5286212454009462 -0.22321232671847216
0.6200160955744912 -0.5809069665461729 -0.2470100072244762
0.5795846782574565 -0.6256704646134819 -0.23893280070574086
0.6748835304248323 0.4141619128121026 0.2160233124811972
0.7047395292027459 0.3429454144378179 0.2117128348714363
0.7506655054313726 0.36800426355228216 0.23915970310703663
0.758700494156729 0.4161419372966566 0.25503837602971724
0.7345955279806594 0.2717289160635333 0.2074023572616754
0.7885564929346427 0.344925438922372 0.25072789841995635
0.7506655054313726 0.36800426355228216 0.23915970310703663
0.7047395292027459 0.3429454144378179 0.2117128348714363
0.8425174578886259 0.4181219617812107 0.2940534395782373
0.758700494156729 0.4161419372966566 0.25503837602971724
0.7506655054313726 0.36800426355228216 0.23915970310703663
0.7885564929346427 0.344925438922372 0.25072789841995635
0.9366780716810221 -0.9014622510299153 -7.347880794884119e-17
0.9548194441935958 -0.8478577708996411 -0.07821950430530324
0.9909823524613083 -0.8145432666944966 -0.052146336203535516
0.9999931203388776 -0.8246882546570615 -7.347880794884119e-17
0.9729608167061695 -0.7942532907693669 -0.1564390086106064
1.0181344928514513 -0.7710837745267873 -0.07821950430530324
0.9909823524613083 -0.8145432666944966 -0.052146336203535516
0.9548194441935958 -0.8478577708996411 -0.07821950430530324
1.063308168996733 -0.7479142582842077 -7.347880794884119e-17
0.9999931203388776 -0.8246882546570615 -7.347880794884119e-17
0.9909823524613083 -0.8145432666944966 -0.052146336203535516
1.0181344928514513 -0.7710837745267873 -0.07821950430530324
0.9072949016875165 -2.222231594468659e-16 0.2853169548885463
0.9536474508437602 0.0754462576007699 0.2925516502580894
0.9086108466211585 0.10324915997127276 0.27828827152552266
0.8629162699317359 0.07942748235613914 0.2675392344744678
1.000000000000004 0.15089251520154 0.2997863456276325
0.9092688190879796 0.15487373995690926 0.2747739298440109
0.9086108466211585 0.10324915997127276 0.27828827152552266
0.9536474508437602 0.0754462576007699 0.2925516502580894
0.8185376381759554 0.1588549647122785 0.2497615140603893
0.8629162699317359 0.07942748235613914 0.2675392344744678
0.9086108466211585 0.10324915997127276 0.27828827152552266
0.9092688190879796 0.15487373995690926 0.2747739298440109
0.9072949016875139 -2.222231594468653e-16 -0.2853169548885455
0.9556523478659189 -0.07697913272322936 -0.2924517357073507
0.9099474446366372 -0.10427107671976797 -0.27822166182551555
0.862916269932794 -0.0794274823564227 -0.26753923447519534
1.004009794044324 -0.1539582654464585 -0.299586516526156
0.911273716111199 -0.15640661507965184 -0.2746740152940006
0.9099474446366372 -0.10427107671976797 -0.27822166182551555
0.9556523478659189 -0.07697913272322936 -0.2924517357073507
0.8185376381780741 -0.1588549647128452 -0.2497615140618452
0.862916269932794 -0.0794274823564227 -0.26753923447519534
0.9099474446366372 -0.10427107671976797 -0.27822166182551555
0.911273716111199 -0.15640661507965184 -0.2746740152940006
-0.5581477505265228 0.9053012936693172 -0.2931957417790602
-0.5833899552665301 0.8099584076292297 -0.2934303381237915
-0.6354627513018082 0.8105532043307194 -0.29011618385279575
-0.6488780469494435 0.8585220457015079 -0.2883418085449322
-0.6086321600065375 0.7146155215891422 -0.2936649344685228
-0.6741202516894509 0.7631791596614205 -0.2885764048896635
-0.6354627513018082 0.8105532043307194 -0.29011618385279575
-0.5833899552665301 0.8099584076292297 -0.2934303381237915
-0.7396083433723641 0.8117427977336987 -0.2834878753108042
-0.6488780469494435 0.8585220457015079 -0.2883418085449322
-0.6354627513018082 0.8105532043307194 -0.29011618385279575
-0.6741202516894509 0.7631791596614205 -0.2885764048896635
-0.8649234102152368 -0.9705191880955499 -7.347880794884119e-17
-0.8098305291311403 -0.985279177227839 -0.08070302979241468
-0.7754329577546232 -1.0205778028090706 -0.05380201986160982
-0.7857806126084129 -1.030847121033542 -7.347880794884119e-17
-0.7547376480470438 -1.000039166360128 -0.1614060595848293
-0.7306877315243164 -1.045607110165831 -0.08070302979241468
-0.7754329577546232 -1.0205778028090706 -0.05380201986160982
-0.8098305291311403 -0.985279177227839 -0.08070302979241468
-0.7066378150015891 -1.091175053971534 -7.347880794884119e-17
-0.7857806126084129 -1.030847121033542 -7.347880794884119e-17
-0.7754329577546232 -1.0205778028090706 -0.05380201986160982
-0.7306877315243164 -1.045607110165831 -0.08070302979241468
0.9366780716810242 0.9014622510299131 -7.347880794884119e-17
0.9527269615908398 0.8450036280999338 0.08356647301231086
0.9895873640594712 0.8126405048280244 0.05571098200820721
0.9999931203388792 0.8246882546570594 -7.347880794884119e-17
0.9687758515006553 0.7885450051699544 0.1671329460246218
1.0160420102486947 0.76822963172708 0.08356647301231086
0.9895873640594712 0.8126405048280244 0.05571098200820721
0.9527269615908398 0.8450036280999338 0.08356647301231086
1.063308168996734 0.7479142582842058 -7.347880794884119e-17
0.9999931203388792 0.8246882546570594 -7.347880794884119e-17
0.9895873640594712 0.8126405048280244 0.05571098200820721
1.0160420102486947 0.76822963172708 0.08356647301231086
0.9072949016875139 -2.222231594468653e-16 -0.2853169548885455
0.949424857930583 0.08185549590470399 -0.2926378196002564
0.9971849380578827 0.0545703306031359 -0.2901975313630198
0.999999999999998 -2.449293598294702e-16 -0.285316954888546
0.991554814173652 0.1637109918094082 -0.2999586843119673
1.042129956243067 0.08185549590470396 -0.2926378196002569
0.9971849380578827 0.0545703306031359 -0.2901975313630198
0.949424857930583 0.08185549590470399 -0.2926378196002564
1.092705098312482 -2.676355602120751e-16 -0.2853169548885466
0.999999999999998 -2.449293598294702e-16 -0.285316954888546
0.9971849380578827 0.0545703306031359 -0.2901975313630198
1.042129956243067 0.08185549590470396 -0.2926378196002569
-0.6434859152186531 -0.389663898114739 -0.1692054389917581
-0.6526349144549539 -0.46406127912957884 -0.21540827252375266
-0.6998394433464954 -0.45776119292233913 -0.2390510466938031
-0.7188672081741156 -0.41741245931129933 -0.227771017012831
-0.6617839136912548 -0.5384586601444187 -0.2616111060557472
-0.7280162074104165 -0.49180984032613917 -0.2739738505448256
-0.6998394433464954 -0.45776119292233913 -0.2390510466938031
-0.6526349144549539 -0.46406127912957884 -0.21540827252375266
-0.7942485011295782 -0.4451610205078597 -0.2863365950339039
-0.7188672081741156 -0.41741245931129933 -0.227771017012831
-0.6998394433464954 -0.45776119292233913 -0.2390510466938031
-0.7280162074104165 -0.49180984032613917 -0.2739738505448256
0.9366780716810221 -0.9014622510299153 -7.347880794884119e-17
0.8866732941099125 -0.9174895359960973 0.0801501139002584
0.8538132074921513 -0.9562866015492165 0.053433409266838906
0.8623855529688256 -0.9676714918426852 -7.347880794884119e-17
0.8366685165388029 -0.9335168209622792 0.1603002278005169
0.8123807753977159 -0.9836987768088672 0.0801501139002584
0.8538132074921513 -0.9562866015492165 0.053433409266838906
0.8866732941099125 -0.9174895359960973 0.0801501139002584
0.7880930342566289 -1.033880732655455 -7.347880794884119e-17
0.8623855529688256 -0.9676714918426852 -7.347880794884119e-17
0.8538132074921513 -0.9562866015492165 0.053433409266838906
0.8123807753977159 -0.9836987768088672 0.0801501139002584
0.9325357547101031 -0.516792541368 0.2926137976975229
0.9958093946879405 -0.44929851483371164 0.28248114433276106
0.9577294592829141 -0.4106630773306008 0.28646708341211513
0.9070526715914822 -0.42509237184618953 0.29352637963417305
1.059083034665778 -0.3818044882994232 0.2723484909679993
0.9703263115693196 -0.35759834531190116 0.2833937262694113
0.9577294592829141 -0.4106630773306008 0.28646708341211513
0.9958093946879405 -0.44929851483371164 0.28248114433276106
0.8815695884728612 -0.3333922023243791 0.2944389615708233
0.9070526715914822 -0.42509237184618953 0.29352637963417305
0.9577294592829141 -0.4106630773306008 0.28646708341211513
0.9703263115693196 -0.35759834531190116 0.2833937262694113
1.159259033590874 0.4672233662854203 -0.1660245482789839
1.1926896684138706 0.38068789761818655 -0.15704846373720632
1.156845570225103 0.363907650369732 -0.19411466595588922
1.122208203719221 0.3987852610791216 -0.21713580933611948
1.226120303236867 0.2941524289509527 -0.1480723791954287
1.1556388385422176 0.31224979241188777 -0.20815972479434186
1.156845570225103 0.363907650369732 -0.19411466595588922
1.1926896684138706 0.38068789761818655 -0.15704846373720632
1.085157373847568 0.3303471558728229 -0.268247070393255
1.122208203719221 0.3987852610791216 -0.21713580933611948
1.156845570225103 0.363907650369732 -0.19411466595588922
1.1556388385422176 0.31224979241188777 -0.20815972479434186
0.291656398497512 0.856968801563375 -0.2846409889254268
0.3383325387616926 0.9418855154533465 -0.28432966582788455
0.38680874461806414 0.909352137929015 -0.2891490445305257
0.3877087774141596 0.8506270922218635 -0.2917143954306174
0.3850086790258732 1.026802229343318 -0.2840183427303423
0.4343849176783402 0.9355438061118351 -0.29140307233307516
0.38680874461806414 0.909352137929015 -0.2891490445305257
0.3383325387616926 0.9418855154533465 -0.28432966582788455
0.4837611563308072 0.8442853828803522 -0.298787801935808
0.3877087774141596 0.8506270922218635 -0.2917143954306174
0.38680874461806414 0.909352137929015 -0.2891490445305257
0.4343849176783402 0.9355438061118351 -0.29140307233307516
0.9316440495455081 0.6375023045891106 -0.2709058359859673
0.8810720802207093 0.7091353564079979 -0.2681491663538558
0.9103798276274447 0.7378704782949402 -0.23218880558310817
0.9503196859932119 0.7164215133289678 -0.21558696001379013
0.8305001108959104 0.7807684082268851 -0.2653924967217443
0.899747716668413 0.788054565147855 -0.21283029038167867
0.9103798276274447 0.7378704782949402 -0.23218880558310817
0.8810720802207093 0.7091353564079979 -0.2681491663538558
0.9689953224409157 0.795340722068825 -0.160268084041613
0.9503196859932119 0.7164215133289678 -0.21558696001379013
0.9103798276274447 0.7378704782949402 -0.23218880558310817
0.899747716668413 0.788054565147855 -0.21283029038167867
1.170706868457713 -0.158113697734397 -0.2389922397474112
1.1277253384074521 -0.24164848282477158 -0.2540885349448948
1.0864868236197427 -0.2124184103653339 -0.2692545288053152
1.0873583312510187 -0.15603598159042775 -0.2692893781367836
1.084743808357191 -0.3251832679151462 -0.2691848301423784
1.0443768012007575 -0.23957076668080235 -0.2843856733342672
1.0864868236197427 -0.2124184103653339 -0.2692545288053152
1.1277253384074521 -0.24164848282477158 -0.2540885349448948
1.004009794044324 -0.1539582654464585 -0.299586516526156
1.0873583312510187 -0.15603598159042775 -0.2692893781367836
1.0864868236197427 -0.2124184103653339 -0.2692545288053152
1.0443768012007575 -0.23957076668080235 -0.2843856733342672
-0.7066378150015891 -1.091175053971534 -7.347880794884119e-17
-0.7346956823073029 -1.04299955039782 0.08015011390026246
-0.7781049249432809 -1.0188394296303966 0.05343340926684161
-0.7857806126084129 -1.030847121033542 -7.347880794884119e-17
-0.7627535496130167 -0.9948240468241061 0.160300227800525
-0.8138384799141267 -0.982671617459828 0.08015011390026246
-0.7781049249432809 -1.0188394296303966 0.05343340926684161
-0.7346956823073029 -1.04299955039782 0.08015011390026246
-0.8649234102152368 -0.9705191880955499 -7.347880794884119e-17
-0.7857806126084129 -1.030847121033542 -7.347880794884119e-17
-0.7781049249432809 -1.0188394296303966 0.05343340926684161
-0.8138384799141267 -0.982671617459828 0.08015011390026246
-0.1490884530179174 1.291422716687578 -7.347880794884119e-17
-0.19560937393393815 1.260699322027377 -0.08015011390022334
-0.24523156690784442 1.258309396047946 -0.053433409266815585
-0.2467822029367872 1.272476130388331 -7.347880794884119e-17
-0.2421302948499589 1.229975927367176 -0.1603002278004466
-0.293303123852808 1.24175273572813 -0.08015011390022334
-0.24523156690784442 1.258309396047946 -0.053433409266815585
-0.19560937393393815 1.260699322027377 -0.08015011390022334
-0.344475952855657 1.253529544089084 -7.347880794884119e-17
-0.2467822029367872 1.272476130388331 -7.347880794884119e-17
-0.24523156690784442 1.258309396047946 -0.053433409266815585
-0.293303123852808 1.24175273572813 -0.08015011390022334
-0.5317892283227389 1.186254701419516 -7.347880794884119e-17
-0.5604220811344531 1.1436778688749971 -0.08384052498997924
-0.6091606590901638 1.1261769305738438 -0.05589368332665285
-0.6192135216621619 1.1387148776955265 -7.347880794884119e-17
-0.5890549339461675 1.101101036330478 -0.1676810499799584
-0.6478463744738763 1.0961380451510077 -0.08384052498997924
-0.6091606590901638 1.1261769305738438 -0.05589368332665285
-0.5604220811344531 1.1436778688749971 -0.08384052498997924
-0.706637815001585 1.091175053971537 -7.347880794884119e-17
-0.6192135216621619 1.1387148776955265 -7.347880794884119e-17
-0.6091606590901638 1.1261769305738438 -0.05589368332665285
-0.6478463744738763 1.0961380451510077 -0.08384052498997924
0.04979355379704467 -1.299046035366053 -7.347880794884119e-17
0.09741814609266504 -1.2716128331737844 -0.08091739520617744
0.147448244699799 -1.2731488274478269 -0.053944930137451656
0.1486509978555558 -1.2876334256809825 -7.347880794884119e-17
0.1450427383882854 -1.244179630981516 -0.1618347904123548
0.19627559015117615 -1.260200223488714 -0.08091739520617744
0.147448244699799 -1.2731488274478269 -0.053944930137451656
0.09741814609266504 -1.2716128331737844 -0.08091739520617744
0.2475084419140669 -1.276220815995912 -7.347880794884119e-17
0.1486509978555558 -1.2876334256809825 -7.347880794884119e-17
0.147448244699799 -1.2731488274478269 -0.053944930137451656
0.19627559015117615 -1.260200223488714 -0.08091739520617744
0.7008789302085607 -0.491379970411555 -0.2631644202619469
0.779664661716059 -0.46504225061396287 -0.28050151204415275
0.8008146680221692 -0.5140137739464138 -0.2860258705892463
0.7719968054214752 -0.5516683955114352 -0.2801195039706902
0.8584503932235571 -0.4387045308163708 -0.2978386038263585
0.8507825369289734 -0.5253306757138431 -0.29745659575289596
0.8008146680221692 -0.5140137739464138 -0.2860258705892463
0.779664661716059 -0.46504225061396287 -0.28050151204415275
0.8431146806343897 -0.6119568206113154 -0.2970745876794334
0.7719968054214752 -0.5516683955114352 -0.2801195039706902
0.8008146680221692 -0.5140137739464138 -0.2860258705892463
0.8507825369289734 -0.5253306757138431 -0.29745659575289596
-0.8649234102152327 0.9705191880955536 -7.347880794884119e-17
-0.8860508699307625 0.9161038574540281 -0.08201057380363404
-0.9250125578766829 0.8864409633108621 -0.05467371586908939
-0.9339296719918784 0.8988171815600418 -7.347880794884119e-17
-0.9071783296462923 0.8616885268125027 -0.164021147607268
-0.9550571317074081 0.8444018509185163 -0.08201057380363404
-0.9250125578766829 0.8864409633108621 -0.05467371586908939
-0.8860508699307625 0.9161038574540281 -0.08201057380363404
-1.002935933768524 0.8271151750245299 -7.347880794884119e-17
-0.9339296719918784 0.8988171815600418 -7.347880794884119e-17
-0.9250125578766829 0.8864409633108621 -0.05467371586908939
-0.9550571317074081 0.8444018509185163 -0.08201057380363404
-1.113572620733027 -0.2453628516566904 -0.2651800977374074
-1.140120664624011 -0.1742398252473319 -0.2557614583376106
-1.0874670016664865 -0.15701719722900778 -0.2704495782873831
-1.047866148242232 -0.183967396424525 -0.28250295796216773
-1.166668708514995 -0.1031167988379734 -0.2463428189378138
-1.074414192133216 -0.1128443700151665 -0.2730843185623709
-1.0874670016664865 -0.15701719722900778 -0.2704495782873831
-1.140120664624011 -0.1742398252473319 -0.2557614583376106
-0.982159675751437 -0.1225719411923596 -0.299825818186928
-1.047866148242232 -0.183967396424525 -0.28250295796216773
-1.0874670016664865 -0.15701719722900778 -0.2704495782873831
-1.074414192133216 -0.1128443700151665 -0.2730843185623709
-0.3444759528556623 -1.253529544089083 -7.347880794884119e-17
-0.3801136298986024 -1.2171398036854049 0.0815374401917039
-0.4306721627066494 -1.2068447695967746 0.05435829346113591
-0.43813259058920273 -1.2198921227542985 -7.347880794884119e-17
-0.4157513069415426 -1.180750063281727 0.1630748803834079
-0.4737702676321429 -1.1835023823506203 0.0815374401917039
-0.4306721627066494 -1.2068447695967746 0.05435829346113591
-0.3801136298986024 -1.2171398036854049 0.0815374401917039
-0.5317892283227432 -1.186254701419514 -7.347880794884119e-17
-0.43813259058920273 -1.2198921227542985 -7.347880794884119e-17
-0.4306721627066494 -1.2068447695967746 0.05435829346113591
-0.4737702676321429 -1.1835023823506203 0.0815374401917039
1.063308168996734 0.7479142582842058 -7.347880794884119e-17
1.0705890372070521 0.6920009467724024 -0.08172490747732145
1.03672446561834 0.7264475385378767 -0.10790596633208531
1.016151745718825 0.7716274901765154 -0.08013404202080654
1.07786990541737 0.6360876352605992 -0.1634498149546428
1.0234326139291428 0.7157141786647121 -0.1618589494981279
1.03672446561834 0.7264475385378767 -0.10790596633208531
1.0705890372070521 0.6920009467724024 -0.08172490747732145
0.9689953224409157 0.795340722068825 -0.160268084041613
1.016151745718825 0.7716274901765154 -0.08013404202080654
1.03672446561834 0.7264475385378767 -0.10790596633208531
1.0234326139291428 0.7157141786647121 -0.1618589494981279
-1.251864179431521 -0.001475310783304169 -0.1629846533186206
-1.2473834386719165 -0.09805997119240428 -0.15799299412294537
-1.263650806294232 -0.09854465702408355 -0.10532866274863027
-1.274024860485192 -0.050494669735373136 -0.08149232665931035
-1.242902697912312 -0.1946446316015044 -0.1530013349272701
-1.2695441197255874 -0.14707933014447325 -0.0765006674636351
-1.263650806294232 -0.09854465702408355 -0.10532866274863027
-1.2473834386719165 -0.09805997119240428 -0.15799299412294537
-1.296185541538863 -0.09951402868744211 -7.347880794884119e-17
-1.274024860485192 -0.050494669735373136 -0.08149232665931035
-1.263650806294232 -0.09854465702408355 -0.10532866274863027
-1.2695441197255874 -0.14707933014447325 -0.0765006674636351
0.2475084419140723 1.276220815995911 -7.347880794884119e-17
0.2926795659841064 1.2410316685398635 0.0811726478243957
0.3415936912997564 1.2351817998177186 0.05411509854959711
0.3434651919225644 1.24985143918467 -7.347880794884119e-17
0.3378506900541404 1.205842521083816 0.1623452956487915
0.38863631599259846 1.2146622917286225 0.0811726478243957
0.3415936912997564 1.2351817998177186 0.05411509854959711
0.2926795659841064 1.2410316685398635 0.0811726478243957
0.4394219419310565 1.223482062373429 -7.347880794884119e-17
0.3434651919225644 1.24985143918467 -7.347880794884119e-17
0.3415936912997564 1.2351817998177186 0.05411509854959711
0.38863631599259846 1.2146622917286225 0.0811726478243957
-1.11744048908336 0.6643242832812459 -7.347880794884119e-17
-1.121893593032458 0.6091755909306908 -0.0788314330372992
-1.149846790832546 0.5681044584181277 -0.05255428869153283
-1.161596837758041 0.5751432383371238 -7.347880794884119e-17
-1.126346696981556 0.5540268985801358 -0.1576628660745983
-1.166049941707139 0.5199945459865687 -0.0788314330372992
-1.149846790832546 0.5681044584181277 -0.05255428869153283
-1.121893593032458 0.6091755909306908 -0.0788314330372992
-1.205753186432722 0.4859621933930017 -7.347880794884119e-17
-1.161596837758041 0.5751432383371238 -7.347880794884119e-17
-1.149846790832546 0.5681044584181277 -0.05255428869153283
-1.166049941707139 0.5199945459865687 -0.0788314330372992
-1.296185541538863 0.09951402868744645 -7.347880794884119e-17
-1.2663894038193244 0.14528793585016284 0.0819530510686869
-1.266194286226587 0.1955951444248023 0.054635367379124576
-1.2809947962899875 0.19786179513076388 -7.347880794884119e-17
-1.236593266099786 0.1910618430128792 0.1639061021373739
-1.2511986585704489 0.24363570229348025 0.0819530510686869
-1.266194286226587 0.1955951444248023 0.054635367379124576
-1.2663894038193244 0.14528793585016284 0.0819530510686869
-1.265804051041112 0.2962095615740813 -7.347880794884119e-17
-1.2809947962899875 0.19786179513076388 -7.347880794884119e-17
-1.266194286226587 0.1955951444248023 0.054635367379124576
-1.2511986585704489 0.24363570229348025 0.0819530510686869
-0.3444759528556623 -1.253529544089083 -7.347880794884119e-17
-0.2933031238517122 -1.2417527357270801 -0.0801501139021882
-0.24523156690711556 -1.2583093960472456 -0.05343340926812549
-0.24678220293679232 -1.27247613038833 -7.347880794884119e-17
-0.2421302948477621 -1.229975927365077 -0.1603002278043763
-0.19560937393284222 -1.260699322026327 -0.0801501139021882
-0.24523156690711556 -1.2583093960472456 -0.05343340926812549
-0.2933031238517122 -1.2417527357270801 -0.0801501139021882
-0.1490884530179223 -1.291422716687577 -7.347880794884119e-17
-0.24678220293679232 -1.27247613038833 -7.347880794884119e-17
-0.24523156690711556 -1.2583093960472456 -0.05343340926812549
-0.19560937393284222 -1.260699322026327 -0.0801501139021882
-1.265804051041112 0.2962095615740813 -7.347880794884119e-17
-1.25207582548286 0.24552536811647296 -0.0801501139019232
-1.2667790641681942 0.19685492164013077 -0.053433409267948824
-1.2809947962899875 0.19786179513076388 -7.347880794884119e-17
-1.238347599924608 0.1948411746588646 -0.1603002278038463
-1.2672665707317354 0.14717760167315552 -0.0801501139019232
-1.2667790641681942 0.19685492164013077 -0.053433409267948824
-1.25207582548286 0.24552536811647296 -0.0801501139019232
-1.296185541538863 0.09951402868744645 -7.347880794884119e-17
-1.2809947962899875 0.19786179513076388 -7.347880794884119e-17
-1.2667790641681942 0.19685492164013077 -0.053433409267948824
-1.2672665707317354 0.14717760167315552 -0.0801501139019232
-1.19162313670453 0.3771120271720717 -0.1660245482776325
-1.158984916843043 0.46556946287610373 -0.1618437071761154
-1.123396998209337 0.44902319357132797 -0.19778599976111924
-1.1219221488232276 0.396521341066924 -0.2178475666043797
-1.126346696981556 0.5540268985801358 -0.1576628660745983
-1.0892839289617404 0.484978776770956 -0.2136667255028626
-1.123396998209337 0.44902319357132797 -0.19778599976111924
-1.158984916843043 0.46556946287610373 -0.1618437071761154
-1.052221160941925 0.4159306549617763 -0.2696705849311269
-1.1219221488232276 0.396521341066924 -0.2178475666043797
-1.123396998209337 0.44902319357132797 -0.19778599976111924
-1.0892839289617404 0.484978776770956 -0.2136667255028626
-1.205753186432724 -0.4859621933929976 -7.347880794884119e-17
-1.163800310102634 -0.5226796313246926 -0.0801504659217249
-1.1483470364295436 -0.5698945153102088 -0.05343364394781663
-1.1615968377580435 -0.5751432383371194 -7.347880794884119e-17
-1.121847433772544 -0.5593970692563878 -0.1603009318434497
-1.1196439614279534 -0.6118606762688146 -0.0801504659217249
-1.1483470364295436 -0.5698945153102088 -0.05343364394781663
-1.163800310102634 -0.5226796313246926 -0.0801504659217249
-1.117440489083363 -0.6643242832812413 -7.347880794884119e-17
-1.1615968377580435 -0.5751432383371194 -7.347880794884119e-17
-1.1483470364295436 -0.5698945153102088 -0.05343364394781663
-1.1196439614279534 -0.6118606762688146 -0.0801504659217249
-0.8694126895719283 0.1254329894073641 0.2742570729795198
-0.9408495217629852 0.080122204345542 0.2869901255186806
-0.9073764686804964 0.02815506853274422 0.2767108534670806
-0.8549215260437235 0.024826893157256384 0.26520469117170015
-1.012286353954042 0.0348114192837199 0.2997231780578414
-0.9263583582347804 -0.02048389190456572 0.27793774371086094
-0.9073764686804964 0.02815506853274422 0.2767108534670806
-0.9408495217629852 0.080122204345542 0.2869901255186806
-0.8404303625155187 -0.07577920309285134 0.2561523093638805
-0.8549215260437235 0.024826893157256384 0.26520469117170015
-0.9073764686804964 0.02815506853274422 0.2767108534670806
-0.9263583582347804 -0.02048389190456572 0.27793774371086094
-0.1490884530179174 1.291422716687578 -7.347880794884119e-17
-0.09543272338130049 1.27141324522534 0.08130978486314885
-0.047023964321850555 1.2806241752722443 0.05420652324209921
-0.04964744961043404 1.2952343760268155 -7.347880794884119e-17
-0.04177699374468358 1.251403773763102 0.1626195697262978
0.004008280026182871 1.2752249045645776 0.08130978486314885
-0.047023964321850555 1.2806241752722443 0.05420652324209921
-0.09543272338130049 1.27141324522534 0.08130978486314885
0.04979355379704932 1.299046035366053 -7.347880794884119e-17
-0.04964744961043404 1.2952343760268155 -7.347880794884119e-17
-0.047023964321850555 1.2806241752722443 0.05420652324209921
0.004008280026182871 1.2752249045645776 0.08130978486314885
-0.5317892283227389 1.186254701419516 -7.347880794884119e-17
-0.4758000349205328 1.181743953372123 0.08303033927106201
-0.4320253408989075 1.20567248361111 0.05535355951404131
-0.43813259058919796 1.2198921227542998 -7.347880794884119e-17
-0.4198108415183267 1.17723320532473 0.1660606785421241
-0.38214339718699186 1.215381374706907 0.08303033927106201
-0.4320253408989075 1.20567248361111 0.05535355951404131
-0.4758000349205328 1.181743953372123 0.08303033927106201
-0.344475952855657 1.253529544089084 -7.347880794884119e-17
-0.43813259058919796 1.2198921227542998 -7.347880794884119e-17
-0.4320253408989075 1.20567248361111 0.05535355951404131
-0.38214339718699186 1.215381374706907 0.08303033927106201
-1.002935933768524 0.8271151750245299 -7.347880794884119e-17
-0.9518598054874535 0.8494634009150052 0.08015046592172685
-0.9228810070633799 0.889815329975188 0.053433643947817876
-0.9339296719918784 0.8988171815600418 -7.347880794884119e-17
-0.9007836772063831 0.8718116268054804 0.1603009318434538
-0.8828535437108078 0.921165407450517 0.08015046592172685
-0.9228810070633799 0.889815329975188 0.053433643947817876
-0.9518598054874535 0.8494634009150052 0.08015046592172685
-0.8649234102152327 0.9705191880955536 -7.347880794884119e-17
-0.9339296719918784 0.8988171815600418 -7.347880794884119e-17
-0.9228810070633799 0.889815329975188 0.053433643947817876
-0.8828535437108078 0.921165407450517 0.08015046592172685
-1.205753186432722 0.4859621933930017 -7.347880794884119e-17
-1.1641962469230234 0.521212086526259 0.08062116136298075
-1.1486109943098022 0.5689161521112547 0.053747440908653805
-1.161596837758041 0.5751432383371238 -7.347880794884119e-17
-1.122639307413325 0.5564619796595165 0.1612423227259616
-1.1200398982483426 0.6103931314703812 0.08062116136298075
-1.1486109943098022 0.5689161521112547 0.053747440908653805
-1.1641962469230234 0.521212086526259 0.08062116136298075
-1.11744048908336 0.6643242832812459 -7.347880794884119e-17
-1.161596837758041 0.5751432383371238 -7.347880794884119e-17
-1.1486109943098022 0.5689161521112547 0.053747440908653805
-1.1200398982483426 0.6103931314703812 0.08062116136298075
0.6024918656995616 -1.063508185924852 -0.2014384978818377
0.6702074955145316 -1.046339203356613 -0.16971371068510144
0.6538169183650013 -1.0782481109658173 -0.11314247379006764
0.6117638148827512 -1.102787056054539 -0.1007192489409189
0.7379231253295016 -1.029170220788374 -0.1379889234883652
0.6794794446977213 -1.0856180734863 -0.06899446174418264
0.6538169183650013 -1.0782481109658173 -0.11314247379006764
0.6702074955145316 -1.046339203356613 -0.16971371068510144
0.6210357640659409 -1.142065926184226 -7.347880794884119e-17
0.6117638148827512 -1.102787056054539 -0.1007192489409189
0.6538169183650013 -1.0782481109658173 -0.11314247379006764
0.6794794446977213 -1.0856180734863 -0.06899446174418264
0.8185376381780741 -0.1588549647128452 -0.2497615140618452
0.8637235024547147 -0.21936929678701622 -0.27286857727663355
0.8268492254988788 -0.25487440619202634 -0.2620585170090755
0.7858191548826405 -0.24236979485744592 -0.2450999552679023
0.9089093667313553 -0.2798836288611873 -0.2959756404914219
0.8310050191592812 -0.302884126931617 -0.26820701848269063
0.8268492254988788 -0.25487440619202634 -0.2620585170090755
0.8637235024547147 -0.21936929678701622 -0.27286857727663355
0.7531006715872071 -0.3258846250020467 -0.2404383964739594
0.7858191548826405 -0.24236979485744592 -0.2450999552679023
0.8268492254988788 -0.25487440619202634 -0.2620585170090755
0.8310050191592812 -0.302884126931617 -0.26820701848269063
-0.7578942744306955 0.9942636892646708 0.1655511082518513
-0.8293389758185392 0.9330376580350757 0.16292602004765255
-0.8025820848115885 0.8980030746880884 0.2007688901950393
-0.7534812886141914 0.9110987986293925 0.22100286937083202
-0.9007836772063831 0.8718116268054804 0.1603009318434538
-0.8249259900020351 0.8498727673997972 0.21837778116663328
-0.8025820848115885 0.8980030746880884 0.2007688901950393
-0.8293389758185392 0.9330376580350757 0.16292602004765255
-0.7490683027976873 0.8279339079941141 0.2764546304898128
-0.7534812886141914 0.9110987986293925 0.22100286937083202
-0.8025820848115885 0.8980030746880884 0.2007688901950393
-0.8249259900020351 0.8498727673997972 0.21837778116663328
1.063308168996733 -0.7479142582842077 -7.347880794884119e-17
1.0181344928514513 -0.7710837745267873 -0.07821950430530324
1.0388879007710747 -0.7270252631568539 -0.10473203825262735
1.0718514428035275 -0.6934112493505973 -0.07887855307363784
0.9729608167061695 -0.7942532907693669 -0.1564390086106064
1.0266777666582458 -0.7165807655931768 -0.157098057378941
1.0388879007710747 -0.7270252631568539 -0.10473203825262735
1.0181344928514513 -0.7710837745267873 -0.07821950430530324
1.080394716610322 -0.6389082404169869 -0.1577571061472756
1.0718514428035275 -0.6934112493505973 -0.07887855307363784
1.0388879007710747 -0.7270252631568539 -0.10473203825262735
1.0266777666582458 -0.7165807655931768 -0.157098057378941
1.024106063741282 0.4438579203706275 0.2766006174610385
0.9669229609312568 0.35833761130172936 0.28618249854438393
1.0062970369694453 0.3348531611860581 0.2820587208835357
1.054575626393552 0.36587109066267154 0.2752058915114388
0.9097398581212318 0.2728173022328312 0.2957643796277294
0.9973925235835268 0.28035078159377336 0.28478777259478427
1.0062970369694453 0.3348531611860581 0.2820587208835357
0.9669229609312568 0.35833761130172936 0.28618249854438393
1.085045189045822 0.2878842609547156 0.2738111655618392
1.054575626393552 0.36587109066267154 0.2752058915114388
1.0062970369694453 0.3348531611860581 0.2820587208835357
0.9973925235835268 0.28035078159377336 0.28478777259478427
