0.6881909602356179 0.5257311121190712 0.5000000000000228
0.6648930985163739 0.5497845113024229 0.5056225456575799
0.6402818390389073 0.5737203869603651 0.5107681315264331
0.6143802345948676 0.5974255329267102 0.5153830225632117
0.5872277278952647 0.6207821274238842 0.5194161586454944
0.5588808214289035 0.6436698878246156 0.5228205265163188
0.529413233785989 0.6659685176839121 0.5255545274718452
0.49891547623951 0.6875603540121551 0.5275832703558587
0.4674938154432058 0.7083330983072276 0.5288797163484693
0.43526862724940124 0.7281824981058413 0.5294256053354032
0.40237218924146123 0.7470148396143172 0.5292121037174317
0.3689460010497761 0.7647491180332237 0.5282401298432229
0.33513775705375287 0.781318770605495 0.526520334361834
0.30109812138205855 0.796672886567226 0.5240727364677914
0.2669774672138508 0.810776844897616 0.5209260406026409
0.23292274006676053 0.8236123708481806 0.5171166790441315
0.19907458882053283 0.835177041151783 0.5126876417653237
0.16556488121699806 0.8454833014561259 0.5076871645673654
0.13251468627609098 0.8545570848141575 0.5021673493120377
0.1000327687770128 0.8624361353158836 0.4961827865537132

0.1000327687770128 0.8624361353158836 0.4961827865537132
0.10018803169160254 0.8438983178592538 0.527065448896135
0.10021224581287251 0.8237472155483299 0.5580304925947271
0.10009544869004396 0.8019653957772617 0.5889247873263265
0.0998288012077116 0.7785557249949777 0.6195846943937334
0.09940493464917224 0.7535434861254433 0.6498391135391187
0.09881827933075264 0.7269778557590569 0.6795131675737219
0.09806535284468429 0.6989325694271277 0.7084323891278835
0.09714498618008945 0.6695056446726776 0.7364272152843705
0.09605846857981684 0.6388180928542251 0.7633375497485964
0.09480959692514865 0.6070116263071029 0.789017126467415
0.09340462231829573 0.5742454491197431 0.8133374088868905
0.0918520945870261 0.5406922969522547 0.8361907872827055
0.09016261365260607 0.5065339536126884 0.8574928903127009
0.08834850400513809 0.471956511118401 0.877183899449255
0.08642343398756205 0.43714565099272457 0.8952288365976292
0.08440200458810172 0.40228220737934295 0.911616875253806
0.08229933278401891 0.367538231315177 0.9263597942187565
0.08013065238686184 0.33307371751336484 0.939489743025374
0.07791095135971203 0.2990340891449526 0.9510565162951533

0.07791095135971203 0.2990340891449526 0.9510565162951533
0.11179313861330888 0.3159457402073043 0.9421680229151509
0.1465457765571095 0.3328798093064732 0.9315124088971438
0.18202732292347354 0.3497307399954001 0.9189964435249917
0.21807163050065487 0.36638461637778325 0.9045479958810867
0.2544899478667565 0.3827216464881227 0.8881210546677721
0.29107428479087416 0.39861927534523967 0.8697001978019305
0.32760211384835125 0.4139558005659381 0.8493040975880813
0.36384224378407576 0.42861429262808154 0.8269876720925763
0.3995615620914476 0.4424865647705426 0.8028425736697118
0.43453222653549933 0.45547690593458584 0.7769958379955183
0.4685388099905855 0.46750529270908636 0.749606686750857
0.5013848862712627 0.47850983572928474 0.7208616600493369
0.5328985925339041 0.488448288012881 0.690968421863597
0.562936809779953 0.4972985363164916 0.6601487059536238
0.5913877492738225 0.5050580966217316 0.628630932301041
0.6181718947015337 0.5117427255928387 0.5966430183987143
0.6432414021064009 0.5173843285413281 0.5644058426310191
0.6665781812100529 0.522028383777602 0.532127705410311
0.6881909602356179 0.5257311121190712 0.5000000000000228

0.6081023822435262 -0.5335915946650792 -0.587785252292473
0.6250856706869594 -0.5400514110045126 -0.5635710938061578
0.6417738539293859 -0.5461147298837111 -0.5384097159382105
0.6580969056960618 -0.5517416985684767 -0.5123373505553162
0.6739846545773529 -0.5568944234184018 -0.48540013036641444
0.6893679357537726 -0.561537738371178 -0.4576540369532042
0.7041798004230592 -0.5656399587874498 -0.4291645904534445
0.718356741246329 -0.5691735902882864 -0.40000627048122195
0.7318398876669235 -0.5721159619083929 -0.37026167091571754
0.744576123272518 -0.5744497546764921 -0.34002040527678057
0.7565190788683935 -0.576163400656378 -0.3093777934050783
0.7676299597001665 -0.5772513333469984 -0.27843337285575775
0.7778781730549612 -0.5777140777343873 -0.24728928863212465
0.787241732694554 -0.5775581766168586 -0.2160486216736544
0.7957074283757499 -0.5767959583797736 -0.18481371925376452
0.8032707610712281 -0.5754451594459928 -0.15368458894185139
0.8099356563633047 -0.5735284215101307 -0.12275741228716386
0.8157139788863648 -0.5710726888646787 -0.09212322553103112
0.8206248788926608 -0.5681085343323002 -0.06186680338607782
0.8246940075437323 -0.5646694434432183 -0.032065769334050045

0.8246940075437323 -0.5646694434432183 -0.032065769334050045
0.8038167281421953 -0.5935065278005235 -0.04035677163677312
0.7812671531927096 -0.622285315767142 -0.04881210016735473
0.7570357857077413 -0.6508472479102018 -0.05739929481778572
0.7311354579463649 -0.6790244243013467 -0.06608156577884652
0.703603488414711 -0.7066430181836685 -0.07481828615335409
0.6745030950824618 -0.733527333287756 -0.0835656989675351
0.6439238764316789 -0.7595043413709511 -0.09227782398755216
0.6119812225622114 -0.784408473562569 -0.10090753110893916
0.5788145919760344 -0.8080863919571488 -0.10940772938551549
0.5445846790318671 -0.8304014455110318 -0.11773260660049581
0.5094695918226316 -0.8512375225753683 -0.12583884602073558
0.47366024770948245 -0.8705020526246017 -0.13368674622469795
0.4373552615757184 -0.8881279778620528 -0.14124117710744244
0.40075564049795886 -0.904074602539834 -0.14847231947912745
0.36405960321835384 -0.9183273220315834 -0.15535615505925499
0.3274578144291028 -0.9308963222472346 -0.16187469535380766
0.2911292685088462 -0.9418144119511597 -0.1680159589402022
0.25523798462407493 -0.9511341986653622 -0.17377372452197629
0.2199305960712486 -0.9589248403660748 -0.1791471000062326

0.2199305960712486 -0.9589248403660748 -0.1791471000062326
0.24340519463580376 -0.9484014557883663 -0.20319593963171076
0.26713817154494723 -0.9364024896487814 -0.22756883504378655
0.2910328502859672 -0.9228812659967538 -0.252170674200342
0.31498370429872347 -0.9078069453944424 -0.2768967603997316
0.338877995430566 -0.8911668865582569 -0.30163435566099595
0.36259785453611937 -0.8729685847587002 -0.32626468688810817
0.3860227422167648 -0.8532410257988049 -0.35066535954561046
0.4090321911405615 -0.8320353177146791 -0.37471308582191826
0.4315086998496867 -0.8094245027003866 -0.3982866008068373
0.4533406260970486 -0.7855025063537123 -0.4212696158542318
0.4744249192998049 -0.7603822447608667 -0.44355364703697253
0.49466953867874913 -0.7341929748575603 -0.4650405607827768
0.5139954258461742 -0.7070770318678 -0.48564469853405384
0.5323379354684632 -0.6791861421027098 -0.5052944753673959
0.5496476707267456 -0.650677524747671 -0.523933389709901
0.5658907161263493 -0.6217100002096687 -0.5415204271690047
0.581048303212199 -0.5924403061087287 -0.5580298854291053
0.595115980287706 -0.5630197888606775 -0.5734506843290719
0.6081023822435262 -0.5335915946650792 -0.587785252292473

0.5877852522924748 -1.439658655611997e-16 0.8090169943749462
0.5987993606739648 0.027937376656487264 0.8004116619852589
0.6094164428143444 0.05636322617220561 0.7908443500227916
0.6195772509581243 0.08520197453465861 0.7802977980428811
0.6292237994190424 0.11437013149201697 0.7687632166455178
0.6383004979727822 0.1437771706789033 0.7562410987768834
0.6467553076420249 0.17332667443897698 0.7427418366867417
0.6545408728434225 0.20291772034407224 0.7282861007514392
0.6616155808542634 0.232446470722837 0.7129049455708475
0.667944499907441 0.2618079121368075 0.6966396214585876
0.6735001512359218 0.29089768015200834 0.6795410848266427
0.678263077963864 0.319613897243901 0.6616692177814761
0.6822221843619302 0.34785894916126675 0.6430917840035401
0.6853748317546169 0.37554112795111694 0.623883163111919
0.6877266911265443 0.40257607790092953 0.6041229178023622
0.6892913659507814 0.4288879930950641 0.5838942560126742
0.6900898107460327 0.4544105308515133 0.5632824536196301
0.6901495803725711 0.47908742246374875 0.542373301655424
0.6895039514472997 0.5028727798167731 0.5212516362160514
0.6881909602356179 0.5257311121190712 0.5000000000000228

0.6881909602356179 0.5257311121190712 0.5000000000000228
0.6665781812100527 0.5220283837776021 0.532127705410311
0.643241402106401 0.5173843285413281 0.564405842631019
0.6181718947015337 0.5117427255928388 0.5966430183987144
0.5913877492738225 0.5050580966217316 0.628630932301041
0.562936809779953 0.4972985363164916 0.6601487059536238
0.5328985925339041 0.488448288012881 0.6909684218635969
0.5013848862712627 0.4785098357292848 0.7208616600493369
0.4685388099905855 0.46750529270908636 0.749606686750857
0.4345322265354994 0.455476905934586 0.7769958379955183
0.39956156209144766 0.44248656477054266 0.8028425736697118
0.36384224378407576 0.42861429262808154 0.8269876720925763
0.32760211384835136 0.4139558005659381 0.8493040975880813
0.2910742847908743 0.39861927534523967 0.8697001978019305
0.2544899478667565 0.3827216464881227 0.8881210546677721
0.21807163050065487 0.36638461637778325 0.9045479958810867
0.18202732292347357 0.3497307399954001 0.9189964435249917
0.14654577655710954 0.3328798093064732 0.9315124088971438
0.1117931386133089 0.31594574020730437 0.9421680229151508
0.07791095135971203 0.2990340891449526 0.9510565162951533

0.07791095135971203 0.2990340891449526 0.9510565162951533
0.10572508065130379 0.28594226544527795 0.9523965708428908
0.13393348552772488 0.27233843517892803 0.9528345072354839
0.16245926525360158 0.2582430427974031 0.9523221713159883
0.19121869115381274 0.2436821184483013 0.9508177729207478
0.22012213917486914 0.22868724647560493 0.9482870805533974
0.24907525121366353 0.2132953824688864 0.9447045035619879
0.2779802991824212 0.19754851257793346 0.940054008259471
0.3067377124775786 0.18149315675124295 0.934329818531171
0.33524771776053963 0.16517972615156895 0.9275368595397393
0.36341203094657637 0.14866175353641203 0.9196909148179968
0.39113553604760176 0.13199502309181302 0.9108184815426985
0.4183278846909694 0.1152366323371278 0.9009563249445428
0.4449049539476422 0.09844402267794751 0.890150749228371
0.4707901082543307 0.08167401659843024 0.8784566175870924
0.49591522294121204 0.06498189825288024 0.8659361665588406
0.5202214410511081 0.04842057052451298 0.8526576690681841
0.5436596504226759 0.0320398159034032 0.8386940054031446
0.5661906830485023 0.015885681413626434 0.8241212019812955
0.5877852522924748 -1.439658655611997e-16 0.8090169943749462

0.8246940075437323 -0.5646694434432183 -0.032065769334050045
0.8124246693202347 -0.5828495371614322 -0.015892567779042542
0.7993718368143942 -0.600836419111637 0.0005137870054446839
0.7855384311118497 -0.6185760071582249 0.017120064676320688
0.7709330332733909 -0.6360139169282165 0.033890347910819865
0.7555700953798801 -0.6530961477740951 0.050786343934920736
0.7394700438924895 -0.6697697997145167 0.06776776207029322
0.7226592648420117 -0.685983801858023 0.08479275043549252
0.7051699644634067 -0.7016896310282528 0.10181838206390907
0.6870399036423768 -0.7168419985428509 0.11880117814300159
0.6683120096630683 -0.7313994834768105 0.13569765403265394
0.6490338739119543 -0.7453250923009963 0.1524648723521343
0.6292571490528971 -0.7585867274673979 0.16906098685422355
0.6090368634054077 -0.7711575511577381 0.18544576108852714
0.5884306735422856 -0.7830162347822635 0.2015810469810575
0.5674980782607357 -0.7941470896122088 0.21743121034209928
0.5462996179563337 -0.8045400788246756 0.23296349281711187
0.5248960830311957 -0.8141907159082097 0.24814830272920466
0.5033477533879293 -0.8230998585318113 0.2629594304151049
0.4817136884778531 -0.8312734103902042 0.2773741868150339

0.4817136884778531 -0.8312734103902042 0.2773741868150339
0.47139450535335176 -0.8441861533851261 0.25521943255852053
0.4605619760527368 -0.856622271911527 0.23255311109407303
0.4492242025706713 -0.868529199153898 0.2094150091130837
0.4373933088713309 -0.8798561781853437 0.18584993694825233
0.4250855149702504 -0.8905550464738496 0.16190742466742092
0.41232112920289415 -0.9005810117002476 0.1376413011338116
0.39912445314203077 -0.9098933941010227 0.11310916088184918
0.3855235969123063 -0.9184563102225709 0.08837172871534239
0.37155020631296765 -0.9262392740271866 0.06349213682324267
0.3572391069691499 -0.9332176937523522 0.038535133572173134
0.3426278744292742 -0.93937324670028 0.013566246638350505
0.32775634244666774 -0.9446941190110532 -0.011349074495874995
0.3126660643858374 -0.9491751031340703 -0.03614631062637304
0.2973997445844315 -0.9528175517696625 -0.060762693824265746
0.28200065745608777 -0.9556291930830673 -0.08513797344158443
0.26651207209323935 -0.9576238175838607 -0.10921510621100283
0.2509766991617286 -0.9588208518544655 -0.13294085349116846
0.23543617508527862 -0.9592448380256718 -0.15626627333598483
0.2199305960712486 -0.9589248403660748 -0.1791471000062326

0.2199305960712486 -0.9589248403660748 -0.1791471000062326
0.2552379846240749 -0.9511341986653622 -0.17377372452197629
0.2911292685088461 -0.9418144119511596 -0.1680159589402022
0.3274578144291027 -0.9308963222472346 -0.16187469535380766
0.36405960321835384 -0.9183273220315834 -0.15535615505925499
0.40075564049795875 -0.904074602539834 -0.14847231947912745
0.4373552615757183 -0.8881279778620529 -0.14124117710744244
0.47366024770948245 -0.8705020526246018 -0.13368674622469798
0.5094695918226316 -0.8512375225753683 -0.12583884602073558
0.5445846790318671 -0.8304014455110319 -0.11773260660049582
0.5788145919760341 -0.8080863919571488 -0.1094077293855155
0.6119812225622114 -0.784408473562569 -0.10090753110893916
0.6439238764316789 -0.7595043413709511 -0.09227782398755217
0.6745030950824618 -0.733527333287756 -0.08356569896753512
0.703603488414711 -0.7066430181836685 -0.07481828615335412
0.7311354579463649 -0.6790244243013467 -0.06608156577884652
0.7570357857077412 -0.6508472479102019 -0.057399294817785725
0.7812671531927095 -0.6222853157671421 -0.048812100167354745
0.8038167281421952 -0.5935065278005235 -0.04035677163677313
0.8246940075437323 -0.5646694434432183 -0.032065769334050045

0.6881909602356179 0.5257311121190712 0.5000000000000228
0.6838853724180243 0.5494753338631613 0.47997672325710505
0.6788081425254973 0.5731067941084551 0.4590948792872917
0.6729359390704933 0.5965340496073005 0.4373835268576404
0.6662518719121798 0.619662790199761 0.4148812717095861
0.6587462986049074 0.6423973158503332 0.391636314279743
0.6504174913837308 0.6646421697165886 0.36770623211542103
0.6412721236668741 0.6863038733017588 0.34315748119308265
0.6313255412349997 0.7072926988527728 0.31806461471514813
0.6206017927937014 0.727524407059458 0.2925092338953213
0.6091334068635851 0.7469218758369847 0.2665787013977718
0.5969609159221534 0.765416549115507 0.24036466296336523
0.5841321432183686 0.7829496431121158 0.21396143486555236
0.570701281347106 0.7994730608873821 0.1874643229634152
0.5567278032205915 0.8149499828957315 0.16096794245880516
0.5422752544604675 0.829355120124565 0.1345646057587345
0.5274099807896893 0.8426746354990488 0.10834283940327963
0.5121998445150197 0.8549057567897088 0.08238608066053957
0.4967129809003247 0.8660561188666803 0.05677159129966465
0.481016638765014 0.876142883812083 0.03156961160126659

0.481016638765014 0.876142883812083 0.03156961160126659
0.46517278602920814 0.8834127841204762 0.056534343458940976
0.448609730593612 0.8899689882615229 0.08188106954289318
0.4313468538877796 0.895753431569779 0.10754385836522576
0.4134108248457493 0.9007121678905908 0.13345066696794528
0.3948356830667777 0.9047965755748593 0.15952410540479162
0.3756627350418527 0.9079645129122866 0.18568239763862598
0.3559402510884167 0.9101813733411772 0.21184051849890176
0.33572296003332375 0.9114209916594386 0.23791147527807213
0.3150713491814953 0.9116663568597532 0.2638076926380602
0.29405078788395855 0.9109100950606294 0.289442451726519
0.2727305031457492 0.9091546968587089 0.3147313296029098
0.2511824442685816 0.906412476481743 0.33959358381673654
0.22948007970848416 0.9027052642957397 0.3639534294793036
0.20769717258228573 0.8980638482884125 0.3877411622445204
0.18590658132594595 0.8925271928998063 0.41089408970450203
0.16417912897752648 0.8861414739513056 0.43335724495107747
0.14258257882917152 0.8789589756791646 0.4550838684104905
0.12118074641521533 0.8710368996195597 0.4760356564369904
0.1000327687770128 0.8624361353158836 0.4961827865537132

0.1000327687770128 0.8624361353158836 0.4961827865537132
0.13251468627609095 0.8545570848141575 0.5021673493120377
0.16556488121699794 0.8454833014561259 0.5076871645673654
0.19907458882053283 0.835177041151783 0.5126876417653237
0.23292274006676053 0.8236123708481806 0.5171166790441315
0.26697746721385074 0.810776844897616 0.5209260406026409
0.3010981213820585 0.796672886567226 0.5240727364677914
0.3351377570537528 0.781318770605495 0.526520334361834
0.3689460010497761 0.7647491180332237 0.5282401298432229
0.4023721892414612 0.7470148396143172 0.5292121037174317
0.43526862724940124 0.7281824981058415 0.5294256053354032
0.4674938154432058 0.7083330983072276 0.5288797163484693
0.49891547623951 0.6875603540121551 0.5275832703558587
0.529413233785989 0.6659685176839121 0.5255545274718452
0.5588808214289034 0.6436698878246156 0.5228205265163188
0.5872277278952647 0.6207821274238842 0.5194161586454944
0.6143802345948675 0.5974255329267102 0.5153830225632117
0.6402818390389073 0.5737203869603652 0.5107681315264331
0.6648930985163739 0.5497845113024229 0.5056225456575799
0.6881909602356179 0.5257311121190712 0.5000000000000228

6.123233995736766e-17 -1.499759782661858e-32 1.0
-0.01510481531938269 -0.03461291096553759 0.9992866410338223
-0.030621702675584606 -0.07017009118695328 0.9970649274887081
-0.046494667620766504 -0.10654322854677711 0.9932204117584695
-0.0626576893282907 -0.14358103533006775 0.9876530262504061
-0.07903541741839272 -0.18111084501089547 0.9802817271646656
-0.09554437253714826 -0.2189413633970608 0.9710488928320339
-0.11209464405901362 -0.2568665589409417 0.9599241437067425
-0.12859203223708526 -0.2946705715089577 0.9469072518107149
-0.1449405350583156 -0.33213341104761485 0.9320298485364539
-0.16104503895368402 -0.3690371233862388 0.9153557215592287
-0.17681404432599226 -0.40517203582481687 0.8969796068555067
-0.19216224695830908 -0.4403426724701857 0.8770245159890051
-0.20701280716382128 -0.47437295402696517 0.8556377727507625
-0.22129916877149974 -0.5071103660305073 0.8329860470412744
-0.23496633498109032 -0.538428882487754 0.8092497512687553
-0.24797156064408823 -0.5682305522494779 0.7846171962186328
-0.26028447274246963 -0.5964457750891029 0.759278888569631
-0.2718866757488895 -0.6230323973796768 0.733422298110407
-0.2827709313150347 -0.6479738323374222 0.7072273418139192

-0.2827709313150347 -0.6479738323374222 0.7072273418139192
-0.25308261928296855 -0.6510750874964794 0.7155769827616898
-0.22260517819503806 -0.6535900220946492 0.7233719773802902
-0.1914041161060451 -0.6554789790338347 0.7305557968987896
-0.1595551218690706 -0.656706151072862 0.7370747548440477
-0.12714351077575214 -0.6572405006187706 0.7428791638039149
-0.09426336472660196 -0.6570566201538216 0.7479244721109587
-0.06101637410664674 -0.6561354927166828 0.7521723321741592
-0.027510405583082105 -0.6544651135964619 0.755591551481238
0.006142163007733769 -0.6520409391597222 0.7581588801124036
0.0398262842207344 -0.6488661363689203 0.7598595950297916
0.07342619043231753 -0.6449516165781681 0.7606878511135856
0.10682737490636499 -0.6403158488133859 0.7606467811862534
0.1399185259020288 -0.6349844599445155 0.7597483410566787
0.172593338433114 -0.6289896408336209 0.7580129096872329
0.20475213671275982 -0.622369387648303 0.7554686676691731
0.2363032530575163 -0.6151666152146794 0.7521507881533795
0.2671641247572683 -0.607428183998011 0.7481004823735654
0.2972620875909444 -0.5992038838442381 0.7433639464401369
0.3265348617187975 -0.5905454161426439 0.7379912570994303

0.3265348617187975 -0.5905454161426439 0.7379912570994303
0.31347115553866445 -0.5669194187165082 0.7617993222151035
0.29965072729084546 -0.541924872933809 0.7851922527188754
0.28508784205181553 -0.5155875774963418 0.8080187944879085
0.2698076490432238 -0.4879530153197322 0.8301238987995405
0.25384671290456734 -0.4590873143516494 0.8513522679531288
0.2372531576616523 -0.42907750794190674 0.8715523113146669
0.22008636422383465 -0.39803098775962614 0.8905803304956998
0.20241618976097958 -0.3660740920194518 0.9083047094861839
0.18432171211718185 -0.33334983472638996 0.924609860497972
0.16588954090546368 -0.300014851253751 0.9393996749229607
0.1472117743716215 -0.266235703286874 0.9526002539269567
0.1283837124639036 -0.23218474285978197 0.9641617434627463
0.10950145738230112 -0.1980357728962647 0.9740591683694225
0.0906595403230598 -0.16395975512558908 0.9822922408568482
0.0719487064115264 -0.13012080408526192 0.9888841994844052
0.05345397038471549 -0.09667267078056413 0.9938798054967525
0.03525302674009956 -0.0637558674039776 0.9973426760533354
0.017415064196592545 -0.03149552326202826 0.9993521639309536
6.123233995736766e-17 -1.499759782661858e-32 1.0

0.9510565162951535 -2.329416636978185e-16 -0.3090169943749477
0.9443770458244978 -0.028426031023044987 -0.327633875049683
0.9363686440106104 -0.05748201566064422 -0.3462796274534793
0.9269777990729631 -0.08707612684333141 -0.3648697139525411
0.9161640924813602 -0.1171038273223192 -0.38331455656454005
0.9039024175563218 -0.14744903481644467 -0.4015211098653913
0.890184879547386 -0.17798581679699796 -0.41939471771150305
0.8750222371809333 -0.2085805867545577 -0.4368411876963973
0.8584447615652162 -0.2390947341838237 -0.4537689934612168
0.8405024182731025 -0.2693875823487602 -0.47009149678903644
0.8212643205818295 -0.2993195359430668 -0.4857290717489464
0.8008174523519412 -0.3287552595027575 -0.5006110140196885
0.7792647123709047 -0.3575667201506702 -0.5146771305334863
0.7567223818919779 -0.38563593639349525 -0.5278789267489692
0.733317157585853 -0.4128572974860447 -0.5401803386858177
0.7091829185625138 -0.4391393524586965 -0.551557990732898
0.6844574060126168 -0.46440600983109986 -0.5620009941158789
0.6592789873114828 -0.488597133115474 -0.5715103309660162
0.6337836553446771 -0.5116685584148059 -0.5800978922110078
0.6081023822435262 -0.5335915946650792 -0.587785252292473

0.6081023822435262 -0.5335915946650792 -0.587785252292473
0.6121529521185122 -0.5097714258308786 -0.6044847860938632
0.6157278625264525 -0.48511697490380357 -0.620919253984597
0.6187939713764216 -0.4596654492098042 -0.6370256633691811
0.6213208888015048 -0.4334624054430752 -0.6527409104739884
0.6232816303463803 -0.40656160863430313 -0.6680027452469383
0.6246532321545287 -0.3790246836318082 -0.6827507808539719
0.6254173029826884 -0.35092055482336726 -0.6969275151207048
0.6255604888886057 -0.32232467972321976 -0.7104793280474616
0.6250748291033216 -0.2933180924472457 -0.7233574183379627
0.6239579858357686 -0.26398628320252115 -0.7355186429946484
0.6222133363251557 -0.2344179488896144 -0.7469262275067765
0.619849921966535 -0.2047036569802977 -0.7575503198184087
0.6168822562876245 -0.17493446936852697 -0.7673683687149487
0.6133300003966391 -0.14520057451225124 -0.7763653159272191
0.6092175207085453 -0.11558997478482014 -0.7845336004219181
0.604573348822263 -0.08618727172683845 -0.7918729822933211
0.599429567021615 -0.057072585282800604 -0.798390201711805
0.5938211448245959 -0.02832063476838231 -0.8040984949653384
0.5877852522924737 -1.439658655611995e-16 -0.809016994374947

0.5877852522924737 -1.439658655611995e-16 -0.809016994374947
0.6127680490022086 -1.500848859660647e-16 -0.7902628158543377
0.6375980559004484 -1.5616648366021187e-16 -0.7703692096079442
0.6621782382254561 -1.621868919815677e-16 -0.7493463690581487
0.6864088651650545 -1.6812168392615027e-16 -0.7272158344142555
0.7101890833122384 -1.739461575335452e-16 -0.7040109842496226
0.7334186448615191 -1.7963575917292975e-16 -0.6797772365779049
0.7559997330154651 -1.8516653063872861e-16 -0.6545719239934948
0.777838816215689 -1.90515563306222e-16 -0.628463822338387
0.7988484559758522 -1.9566144092292658e-16 -0.6015323302907308
0.8189489913119338 -2.0058465217502273e-16 -0.5738663168623562
0.8380700265858222 -2.0526795510393292e-16 -0.5455626733368397
0.8561516589425712 -2.0969667774174334e-16 -0.5167246238470578
0.8731453957301826 -2.1385894281424349e-16 -0.48745986287609666
0.8890147300770156 -2.177458087167331e-16 -0.45787859712601897
0.9037353624983191 -2.213513237919679e-16 -0.4280915726454234
0.9172950761717938 -2.2467249578148304e-16 -0.398208165701035
0.9296932916044488 -2.277091827504311e-16 -0.368334608129192
0.940940341355688 -2.304639154459723e-16 -0.33857240585942816
0.9510565162951535 -2.329416636978185e-16 -0.3090169943749477

0.3265348617187975 -0.5905454161426439 0.7379912570994303
0.2972620875909444 -0.5992038838442381 0.7433639464401368
0.2671641247572684 -0.607428183998011 0.7481004823735654
0.23630325305751632 -0.6151666152146794 0.7521507881533795
0.20475213671275982 -0.622369387648303 0.7554686676691731
0.17259333843311406 -0.6289896408336209 0.7580129096872329
0.1399185259020289 -0.6349844599445155 0.7597483410566788
0.10682737490636501 -0.6403158488133859 0.7606467811862535
0.07342619043231753 -0.6449516165781681 0.7606878511135856
0.039826284220734455 -0.6488661363689203 0.7598595950297917
0.006142163007733828 -0.6520409391597222 0.7581588801124036
-0.027510405583082105 -0.6544651135964619 0.755591551481238
-0.061016374106646724 -0.6561354927166828 0.7521723321741592
-0.09426336472660185 -0.6570566201538216 0.7479244721109587
-0.1271435107757521 -0.6572405006187706 0.7428791638039149
-0.1595551218690706 -0.656706151072862 0.7370747548440477
-0.19140411610604507 -0.6554789790338347 0.7305557968987896
-0.222605178195038 -0.6535900220946492 0.7233719773802905
-0.25308261928296844 -0.6510750874964796 0.7155769827616898
-0.2827709313150347 -0.6479738323374222 0.7072273418139192

-0.2827709313150347 -0.6479738323374222 0.7072273418139192
-0.2736388145987431 -0.6667794750811229 0.6932004982366479
-0.26422504897557303 -0.6853718338393978 0.6785650837417712
-0.2545406117854276 -0.7037038006243328 0.6633325244089644
-0.24459845485482706 -0.7217283304877432 0.6475181949984156
-0.23441345929137256 -0.7393989519719082 0.6311414420919417
-0.22400235513350586 -0.7566702917857995 0.6142255403542217
-0.2133836058552809 -0.7734986013254095 0.5967975791672024
-0.20257725892411868 -0.789842271897202 0.5788882791101034
-0.19160476482784483 -0.8056623252908439 0.5605317401380735
-0.180488768157706 -0.8209228667256083 0.5417651257287819
-0.16925287538777198 -0.8355914881695069 0.5226282895822231
-0.15792140486445239 -0.8496396115649533 0.5031633535397755
-0.14651912515971344 -0.8630427635130403 0.48341424711132236
-0.1350709883102732 -0.8757807753590523 0.4634262202642221
-0.12360186454352531 -0.8878379052477888 0.44324534186676173
-0.11213628488023879 -0.8992028814277855 0.4229179963600816
-0.10069819752481021 -0.9098688687264888 0.4024903908637247
-0.08931074324374709 -0.9198333625530065 0.38200808404493075
-0.07799605404308768 -0.9290980168922862 0.3615155467756938

-0.07799605404308768 -0.9290980168922862 0.3615155467756938
-0.05730819314387582 -0.9209738529432449 0.3853867319893856
-0.03613576594464168 -0.9116741564870866 0.40932192564429415
-0.01453441487396848 -0.9011663942882668 0.433229593391028
0.007432455197718965 -0.8894288776860311 0.45701316189788344
0.029694273944138413 -0.8764521183573988 0.48057250683092423
0.052174175301246024 -0.862239927158614 0.5038056802430309
0.07479012777729892 -0.8468101787382988 0.5266108221184462
0.09745629575753036 -0.8301951772564329 0.5488881835833058
0.12008458526057866 -0.8124415779668807 0.5705421761565743
0.14258631298618796 -0.7936098443563167 0.591483354194983
0.1648739269176924 -0.7737732488540858 0.611630237627713
0.18686270154393034 -0.7530164540981458 0.630910889610537
0.20847233166802684 -0.7314337383888667 0.6492641783398982
0.2296283557518345 -0.709126950521945 0.6666406725351792
0.2502633520272511 -0.6862032935321682 0.6830031439002964
0.2703178667837144 -0.6627730428109148 0.6983266747165422
0.28974105251330046 -0.6389473014699151 0.7125983921065207
0.30849101204854784 -0.6148358856217483 0.7258168703171504
0.3265348617187975 -0.5905454161426439 0.7379912570994303

-0.07799605404308768 -0.9290980168922862 0.3615155467756938
-0.04894187565551514 -0.9316441481479318 0.36006093099506703
-0.019382757761704176 -0.9334172691742764 0.35826876825755777
0.010614600400525802 -0.9343765064081905 0.35612901388508345
0.040976900781928886 -0.934485878292722 0.3536340437143853
0.0716249229527069 -0.9337151665938205 0.35077893050280656
0.10247438655771947 -0.9320407085942295 0.3475616745597617
0.13343698409675608 -0.9294460757767086 0.34398337677631863
0.16442155894975732 -0.9259226072814061 0.34004834403027817
0.1953353949728605 -0.9214697713429175 0.33576411954231755
0.22608557693440878 -0.9160953348774966 0.33114143400958257
0.25658037620192997 -0.9098153299758771 0.3261940770292467
0.2867306139181505 -0.9026538156509298 0.32093869217178805
0.31645095466094525 -0.8946424430555857 0.3153945027702754
0.34566108723458633 -0.8858198417465639 0.30958297876320023
0.37428675547593293 -0.8762308526934719 0.30352745751145854
0.4022606102288495 -0.8659256400234001 0.29725273322272167
0.42952286322447336 -0.8549587175475774 0.29078463036558894
0.45602173370659593 -0.8433879277697929 0.28414957624357845
0.4817136884778531 -0.8312734103902042 0.2773741868150339

0.4817136884778531 -0.8312734103902042 0.2773741868150339
0.47705833565721595 -0.8246745110701588 0.3038540688737962
0.47196369876903377 -0.8173367332119346 0.33047077266635205
0.4664255456856074 -0.8092496569438741 0.3571585125236487
0.46044273857427614 -0.800407960911534 0.3838483823121585
0.4540174314103529 -0.7908117939429458 0.41046909571402024
0.4471552096132361 -0.7804670530864967 0.4369478201824819
0.4398651633373605 -0.769385552691556 0.46321108513474313
0.4321598881550403 -0.7575850727239369 0.48918574044598856
0.4240554095938279 -0.7450892789623704 0.5147999378103555
0.4155710310832009 -0.7319275128634967 0.5399841053567235
0.4067291081270159 -0.7181344543879532 0.5646718852777416
0.39755475472600965 -0.7037496665753413 0.5888010052554583
0.38807549100171307 -0.6888170357542689 0.6123140571132444
0.378320843412193 -0.6733841256150076 0.6351591602186012
0.3683219107352968 -0.6575014666606473 0.6572904924091004
0.3581109100188631 -0.641221804586181 0.6786686772267475
0.3477207169194696 -0.624599331823918 0.6992610225875064
0.33718441429979107 -0.6076889258640317 0.7190416122419664
0.3265348617187975 -0.5905454161426439 0.7379912570994303

0.3265348617187975 -0.5905454161426439 0.7379912570994303
0.3084910120485479 -0.6148358856217482 0.7258168703171504
0.28974105251330046 -0.6389473014699149 0.7125983921065207
0.27031786678371444 -0.6627730428109146 0.6983266747165422
0.2502633520272511 -0.6862032935321682 0.6830031439002964
0.2296283557518345 -0.709126950521945 0.6666406725351791
0.2084723316680269 -0.7314337383888666 0.6492641783398982
0.18686270154393034 -0.7530164540981457 0.630910889610537
0.1648739269176924 -0.7737732488540858 0.611630237627713
0.14258631298618799 -0.7936098443563167 0.5914833541949829
0.1200845852605787 -0.8124415779668807 0.5705421761565743
0.09745629575753036 -0.8301951772564329 0.5488881835833058
0.07479012777729895 -0.8468101787382988 0.5266108221184462
0.05217417530124607 -0.8622399271586139 0.5038056802430309
0.029694273944138438 -0.8764521183573988 0.48057250683092434
0.007432455197718965 -0.8894288776860311 0.45701316189788344
-0.014534414873968459 -0.9011663942882668 0.433229593391028
-0.03613576594464162 -0.9116741564870866 0.40932192564429426
-0.0573081931438758 -0.9209738529432449 0.38538673198938556
-0.07799605404308768 -0.9290980168922862 0.3615155467756938

0.481016638765014 0.876142883812083 0.03156961160126659
0.5066611858699808 0.8616050436927294 0.03051542914780468
0.5322712249988857 0.8460626391124723 0.02941689542123892
0.5577653710071176 0.8295169049105536 0.028275349209305363
0.5830594924453221 0.8119775993290581 0.027092553538248312
0.6080678348974984 0.7934634302848959 0.025870697006359977
0.6327042605202743 0.7740022927819824 0.02461238484436816
0.6568835683009164 0.7536312934167224 0.023320619187605984
0.6805228527067221 0.732396546364793 0.021998768529823295
0.7035428537074302 0.71035273543338 0.020650526858167564
0.7258692491825108 0.6875624480398044 0.01927986350390617
0.7474338418163453 0.6640952984854053 0.01789096524055935
0.7681755967889162 0.6400268687039887 0.01648817257793373
0.7880414936303348 0.6154375038776354 0.015075912500950115
0.8069871649780539 0.5904110071683509 0.013658630060759142
0.8249773058829162 0.5650332817825079 0.012240721230966386
0.8419858488487321 0.5393909694285124 0.01082646929749965
0.8579959110317611 0.5135701320189331 0.00941998677461607
0.8729995301285615 0.4876550185640298 0.008025164461036249
0.886997213774254 0.4617269521854738 0.006645628805735385

0.886997213774254 0.4617269521854738 0.006645628805735385
0.8831709314256869 0.4686173444508204 -0.020171523604966903
0.8785843312902787 0.4752332031360283 -0.04736006174282745
0.8732183539459758 0.4815449652343143 -0.07486088958437195
0.867059021681784 0.48752415712922637 -0.10261018046794941
0.8600979359306179 0.49314385062929006 -0.13053996780452834
0.8523326842649168 0.4983791130565204 -0.15857886051664608
0.8437671373927476 0.5032074365663649 -0.18665286936009387
0.8344116199321321 0.507609131707654 -0.2146863245044658
0.8242829432735587 0.511567670909686 -0.24260285964579759
0.8134042943287492 0.5150699691247433 -0.27032643391534134
0.8018049800676234 0.518106591196957 -0.29778236028520455
0.7895200340502244 0.5206718785363579 -0.3248983082977699
0.7765896972175009 0.5227639911498471 -0.3516052498651194
0.7630587905785644 0.5243848647737298 -0.3778383195455643
0.748976001746062 0.5255400865012998 -0.4035375649040485
0.7343931102475403 0.5262386956485047 -0.42864856797043505
0.719364178025442 0.5264929194307304 -0.45312292500279294
0.7039447315120981 0.5263178551698806 -0.4769185782769808
0.6881909602364037 0.5257311121174905 -0.5000000000006034

0.6881909602364037 0.5257311121174905 -0.5000000000006034
0.6849856088036892 0.5503593310625085 -0.47738802084286486
0.6809121614333404 0.5748831834209619 -0.453726739163516
0.6759330335275442 0.5991908684638753 -0.42905108942381087
0.6700184942184496 0.6231660234139041 -0.403409623915621
0.6631480189911844 0.6466897928874933 -0.3768647193399758
0.6553114657511573 0.6696431756613509 -0.3494923463328646
0.6465099963072384 0.6919095625984517 -0.32138136514059745
0.636756673408465 0.7133773570535621 -0.29263233811911504
0.6260766788601113 0.7339425535820219 -0.26335588132599963
0.6145071199925586 0.7535111448616313 -0.23367061014976806
0.6020964180124971 0.7720012319354953 -0.20370076412865504
0.5889032998900721 0.7893447293201125 -0.17357362032619597
0.5749954423732418 0.8054885827921099 -0.1434168199394979
0.560447839486508 0.820395450992212 -0.11335573742069781
0.5453409810354511 0.8340438386501119 -0.08351101492065506
0.5297589377081259 0.8464277051922678 -0.05399636840852751
0.5137874479770729 0.857555604019425 -0.024916747702820513
0.4975120939045127 0.8674494319740013 0.0036330960253989535
0.481016638765014 0.876142883812083 0.03156961160126659

0.7674400771555199 -0.4821575551096291 0.422563391725117
0.7746512914336964 -0.48915100431620046 0.40080752445102474
0.7814854976418641 -0.4959316885058727 0.37859236298578697
0.7879183280300307 -0.5024802190566185 0.35594709973698857
0.7939268906018405 -0.5087779098417816 0.3329040865419364
0.7994900535824019 -0.5148069878285765 0.30949865832613244
0.8045887148005183 -0.5205507985052802 0.2857689034712582
0.8092060491397266 -0.5259940012441553 0.2617553833082293
0.8133277275390695 -0.5311227497689287 0.23750080482816346
0.8169421016328979 -0.5359248531562817 0.2130496523091316
0.8200403489930911 -0.5403899132574956 0.18844778500381956
0.822616575043134 -0.5445094350638288 0.16374200924250917
0.8246678690017366 -0.5482769073300388 0.13897963420855125
0.826194312621547 -0.5516878516770252 0.11420802118852309
0.8271989419451887 -0.5547398393714441 0.08947413625682334
0.8276876637324584 -0.557432475977606 0.06482411611877689
0.8276691295477472 -0.5597673550446793 0.04030285622581111
0.8271545716720733 -0.5617479828830158 0.015953629331658174
0.8261576059681556 -0.5633796772566522 -0.008182258560828133
0.8246940075437323 -0.5646694434432183 -0.032065769334050045

0.8246940075437323 -0.5646694434432183 -0.032065769334050045
0.840856132839161 -0.5410703958487201 -0.014275524609645597
0.856387278594045 -0.5163191335853362 0.00392190718571235
0.8711800520443225 -0.49044901925770024 0.02247390551754572
0.885128665543081 -0.4635082101110204 0.04132051056803139
0.8981313607583158 -0.4355599822408501 0.060395038643635914
0.910092929016789 -0.4066825828311225 0.07962497959465396
0.9209272121486427 -0.37696856534446416 0.09893316262136342
0.9305594563119303 -0.3465235922178796 0.11823915724015278
0.9389283894500033 -0.31546472420838817 0.13746085721014764
0.9459879026636939 -0.2839182517875493 0.156516179086532
0.9517082368286419 -0.25201715797663976 0.17532479584444186
0.9560766066236399 -0.21989832978427085 0.19380982128136237
0.9590972316771774 -0.18769965361436447 0.211899363430432
0.9607907846997948 -0.15555713651458952 0.229527874811174
0.9611933048115586 -0.12360218936293894 0.24663724286920352
0.9603546567289947 -0.09195919111081903 0.26317758352332904
0.9583366399736114 -0.06074342748062806 0.27910772203934875
0.9552108651339237 -0.03005946643604026 0.2943953661450559
0.951056516295154 -2.329416636978186e-16 0.3090169943749463

0.951056516295154 -2.329416636978186e-16 0.3090169943749463
0.9480116434274966 -0.025555143019274137 0.3172079106692668
0.9442204701840122 -0.05143389528883041 0.3252725904543763
0.9396638204920983 -0.07758323044186886 0.33318575421586905
0.9343271403111314 -0.103946256345071 0.34092223551694034
0.92820093976379 -0.1304627199689244 0.34845730602173813
0.9212811586085955 -0.15706960734711775 0.35576700976991427
0.9135694391169593 -0.1837018272873458 0.3628284974513639
0.9050732930569444 -0.21029296340293452 0.3696203508172548
0.8958061530208767 -0.23677607546412255 0.3761228872293544
0.885787302591997 -0.2630845282934695 0.38231843473653815
0.8750416845814311 -0.2891528246790349 0.38819156897725954
0.8635995914832967 -0.31491741820687835 0.39372930459872696
0.8514962470696467 -0.3403174825854215 0.39892123567570154
0.8387712923608925 -0.3652956159129879 0.40375962168843593
0.8254681927809947 -0.3897984612940157 0.40823941784165874
0.8116335859236455 -0.4137772290232996 0.41235825072687
0.7973165908825388 -0.43718810995505675 0.4161163424060289
0.7825681004942823 -0.45999257434693047 0.4195163878020199
0.7674400771555199 -0.4821575551096291 0.422563391725117

0.9510565162951535 -2.329416636978185e-16 -0.3090169943749477
0.9542467213125015 -0.03002912585900389 -0.2975087334255674
0.9564739805613883 -0.060625364252939476 -0.2854506782585239
0.957673855201859 -0.09170248975758802 -0.2728579125388676
0.9577888493443056 -0.12316440213821045 -0.25975190108572493
0.9567701058216378 -0.15490616722648773 -0.24616060603039508
0.9545789867464715 -0.18681541270486318 -0.23211841727444088
0.9511884557576444 -0.218774051453728 -0.21766588167167866
0.9465841823807768 -0.2506602824245571 -0.20284922598165783
0.9407652992946323 -0.28235079789712597 -0.18771968082739027
0.9337447601919108 -0.31372310877458437 -0.17233262556742254
0.9255492681717004 -0.344657888333766 -0.15674658591541754
0.91621877025351 -0.3750412310635335 -0.1410221260564988
0.90580554018155 -0.4047667275272033 -0.12522068384787324
0.8943728965333083 -0.43373726823416525 -0.10940340073043471
0.8819936238094923 -0.4618665080182886 -0.09362999695819595
0.8687481787800382 -0.48907994537380167 -0.07795773790667657
0.8547227718242476 -0.5153155961499838 -0.062440529223110074
0.8400074131744534 -0.5405242654620659 -0.0471281684203544
0.8246940075437323 -0.5646694434432183 -0.032065769334050045

0.8246940075437323 -0.5646694434432183 -0.032065769334050045
0.8206248788926608 -0.5681085343323002 -0.06186680338607779
0.8157139788863649 -0.5710726888646785 -0.09212322553103107
0.8099356563633047 -0.5735284215101307 -0.12275741228716383
0.8032707610712281 -0.5754451594459928 -0.15368458894185139
0.7957074283757499 -0.5767959583797736 -0.1848137192537645
0.7872417326945541 -0.5775581766168586 -0.21604862167365438
0.7778781730549612 -0.5777140777343873 -0.24728928863212463
0.7676299597001665 -0.5772513333469984 -0.27843337285575775
0.7565190788683936 -0.576163400656378 -0.30937779340507826
0.744576123272518 -0.5744497546764921 -0.3400204052767805
0.7318398876669235 -0.5721159619083929 -0.37026167091571754
0.718356741246329 -0.5691735902882863 -0.4000062704812219
0.7041798004230592 -0.5656399587874498 -0.4291645904534444
0.6893679357537726 -0.561537738371178 -0.45765403695320417
0.6739846545773529 -0.5568944234184018 -0.48540013036641444
0.6580969056960618 -0.5517416985684767 -0.5123373505553162
0.6417738539293859 -0.5461147298837111 -0.5384097159382104
0.6250856706869594 -0.5400514110045126 -0.5635710938061578
0.6081023822435262 -0.5335915946650792 -0.587785252292473

0.6081023822435262 -0.5335915946650792 -0.587785252292473
0.633783655344677 -0.5116685584148059 -0.5800978922110078
0.6592789873114827 -0.488597133115474 -0.5715103309660162
0.6844574060126168 -0.4644060098310999 -0.562000994115879
0.7091829185625138 -0.4391393524586965 -0.551557990732898
0.733317157585853 -0.41285729748604477 -0.5401803386858177
0.7567223818919779 -0.3856359363934953 -0.5278789267489692
0.7792647123709047 -0.3575667201506702 -0.5146771305334863
0.8008174523519412 -0.3287552595027575 -0.5006110140196885
0.8212643205818295 -0.29931953594306693 -0.4857290717489465
0.8405024182731025 -0.26938758234876026 -0.47009149678903644
0.8584447615652162 -0.2390947341838237 -0.4537689934612168
0.8750222371809333 -0.20858058675455776 -0.4368411876963973
0.890184879547386 -0.17798581679699804 -0.41939471771150305
0.9039024175563218 -0.14744903481644472 -0.40152110986539136
0.9161640924813602 -0.1171038273223192 -0.38331455656454005
0.9269777990729631 -0.08707612684333145 -0.3648697139525411
0.9363686440106104 -0.05748201566064429 -0.3462796274534793
0.9443770458244978 -0.028426031023045018 -0.327633875049683
0.9510565162951535 -2.329416636978185e-16 -0.3090169943749477

0.5877852522924748 -1.439658655611997e-16 0.8090169943749462
0.6035037040102211 -0.025642825027370385 0.7969477553582537
0.6188848533819625 -0.05177306641968614 0.7837736202806839
0.6338487526391534 -0.0783167300235501 0.769481805227523
0.6483152085530844 -0.10519128350158292 0.7540704106607422
0.6622053293328511 -0.13230655198520036 0.7375493733337162
0.6754431651833913 -0.15956592245198203 0.7199411413435753
0.6879573773164992 -0.18686783331025078 0.7012810134815689
0.6996828617339632 -0.21410750580810844 0.6816170984888821
0.7105622507229071 -0.24117885538425274 0.6610098694899632
0.7205472176158869 -0.267976505982503 0.6395313123119252
0.7295995192016709 -0.2943978204861491 0.6172636915238865
0.7376917246862632 -0.32034485710328686 0.5942979823765863
0.7448075990145419 -0.3457261653126275 0.5707320378850472
0.750942129807779 -0.3704583455585608 0.5466685759084484
0.7561012089784473 -0.3944673131309356 0.5222130797410103
0.7603010000926964 -0.4176892267922665 0.4974717068132862
0.7635670389302628 -0.440071064567331 0.4725492939258788
0.7659331261729695 -0.4615708504926645 0.44754753513607953
0.7674400771555199 -0.4821575551096291 0.422563391725117

0.7674400771555199 -0.4821575551096291 0.422563391725117
0.7825681004942823 -0.4599925743469305 0.41951638780201983
0.7973165908825387 -0.43718810995505675 0.4161163424060289
0.8116335859236455 -0.4137772290232996 0.41235825072687
0.8254681927809947 -0.3897984612940157 0.40823941784165874
0.8387712923608925 -0.365295615912988 0.40375962168843593
0.8514962470696467 -0.34031748258542155 0.39892123567570154
0.8635995914832967 -0.31491741820687835 0.39372930459872696
0.8750416845814311 -0.2891528246790349 0.38819156897725954
0.885787302591997 -0.26308452829346957 0.38231843473653815
0.8958061530208767 -0.23677607546412258 0.3761228872293544
0.9050732930569444 -0.21029296340293452 0.3696203508172548
0.9135694391169593 -0.1837018272873458 0.36282849745136386
0.9212811586085954 -0.1570696073471178 0.3557670097699143
0.9282009397637899 -0.13046271996892445 0.34845730602173813
0.9343271403111314 -0.103946256345071 0.34092223551694034
0.9396638204920984 -0.07758323044186889 0.33318575421586905
0.9442204701840122 -0.05143389528883047 0.32527259045437634
0.9480116434274967 -0.025555143019274168 0.3172079106692668
0.951056516295154 -2.329416636978186e-16 0.3090169943749463

0.951056516295154 -2.329416636978186e-16 0.3090169943749463
0.9409403413556885 -2.3046391544597244e-16 0.3385724058594268
0.9296932916044494 -2.277091827504312e-16 0.3683346081291906
0.9172950761717944 -2.2467249578148314e-16 0.3982081657010336
0.9037353624983198 -2.2135132379196804e-16 0.42809157264542214
0.8890147300770163 -2.1774580871673325e-16 0.4578785971260177
0.8731453957301832 -2.138589428142436e-16 0.48745986287609533
0.8561516589425721 -2.0969667774174346e-16 0.5167246238470564
0.8380700265858231 -2.0526795510393307e-16 0.5455626733368384
0.8189489913119344 -2.0058465217502286e-16 0.5738663168623551
0.7988484559758531 -1.9566144092292673e-16 0.6015323302907297
0.7778388162156897 -1.9051556330622218e-16 0.6284638223383859
0.755999733015466 -1.8516653063872876e-16 0.6545719239934937
0.7334186448615201 -1.7963575917292997e-16 0.6797772365779039
0.7101890833122395 -1.7394615753354542e-16 0.7040109842496216
0.6864088651650555 -1.6812168392615045e-16 0.7272158344142546
0.6621782382254572 -1.6218689198156786e-16 0.7493463690581477
0.6375980559004496 -1.5616648366021212e-16 0.7703692096079432
0.6127680490022097 -1.5008488596606487e-16 0.7902628158543369
0.5877852522924748 -1.439658655611997e-16 0.8090169943749462

0.951056516295154 -2.329416636978186e-16 0.3090169943749463
0.9462759055188241 0.027937376656487177 0.32215122787300216
0.940457709945543 0.05636322617220554 0.3352051350135402
0.9335672053536148 0.08520197453465855 0.3481277016033584
0.9255781139644008 0.11437013149201691 0.360866496051658
0.9164737262735441 0.14377717067890325 0.3733684965846135
0.9062478449695405 0.17332667443897695 0.3855809998119576
0.8949054950684749 0.20291772034407224 0.39745258039999276
0.8824633522114165 0.232446470722837 0.4089340658985098
0.8689498532682542 0.26180791213680754 0.41997948717484396
0.8544049692606539 0.2908976801520084 0.43054696397127334
0.8388796389508845 0.31961389724390105 0.4405994871106853
0.8224348806598775 0.3478589491612668 0.4501055637985296
0.8051406182134702 0.375541127951117 0.4590396999389418
0.7870742726625307 0.4025760779009296 0.4673827027336944
0.768319183162877 0.42888799309506415 0.4751217971876449
0.7489629271951872 0.45441053085151323 0.48225056053721965
0.7290956117997712 0.47908742246374886 0.48876868812492386
0.7088082039386808 0.5028727798167731 0.49468161209870387
0.6881909602356179 0.5257311121190712 0.5000000000000228

0.6881909602356179 0.5257311121190712 0.5000000000000228
0.6895039514472996 0.5028727798167733 0.5212516362160514
0.6901495803725712 0.4790874224637488 0.542373301655424
0.6900898107460327 0.4544105308515133 0.5632824536196301
0.6892913659507814 0.4288879930950641 0.5838942560126742
0.6877266911265443 0.4025760779009296 0.604122917802362
0.685374831754617 0.37554112795111705 0.623883163111919
0.6822221843619302 0.3478589491612668 0.64309178400354
0.678263077963864 0.319613897243901 0.6616692177814761
0.6735001512359218 0.2908976801520084 0.6795410848266427
0.667944499907441 0.2618079121368076 0.6966396214585877
0.6616155808542634 0.232446470722837 0.7129049455708475
0.6545408728434225 0.20291772034407224 0.7282861007514392
0.646755307642025 0.17332667443897704 0.7427418366867417
0.6383004979727823 0.14377717067890333 0.7562410987768833
0.6292237994190424 0.11437013149201697 0.7687632166455178
0.6195772509581243 0.08520197453465864 0.7802977980428811
0.6094164428143444 0.05636322617220567 0.7908443500227916
0.5987993606739648 0.0279373766564873 0.8004116619852589
0.5877852522924748 -1.439658655611997e-16 0.8090169943749462

0.5877852522924748 -1.439658655611997e-16 0.8090169943749462
0.6127680490022097 -1.5008488596606487e-16 0.7902628158543369
0.6375980559004496 -1.5616648366021212e-16 0.7703692096079433
0.6621782382254571 -1.6218689198156788e-16 0.7493463690581478
0.6864088651650555 -1.6812168392615045e-16 0.7272158344142546
0.7101890833122395 -1.7394615753354537e-16 0.7040109842496215
0.7334186448615201 -1.7963575917292997e-16 0.679777236577904
0.755999733015466 -1.8516653063872879e-16 0.6545719239934938
0.7778388162156897 -1.9051556330622218e-16 0.6284638223383859
0.7988484559758531 -1.9566144092292675e-16 0.6015323302907297
0.8189489913119345 -2.0058465217502286e-16 0.5738663168623551
0.8380700265858231 -2.0526795510393307e-16 0.5455626733368384
0.8561516589425721 -2.0969667774174346e-16 0.5167246238470564
0.8731453957301832 -2.1385894281424359e-16 0.4874598628760954
0.8890147300770163 -2.1774580871673325e-16 0.45787859712601775
0.9037353624983198 -2.2135132379196804e-16 0.42809157264542214
0.9172950761717944 -2.2467249578148314e-16 0.3982081657010337
0.9296932916044492 -2.277091827504312e-16 0.36833460812919067
0.9409403413556885 -2.3046391544597244e-16 0.3385724058594268
0.951056516295154 -2.329416636978186e-16 0.3090169943749463

6.123233995736766e-17 -1.499759782661858e-32 1.0
0.017415064196592524 -0.03149552326202822 0.9993521639309536
0.035253026740099516 -0.06375586740397753 0.9973426760533354
0.05345397038471547 -0.09667267078056409 0.9938798054967525
0.0719487064115264 -0.13012080408526192 0.9888841994844052
0.09065954032305977 -0.16395975512558905 0.9822922408568482
0.10950145738230108 -0.19803577289626462 0.9740591683694226
0.12838371246390357 -0.23218474285978194 0.9641617434627463
0.1472117743716215 -0.266235703286874 0.9526002539269567
0.16588954090546362 -0.3000148512537509 0.9393996749229607
0.18432171211718182 -0.33334983472638996 0.924609860497972
0.20241618976097958 -0.3660740920194518 0.9083047094861839
0.22008636422383462 -0.3980309877596261 0.8905803304956998
0.23725315766165223 -0.42907750794190663 0.8715523113146669
0.2538467129045673 -0.45908731435164934 0.8513522679531288
0.2698076490432238 -0.4879530153197322 0.8301238987995405
0.28508784205181553 -0.5155875774963418 0.8080187944879085
0.2996507272908454 -0.541924872933809 0.7851922527188754
0.3134711555386644 -0.5669194187165081 0.7617993222151035
0.3265348617187975 -0.5905454161426439 0.7379912570994303

0.3265348617187975 -0.5905454161426439 0.7379912570994303
0.3439228030116242 -0.565445202145321 0.7496591418367848
0.36128812219286355 -0.5392078766276296 0.7607402700955678
0.37855993432442725 -0.5118708639557307 0.7711553635665768
0.3956641961033939 -0.4834854324663063 0.7808275613185819
0.41252491348164605 -0.4541168577378746 0.789684161722419
0.4290655158292079 -0.4238441668678877 0.7976583888722552
0.44521034996643516 -0.39275943226170107 0.8046911038729274
0.4608862349793145 -0.3609666082412907 0.8107323763988772
0.47602400986528004 -0.3285799319235715 0.8157428334768752
0.49056000205203015 -0.2957219387312144 0.8196947110600166
0.5044373465185101 -0.2625211696300296 0.8225725493434884
0.5176070927874541 -0.22910966881932573 0.8243734937209097
0.5300290498734782 -0.19562038470825596 0.8251071878106576
0.5416723360971354 -0.16218459204924102 0.8247952706028893
0.5525156197504851 -0.1289294486576818 0.8234705138622533
0.5625470559318161 -0.09597578699169966 0.8211756561015249
0.5717639425387931 -0.06343622077972133 0.817962003949867
0.5801721328493668 -0.031413622341406884 0.8138878796224993
0.5877852522924748 -1.439658655611997e-16 0.8090169943749462

0.5877852522924748 -1.439658655611997e-16 0.8090169943749462
0.562228859852364 -1.3770635472129265e-16 0.8269816861026071
0.5356360218971181 -1.311929879448654e-16 0.8444489635532926
0.508046418337939 -1.2443548400716676e-16 0.8613296911252927
0.47951135364707337 -1.1744640887974055e-16 0.8775356754705482
0.450093738150923 -1.1024117114855893e-16 0.8929813138455521
0.4198677452228768 -1.0283793805048246e-16 0.9075852998597197
0.38891812845316914 -9.525746822811052e-17 0.9212723209564501
0.35733920039554484 -8.75228615948557e-17 0.9339746762416381
0.32523349365848414 -7.96592313968747e-17 0.9456337423139557
0.2927101442926357 -7.169330825718722e-17 0.9562012191103839
0.2598830548331235 -6.365299025080414e-17 0.9656400974538101
0.22686890826434875 -5.556685646639782e-17 0.9739253043549811
0.1937851131797894 -4.7463663715607315e-17 0.9810439999866959
0.16074776362532972 -3.9371846838771063e-17 0.9869955199946224
0.12786969430588627 -3.131904236793082e-17 0.9917909766065223
0.09525870343836364 -2.3331653251343793e-17 0.9954525500591387
0.06301600257613166 -1.5434469169984198e-17 0.9980125166646583
0.03123493665846476 -7.650353040071837e-18 0.9995120703282887
6.123233995736766e-17 -1.499759782661858e-32 1.0

0.5877852522924737 -1.439658655611995e-16 -0.809016994374947
0.5987993606739772 0.02793737665640194 -0.8004116619852527
0.609416442814372 0.056363226172030996 -0.7908443500227827
0.6195772509581698 0.0852019745343913 -0.7802977980428741
0.6292237994191084 0.11437013149165419 -0.7687632166455177
0.6383004979728718 0.14377717067844295 -0.7562410987768952
0.6467553076421414 0.1733266744384178 -0.7427418366867709
0.6545408728435694 0.20291772034341388 -0.7282861007514907
0.6616155808544446 0.2324464707220799 -0.7129049455709262
0.6679444999076602 0.26180791213595306 -0.6966396214586984
0.6735001512361832 0.2908976801510591 -0.6795410848267899
0.6782630779641714 0.31961389724286 -0.6616692177816639
0.6822221843622874 0.3478589491601381 -0.6430917840037714
0.6853748317550274 0.37554112794990535 -0.6238831631121973
0.6877266911270117 0.40257607789964056 -0.604122917802689
0.6892913659513082 0.4288879930937035 -0.5838942560130514
0.6900898107466217 0.4544105308500876 -0.5632824536200586
0.6901495803732243 0.4790874224622646 -0.5423733016559037
0.6895039514480186 0.5028727798152374 -0.5212516362165822
0.6881909602364037 0.5257311121174905 -0.5000000000006034

0.6881909602364037 0.5257311121174905 -0.5000000000006034
0.7088082039393989 0.5028727798152375 -0.49468161209923606
0.729095611800421 0.4790874224622649 -0.4887686881254087
0.7489629271957691 0.45441053085008787 -0.4822505605376591
0.7683191831633915 0.42888799309370396 -0.4751217971880407
0.7870742726629795 0.40257607789964106 -0.4673827027340486
0.8051406182138556 0.37554112794990585 -0.4590396999392568
0.8224348806602026 0.3478589491601385 -0.4501055637988077
0.8388796389511528 0.3196138972428604 -0.440599487110929
0.8544049692608701 0.29089768015105943 -0.43054696397148523
0.8689498532684234 0.2618079121359535 -0.41997948717502664
0.8824633522115437 0.23244647072208016 -0.40893406589866543
0.894905495068566 0.20291772034341407 -0.39745258040012366
0.9062478449696012 0.173326674438418 -0.38558099981206584
0.9164737262735807 0.14377717067844306 -0.37336849658470084
0.9255781139644191 0.1143701314916542 -0.3608664960517261
0.9335672053536206 0.08520197453439132 -0.34812770160340845
0.9404577099455416 0.05636322617203101 -0.3352051350135734
0.9462759055188208 0.027937376656401888 -0.32215122787301914
0.9510565162951535 -2.329416636978185e-16 -0.3090169943749477

0.9510565162951535 -2.329416636978185e-16 -0.3090169943749477
0.940940341355688 -2.3046391544597234e-16 -0.3385724058594281
0.9296932916044488 -2.277091827504311e-16 -0.36833460812919194
0.9172950761717938 -2.2467249578148304e-16 -0.398208165701035
0.9037353624983191 -2.213513237919679e-16 -0.4280915726454234
0.8890147300770156 -2.1774580871673312e-16 -0.45787859712601897
0.8731453957301826 -2.1385894281424349e-16 -0.48745986287609666
0.8561516589425712 -2.096966777417433e-16 -0.5167246238470576
0.8380700265858222 -2.0526795510393292e-16 -0.5455626733368397
0.8189489913119338 -2.005846521750227e-16 -0.5738663168623561
0.7988484559758522 -1.9566144092292658e-16 -0.6015323302907308
0.777838816215689 -1.90515563306222e-16 -0.628463822338387
0.7559997330154651 -1.8516653063872861e-16 -0.6545719239934947
0.7334186448615191 -1.7963575917292977e-16 -0.6797772365779049
0.7101890833122385 -1.7394615753354522e-16 -0.7040109842496226
0.6864088651650545 -1.6812168392615027e-16 -0.7272158344142555
0.6621782382254562 -1.6218689198156773e-16 -0.7493463690581487
0.6375980559004486 -1.5616648366021195e-16 -0.7703692096079441
0.6127680490022087 -1.500848859660647e-16 -0.7902628158543377
0.5877852522924737 -1.439658655611995e-16 -0.809016994374947

0.951056516295154 -2.329416636978186e-16 0.3090169943749463
0.9552108651339237 -0.030059466436040228 0.29439536614505596
0.9583366399736114 -0.06074342748062799 0.2791077220393487
0.9603546567289947 -0.09195919111081899 0.2631775835233291
0.9611933048115586 -0.12360218936293894 0.24663724286920352
0.9607907846997948 -0.1555571365145895 0.22952787481117404
0.9590972316771774 -0.1876996536143644 0.21189936343043203
0.9560766066236399 -0.21989832978427085 0.1938098212813624
0.9517082368286419 -0.25201715797663976 0.17532479584444186
0.9459879026636939 -0.2839182517875493 0.15651617908653204
0.9389283894500032 -0.3154647242083881 0.1374608572101477
0.9305594563119303 -0.3465235922178796 0.11823915724015278
0.9209272121486427 -0.37696856534446416 0.09893316262136345
0.910092929016789 -0.40668258283112246 0.079624979594654
0.8981313607583159 -0.43555998224085013 0.06039503864363595
0.885128665543081 -0.4635082101110204 0.04132051056803139
0.8711800520443225 -0.49044901925770024 0.02247390551754574
0.856387278594045 -0.5163191335853362 0.003921907185712389
0.840856132839161 -0.5410703958487201 -0.014275524609645578
0.8246940075437323 -0.5646694434432183 -0.032065769334050045

0.8246940075437323 -0.5646694434432183 -0.032065769334050045
0.8400074131744534 -0.5405242654620659 -0.04712816842035438
0.8547227718242476 -0.5153155961499838 -0.06244052922311004
0.8687481787800381 -0.48907994537380167 -0.07795773790667654
0.8819936238094923 -0.4618665080182886 -0.09362999695819595
0.8943728965333083 -0.43373726823416525 -0.10940340073043467
0.90580554018155 -0.40476672752720333 -0.12522068384787322
0.91621877025351 -0.37504123106353354 -0.1410221260564988
0.9255492681717004 -0.344657888333766 -0.15674658591541754
0.9337447601919108 -0.3137231087745844 -0.17233262556742254
0.9407652992946323 -0.28235079789712597 -0.1877196808273902
0.9465841823807768 -0.2506602824245571 -0.20284922598165783
0.9511884557576444 -0.21877405145372802 -0.21766588167167866
0.9545789867464715 -0.1868154127048633 -0.23211841727444082
0.9567701058216378 -0.15490616722648778 -0.24616060603039508
0.9577888493443056 -0.12316440213821045 -0.25975190108572493
0.957673855201859 -0.09170248975758805 -0.27285791253886754
0.9564739805613883 -0.060625364252939545 -0.2854506782585239
0.9542467213125015 -0.03002912585900392 -0.29750873342556733
0.9510565162951535 -2.329416636978185e-16 -0.3090169943749477

0.9510565162951535 -2.329416636978185e-16 -0.3090169943749477
0.9602445938470692 -2.351920936506727e-16 -0.27916002576923
0.9686393230316489 -2.372482092957936e-16 -0.24847104836738831
0.9761681926209488 -2.3909225050454044e-16 -0.21701534442326936
0.9827631797104154 -2.407075564704471e-16 -0.1848689606328597
0.9883623116130029 -2.420789482629486e-16 -0.1521181809745347
0.9929111821890371 -2.4319310022108384e-16 -0.11885867357483346
0.9963643552405201 -2.4403888368596394e-16 -0.08519431674790728
0.9986865875728447 -2.446076665644955e-16 -0.05123572778937641
0.999853809336668 -2.4489355344388772e-16 -0.017098536631947308
0.999853809336668 -2.448935534438877e-16 0.01709853663194576
0.9986865875728447 -2.4460766656449544e-16 0.05123572778937495
0.9963643552405202 -2.440388836859639e-16 0.08519431674790579
0.9929111821890373 -2.4319310022108384e-16 0.11885867357483193
0.9883623116130031 -2.420789482629487e-16 0.15211818097453322
0.9827631797104156 -2.4070755647044715e-16 0.1848689606328583
0.9761681926209491 -2.3909225050454054e-16 0.21701534442326795
0.9686393230316492 -2.372482092957937e-16 0.2484710483673868
0.9602445938470696 -2.3519209365067285e-16 0.27916002576922855
0.951056516295154 -2.329416636978186e-16 0.3090169943749463

0.6881909602356179 0.5257311121190712 0.5000000000000228
0.7037080452008629 0.5261408920864958 0.4774628245151727
0.7189012665795161 0.5261541208018278 0.45424972215029835
0.7337181208601918 0.5257550234456115 0.4303944405346025
0.7481067848755113 0.5249301760275585 0.40593663140803365
0.7620168314359411 0.5236688156178544 0.38092167194545645
0.7753999571276963 0.5219631135708009 0.35540035812846604
0.7882107009591792 0.5198084008668128 0.3294284706605157
0.8004071314600766 0.5172033359240862 0.3030662191944997
0.8119514799006934 0.5141500070752476 0.27637757599269264
0.8228106985840505 0.5106539642848813 0.24942951520572287
0.832956925648709 0.5067241774671816 0.22229117837660398
0.8423678413821567 0.5023729217735713 0.19503299021922135
0.8510269054634726 0.4976155932568474 0.16772575092960962
0.8589234695348313 0.49247046117422405 0.1404397321027593
0.8660527647026179 0.48695836567446077 0.11324380270288516
0.8724157686370579 0.4811023715661318 0.08620460954528497
0.8780189615442957 0.4749273901758119 0.05938583357559996
0.8828739841513358 0.46845978192458304 0.03284753914555837
0.886997213774254 0.4617269521854738 0.006645628805735385

0.886997213774254 0.4617269521854738 0.006645628805735385
0.8729995301285615 0.48765501856402976 0.008025164461036247
0.8579959110317611 0.5135701320189331 0.009419986774616067
0.8419858488487321 0.5393909694285123 0.010826469297499648
0.8249773058829162 0.5650332817825079 0.012240721230966386
0.806987164978054 0.5904110071683508 0.01365863006075914
0.7880414936303349 0.6154375038776353 0.015075912500950112
0.7681755967889161 0.6400268687039887 0.01648817257793373
0.7474338418163453 0.6640952984854053 0.01789096524055935
0.725869249182511 0.6875624480398044 0.019279863503906168
0.7035428537074302 0.71035273543338 0.02065052685816756
0.6805228527067221 0.732396546364793 0.021998768529823295
0.6568835683009164 0.7536312934167224 0.023320619187605984
0.6327042605202743 0.7740022927819823 0.024612384844368156
0.6080678348974984 0.7934634302848959 0.025870697006359973
0.5830594924453221 0.8119775993290581 0.027092553538248312
0.5577653710071175 0.8295169049105536 0.028275349209305363
0.5322712249988858 0.8460626391124721 0.029416895421238917
0.5066611858699808 0.8616050436927294 0.03051542914780468
0.481016638765014 0.876142883812083 0.03156961160126659

0.481016638765014 0.876142883812083 0.03156961160126659
0.4967129809003247 0.8660561188666803 0.05677159129966462
0.5121998445150197 0.8549057567897088 0.08238608066053951
0.5274099807896891 0.8426746354990489 0.1083428394032796
0.5422752544604675 0.829355120124565 0.1345646057587345
0.5567278032205916 0.8149499828957314 0.16096794245880514
0.570701281347106 0.7994730608873822 0.18746432296341514
0.5841321432183686 0.7829496431121157 0.21396143486555233
0.5969609159221534 0.765416549115507 0.24036466296336523
0.609133406863585 0.7469218758369846 0.26657870139777173
0.6206017927937014 0.727524407059458 0.2925092338953212
0.6313255412349997 0.7072926988527728 0.31806461471514813
0.6412721236668741 0.6863038733017588 0.34315748119308265
0.6504174913837308 0.6646421697165886 0.367706232115421
0.6587462986049073 0.6423973158503332 0.39163631427974294
0.6662518719121798 0.619662790199761 0.4148812717095861
0.6729359390704933 0.5965340496073005 0.43738352685764037
0.6788081425254973 0.5731067941084551 0.45909487928729165
0.6838853724180243 0.5494753338631613 0.479976723257105
0.6881909602356179 0.5257311121190712 0.5000000000000228

0.7674400771555199 -0.4821575551096291 0.422563391725117
0.7566506250001233 -0.5033585555464843 0.41726489936859035
0.7452885131078296 -0.5244835991432324 0.41165760828543146
0.7333588591072513 -0.5454880464532087 0.40574323770775617
0.7208701133893025 -0.5663266116313935 0.3995252790252436
0.707834123095766 -0.586953787595699 0.39300903985571506
0.6942661447375502 -0.6073242933151778 0.3862016610793886
0.680184802393149 -0.6273935339516571 0.3791121049888063
0.6656119900056384 -0.6471180636888949 0.3717511135266028
0.6505727180170734 -0.6664560405664498 0.3641311364939396
0.6350949063698126 -0.6853676625419789 0.35626623057043055
0.6192091276732969 -0.7038155743584387 0.34817193094299803
0.6029483059878058 -0.7217652355862778 0.33986509824564237
0.5863473781242166 -0.7391852414110216 0.3313637443157997
0.5694429255232943 -0.7560475892827424 0.3226868409328548
0.5522727856001406 -0.7723278863527627 0.31385411618670106
0.5348756518823765 -0.7880054945959325 0.30488584340704095
0.5172906723226144 -0.8030636125477707 0.29580262765861576
0.4995570548399822 -0.8174892945691542 0.28662519467839787
0.4817136884778531 -0.8312734103902042 0.2773741868150339

0.4817136884778531 -0.8312734103902042 0.2773741868150339
0.5033477533879293 -0.8230998585318113 0.26295943041510494
0.5248960830311957 -0.8141907159082098 0.24814830272920468
0.5462996179563336 -0.8045400788246757 0.2329634928171119
0.5674980782607357 -0.7941470896122088 0.21743121034209928
0.5884306735422855 -0.7830162347822635 0.2015810469810575
0.6090368634054077 -0.7711575511577381 0.1854457610885272
0.629257149052897 -0.7585867274673979 0.16906098685422355
0.6490338739119543 -0.7453250923009963 0.1524648723521343
0.6683120096630683 -0.7313994834768105 0.13569765403265394
0.6870399036423767 -0.7168419985428509 0.11880117814300163
0.7051699644634067 -0.7016896310282528 0.10181838206390907
0.7226592648420117 -0.685983801858023 0.08479275043549253
0.7394700438924894 -0.6697697997145168 0.06776776207029327
0.7555700953798801 -0.6530961477740952 0.050786343934920763
0.7709330332733909 -0.6360139169282165 0.033890347910819865
0.7855384311118497 -0.618576007158225 0.0171200646763207
0.7993718368143942 -0.600836419111637 0.000513787005444719
0.8124246693202347 -0.5828495371614323 -0.015892567779042525
0.8246940075437323 -0.5646694434432183 -0.032065769334050045

0.8246940075437323 -0.5646694434432183 -0.032065769334050045
0.8261576059681556 -0.5633796772566522 -0.008182258560828161
0.8271545716720733 -0.5617479828830156 0.015953629331658125
0.8276691295477472 -0.5597673550446793 0.0403028562258111
0.8276876637324584 -0.557432475977606 0.06482411611877689
0.8271989419451888 -0.554739839371444 0.08947413625682328
0.8261943126215471 -0.5516878516770252 0.11420802118852307
0.8246678690017366 -0.5482769073300388 0.13897963420855122
0.822616575043134 -0.5445094350638288 0.16374200924250917
0.8200403489930911 -0.5403899132574957 0.18844778500381953
0.8169421016328979 -0.5359248531562816 0.21304965230913153
0.8133277275390695 -0.5311227497689287 0.23750080482816346
0.8092060491397265 -0.5259940012441553 0.26175538330822923
0.8045887148005183 -0.5205507985052802 0.28576890347125816
0.7994900535824018 -0.5148069878285765 0.30949865832613244
0.7939268906018405 -0.5087779098417816 0.3329040865419364
0.7879183280300306 -0.5024802190566185 0.3559470997369885
0.7814854976418643 -0.4959316885058728 0.378592362985787
0.7746512914336965 -0.48915100431620046 0.40080752445102474
0.7674400771555199 -0.4821575551096291 0.422563391725117

0.5877852522924748 -1.439658655611997e-16 0.8090169943749462
0.5801721328493669 -0.03141362234140685 0.8138878796224994
0.571763942538793 -0.06343622077972126 0.817962003949867
0.5625470559318161 -0.09597578699169962 0.8211756561015249
0.5525156197504851 -0.1289294486576818 0.8234705138622533
0.5416723360971355 -0.162184592049241 0.8247952706028893
0.5300290498734782 -0.1956203847082559 0.8251071878106577
0.517607092787454 -0.2291096688193257 0.8243734937209097
0.5044373465185101 -0.2625211696300296 0.8225725493434884
0.49056000205203015 -0.2957219387312143 0.8196947110600166
0.4760240098652801 -0.3285799319235715 0.8157428334768752
0.4608862349793145 -0.3609666082412907 0.8107323763988772
0.4452103499664352 -0.39275943226170107 0.8046911038729274
0.4290655158292079 -0.4238441668678876 0.7976583888722553
0.412524913481646 -0.45411685773787447 0.789684161722419
0.3956641961033939 -0.4834854324663063 0.7808275613185819
0.3785599343244272 -0.5118708639557306 0.7711553635665768
0.36128812219286355 -0.5392078766276296 0.7607402700955678
0.34392280301162415 -0.5654452021453209 0.7496591418367848
0.3265348617187975 -0.5905454161426439 0.7379912570994303

0.3265348617187975 -0.5905454161426439 0.7379912570994303
0.35243621569600925 -0.5893487736714416 0.7269502987397722
0.3784324970492744 -0.5876560763413493 0.7151567528284559
0.4044550619198651 -0.585451033742808 0.7026116921720529
0.4304322409787563 -0.5827206004808109 0.6893219768013269
0.45629015597099387 -0.5794553573649948 0.6753005126497184
0.4819536347555817 -0.5756498362884439 0.6605663932769901
0.5073472022800815 -0.5713027740535128 0.6451449113938162
0.5323961199379673 -0.5664172824464024 0.6290674316963403
0.5570274419811468 -0.5610009248113415 0.6123711221479665
0.5811710554702783 -0.5550656930833548 0.5950985470033158
0.604760669895903 -0.5486278834782176 0.5772971311354924
0.627734724196085 -0.5417078735200364 0.5590185111468718
0.6500371823622058 -0.5343298074884272 0.5403177938731841
0.671618193926153 -0.5265212013666857 0.5212527468500808
0.6924346019770083 -0.5183124816835046 0.5018829478235226
0.7124502884787941 -0.5097364750433041 0.4822689213052298
0.7316363540199767 -0.5008278665009521 0.4624712895007212
0.7499711361968462 -0.49162264521923876 0.44254996280561393
0.7674400771555199 -0.4821575551096291 0.422563391725117

0.7674400771555199 -0.4821575551096291 0.422563391725117
0.7659331261729695 -0.46157085049266455 0.4475475351360796
0.7635670389302628 -0.440071064567331 0.4725492939258787
0.7603010000926964 -0.4176892267922665 0.4974717068132861
0.7561012089784473 -0.3944673131309356 0.5222130797410103
0.750942129807779 -0.3704583455585608 0.5466685759084483
0.744807599014542 -0.34572616531262756 0.5707320378850471
0.7376917246862631 -0.32034485710328686 0.5942979823765863
0.7295995192016709 -0.2943978204861491 0.6172636915238865
0.7205472176158869 -0.26797650598250305 0.6395313123119252
0.7105622507229072 -0.2411788553842528 0.6610098694899631
0.6996828617339632 -0.21410750580810844 0.6816170984888821
0.6879573773164993 -0.18686783331025078 0.7012810134815688
0.6754431651833914 -0.1595659224519821 0.7199411413435752
0.6622053293328511 -0.1323065519852004 0.7375493733337162
0.6483152085530844 -0.10519128350158292 0.7540704106607422
0.6338487526391534 -0.07831673002355012 0.769481805227523
0.6188848533819626 -0.051773066419686195 0.7837736202806838
0.6035037040102211 -0.025642825027370416 0.7969477553582537
0.5877852522924748 -1.439658655611997e-16 0.8090169943749462

0.951056516295154 -2.329416636978186e-16 0.3090169943749463
0.9550643412706836 0.024490647125846202 0.2953850237174396
0.9583489172177937 0.049325229010114394 0.28130832666414657
0.9608699885194083 0.07444828636598146 0.26680764198178597
0.9625915191602901 0.09979982601913684 0.25190784419552126
0.9634824632778644 0.12531588814033853 0.2366378480624282
0.9635174726437625 0.1509292366281242 0.22103041745657567
0.9626775130632084 0.17657015906956036 0.20512187783994823
0.9609503636511247 0.2021673568321641 0.18895173571647225
0.9583309766148704 0.22764890064381535 0.17256221282786946
0.9548216804037494 0.2529432229375726 0.1559977070373588
0.9504322155796319 0.2779801156442257 0.13930419553916856
0.9451796000921908 0.3026917012621036 0.12252859893355413
0.9390878282841381 0.32701334602760274 0.10571812658391463
0.9321874153455127 0.35088448679294837 0.0889196243778706
0.9245148055427714 0.37424934757176387 0.0721789455057403
0.9161116679096492 0.3970575272852354 0.05554036321392928
0.9070241068707521 0.4192644465859741 0.03904604185153128
0.8973018172993105 0.44083164826523574 0.022735579146137636
0.886997213774254 0.4617269521854738 0.006645628805735385

0.886997213774254 0.4617269521854738 0.006645628805735385
0.8828739841513358 0.46845978192458304 0.032847539145558345
0.8780189615442957 0.4749273901758119 0.05938583357559991
0.8724157686370579 0.4811023715661318 0.08620460954528496
0.8660527647026179 0.48695836567446077 0.11324380270288516
0.8589234695348313 0.492470461174224 0.14043973210275928
0.8510269054634726 0.4976155932568474 0.16772575092960956
0.8423678413821567 0.5023729217735713 0.19503299021922132
0.832956925648709 0.5067241774671816 0.22229117837660398
0.8228106985840506 0.5106539642848813 0.24942951520572285
0.8119514799006935 0.5141500070752476 0.27637757599269264
0.8004071314600766 0.5172033359240862 0.3030662191944997
0.7882107009591792 0.5198084008668128 0.3294284706605157
0.7753999571276963 0.5219631135708009 0.35540035812846593
0.7620168314359412 0.5236688156178543 0.38092167194545645
0.7481067848755113 0.5249301760275585 0.40593663140803365
0.7337181208601917 0.5257550234456115 0.43039444053460246
0.7189012665795161 0.5261541208018278 0.4542497221502983
0.703708045200863 0.5261408920864957 0.4774628245151727
0.6881909602356179 0.5257311121190712 0.5000000000000228

0.6881909602356179 0.5257311121190712 0.5000000000000228
0.7088082039386808 0.5028727798167733 0.49468161209870387
0.7290956117997711 0.47908742246374886 0.48876868812492386
0.7489629271951872 0.45441053085151323 0.48225056053721965
0.768319183162877 0.42888799309506415 0.4751217971876449
0.7870742726625307 0.4025760779009296 0.46738270273369437
0.8051406182134702 0.3755411279511171 0.4590396999389419
0.8224348806598776 0.3478589491612668 0.4501055637985296
0.8388796389508845 0.31961389724390105 0.4405994871106853
0.8544049692606539 0.29089768015200845 0.4305469639712733
0.8689498532682542 0.2618079121368076 0.41997948717484396
0.8824633522114165 0.232446470722837 0.4089340658985098
0.8949054950684748 0.2029177203440722 0.3974525803999927
0.9062478449695404 0.17332667443897704 0.3855809998119576
0.9164737262735441 0.1437771706789033 0.3733684965846136
0.9255781139644008 0.11437013149201691 0.360866496051658
0.9335672053536148 0.08520197453465857 0.3481277016033583
0.940457709945543 0.0563632261722056 0.33520513501354027
0.9462759055188241 0.027937376656487208 0.32215122787300216
0.951056516295154 -2.329416636978186e-16 0.3090169943749463

0.9510565162951535 -2.329416636978185e-16 -0.3090169943749477
0.9552630510157921 0.02449574262573834 -0.2947413475527547
0.9587309656561389 0.04934489264866585 -0.28000003046703226
0.9614176622862568 0.07449072017483871 -0.2648154286514723
0.9632849129015616 0.09987171588453068 -0.24921439954888314
0.9642996934423218 0.12542218164102736 -0.23322816635099938
0.9644349522207312 0.1510729543043526 -0.21689210546433213
0.9636702816750723 0.17675224840824075 -0.2002454266616804
0.9619924644175752 0.20238659683193438 -0.18333074981188585
0.9593958685265686 0.22790186280294217 -0.16619358707573523
0.9558826728055264 0.25322429200326907 -0.14888174424557823
0.9514629099607149 0.2782815706439099 -0.13144465911191322
0.946154323846317 0.3030038544141271 -0.11393269801554452
0.9399820454912913 0.3273247343260976 -0.09639643381556101
0.9329781009093749 0.3511821085948771 -0.07888592920408684
0.9251807710817529 0.37451893456699087 -0.06145004858728143
0.9166338304644306 0.3972838409324741 -0.04413581971648455
0.9073856945319327 0.41943158751366144 -0.02698786309754688
0.8974885090306384 0.44092336726329423 -0.010047903222070553
0.886997213774254 0.4617269521854738 0.006645628805735385

0.886997213774254 0.4617269521854738 0.006645628805735385
0.8973018172993105 0.44083164826523574 0.022735579146137618
0.907024106870752 0.4192644465859741 0.03904604185153124
0.9161116679096492 0.3970575272852354 0.05554036321392926
0.9245148055427714 0.37424934757176387 0.0721789455057403
0.9321874153455129 0.35088448679294837 0.08891962437787057
0.9390878282841381 0.3270133460276028 0.10571812658391459
0.9451796000921908 0.3026917012621036 0.1225285989335541
0.9504322155796319 0.2779801156442257 0.13930419553916856
0.9548216804037494 0.25294322293757265 0.15599770703735877
0.9583309766148704 0.22764890064381538 0.17256221282786943
0.9609503636511247 0.2021673568321641 0.18895173571647225
0.9626775130632084 0.17657015906956036 0.20512187783994823
0.9635174726437625 0.15092923662812427 0.22103041745657562
0.9634824632778645 0.1253158881403386 0.23663784806242819
0.9625915191602901 0.09979982601913684 0.25190784419552126
0.9608699885194083 0.07444828636598147 0.26680764198178597
0.9583489172177937 0.04932522901011444 0.28130832666414657
0.9550643412706836 0.02449064712584623 0.2953850237174396
0.951056516295154 -2.329416636978186e-16 0.3090169943749463

0.951056516295154 -2.329416636978186e-16 0.3090169943749463
0.9602445938470696 -2.3519209365067285e-16 0.2791600257692286
0.9686393230316492 -2.372482092957937e-16 0.24847104836738684
0.9761681926209491 -2.3909225050454054e-16 0.21701534442326795
0.9827631797104156 -2.4070755647044715e-16 0.1848689606328583
0.9883623116130031 -2.420789482629487e-16 0.1521181809745333
0.9929111821890372 -2.431931002210838e-16 0.11885867357483197
0.9963643552405202 -2.440388836859639e-16 0.0851943167479058
0.9986865875728447 -2.4460766656449544e-16 0.05123572778937495
0.999853809336668 -2.4489355344388772e-16 0.01709853663194582
0.999853809336668 -2.4489355344388777e-16 -0.01709853663194722
0.9986865875728447 -2.446076665644955e-16 -0.05123572778937641
0.9963643552405201 -2.4403888368596394e-16 -0.08519431674790726
0.9929111821890371 -2.4319310022108384e-16 -0.11885867357483336
0.9883623116130029 -2.420789482629486e-16 -0.1521181809745347
0.9827631797104154 -2.407075564704471e-16 -0.1848689606328597
0.9761681926209488 -2.3909225050454044e-16 -0.21701534442326936
0.9686393230316489 -2.372482092957936e-16 -0.24847104836738823
0.9602445938470692 -2.3519209365067275e-16 -0.27916002576922994
0.9510565162951535 -2.329416636978185e-16 -0.3090169943749477

0.6881909602364037 0.5257311121174905 -0.5000000000006034
0.7039447315120981 0.5263178551698805 -0.47691857827698075
0.719364178025442 0.5264929194307304 -0.453122925002793
0.7343931102475403 0.5262386956485047 -0.42864856797043505
0.748976001746062 0.5255400865012998 -0.4035375649040485
0.7630587905785643 0.5243848647737298 -0.37783831954556435
0.7765896972175009 0.5227639911498471 -0.35160524986511943
0.7895200340502244 0.5206718785363579 -0.3248983082977699
0.8018049800676234 0.518106591196957 -0.29778236028520455
0.8134042943287493 0.5150699691247433 -0.27032643391534134
0.8242829432735587 0.511567670909686 -0.2426028596457976
0.8344116199321321 0.507609131707654 -0.2146863245044658
0.8437671373927476 0.503207436566365 -0.1866528693600939
0.8523326842649167 0.49837911305652044 -0.15857886051664616
0.8600979359306179 0.49314385062929006 -0.1305399678045284
0.867059021681784 0.48752415712922637 -0.10261018046794941
0.8732183539459758 0.48154496523431434 -0.07486088958437198
0.8785843312902787 0.4752332031360283 -0.0473600617428275
0.8831709314256869 0.46861734445082043 -0.020171523604966938
0.886997213774254 0.4617269521854738 0.006645628805735385

0.886997213774254 0.4617269521854738 0.006645628805735385
0.8974885090306383 0.44092336726329423 -0.010047903222070532
0.9073856945319326 0.4194315875136615 -0.026987863097546843
0.9166338304644306 0.3972838409324741 -0.04413581971648454
0.9251807710817529 0.37451893456699087 -0.06145004858728143
0.9329781009093749 0.3511821085948771 -0.07888592920408681
0.9399820454912913 0.32732473432609765 -0.09639643381556098
0.9461543238463169 0.3030038544141271 -0.11393269801554452
0.9514629099607149 0.2782815706439099 -0.13144465911191322
0.9558826728055264 0.2532242920032691 -0.1488817442455782
0.9593958685265686 0.2279018628029422 -0.16619358707573517
0.9619924644175752 0.20238659683193438 -0.18333074981188585
0.9636702816750723 0.17675224840824075 -0.20024542666168038
0.9644349522207312 0.15107295430435266 -0.21689210546433207
0.9642996934423218 0.1254221816410274 -0.23322816635099936
0.9632849129015616 0.09987171588453068 -0.24921439954888314
0.9614176622862568 0.07449072017483872 -0.26481542865147223
0.958730965656139 0.04934489264866591 -0.28000003046703226
0.9552630510157921 0.02449574262573837 -0.29474134755275466
0.9510565162951535 -2.329416636978185e-16 -0.3090169943749477

0.9510565162951535 -2.329416636978185e-16 -0.3090169943749477
0.9462759055188208 0.027937376656401856 -0.32215122787301914
0.9404577099455416 0.056363226172030954 -0.3352051350135734
0.9335672053536206 0.0852019745343913 -0.34812770160340845
0.9255781139644191 0.1143701314916542 -0.3608664960517261
0.9164737262735807 0.14377717067844303 -0.37336849658470084
0.9062478449696012 0.17332667443841793 -0.3855809998120658
0.894905495068566 0.20291772034341404 -0.39745258040012366
0.8824633522115437 0.23244647072208016 -0.40893406589866543
0.8689498532684234 0.26180791213595345 -0.41997948717502664
0.8544049692608702 0.2908976801510594 -0.4305469639714853
0.8388796389511528 0.3196138972428604 -0.440599487110929
0.8224348806602026 0.3478589491601385 -0.4501055637988078
0.8051406182138556 0.3755411279499058 -0.45903969993925675
0.7870742726629796 0.402576077899641 -0.4673827027340486
0.7683191831633915 0.42888799309370396 -0.4751217971880407
0.7489629271957692 0.45441053085008787 -0.4822505605376591
0.7290956118004212 0.4790874224622649 -0.48876868812540875
0.708808203939399 0.5028727798152375 -0.49468161209923606
0.6881909602364037 0.5257311121174905 -0.5000000000006034

0.3265348617187975 -0.5905454161426439 0.7379912570994303
0.337184414299791 -0.6076889258640317 0.7190416122419664
0.34772071691946965 -0.624599331823918 0.6992610225875066
0.358110910018863 -0.641221804586181 0.6786686772267475
0.3683219107352968 -0.6575014666606473 0.6572904924091004
0.378320843412193 -0.6733841256150076 0.6351591602186012
0.38807549100171307 -0.6888170357542689 0.6123140571132444
0.39755475472600965 -0.7037496665753412 0.5888010052554583
0.4067291081270159 -0.7181344543879532 0.5646718852777416
0.4155710310832009 -0.7319275128634967 0.5399841053567235
0.4240554095938279 -0.7450892789623704 0.5147999378103555
0.4321598881550403 -0.7575850727239369 0.48918574044598856
0.43986516333736053 -0.769385552691556 0.4632110851347431
0.44715520961323607 -0.7804670530864966 0.4369478201824819
0.45401743141035283 -0.7908117939429457 0.41046909571402024
0.46044273857427614 -0.800407960911534 0.3838483823121585
0.46642554568560746 -0.8092496569438741 0.3571585125236487
0.47196369876903377 -0.8173367332119345 0.3304707726663521
0.47705833565721595 -0.8246745110701588 0.3038540688737962
0.4817136884778531 -0.8312734103902042 0.2773741868150339

0.4817136884778531 -0.8312734103902042 0.2773741868150339
0.4995570548399822 -0.8174892945691543 0.286625194678398
0.5172906723226144 -0.8030636125477707 0.29580262765861576
0.5348756518823764 -0.7880054945959326 0.30488584340704095
0.5522727856001406 -0.7723278863527627 0.31385411618670106
0.5694429255232943 -0.7560475892827424 0.32268684093285477
0.5863473781242164 -0.7391852414110217 0.3313637443157996
0.6029483059878058 -0.7217652355862779 0.33986509824564237
0.6192091276732969 -0.7038155743584387 0.34817193094299803
0.6350949063698126 -0.6853676625419789 0.35626623057043055
0.6505727180170734 -0.6664560405664498 0.3641311364939396
0.6656119900056384 -0.6471180636888949 0.3717511135266028
0.680184802393149 -0.6273935339516571 0.3791121049888063
0.6942661447375501 -0.6073242933151779 0.38620166107938847
0.707834123095766 -0.5869537875956992 0.39300903985571506
0.7208701133893025 -0.5663266116313935 0.3995252790252436
0.7333588591072513 -0.5454880464532088 0.4057432377077561
0.7452885131078296 -0.5244835991432324 0.41165760828543146
0.7566506250001231 -0.5033585555464843 0.41726489936859035
0.7674400771555199 -0.4821575551096291 0.422563391725117

0.7674400771555199 -0.4821575551096291 0.422563391725117
0.7499711361968462 -0.49162264521923876 0.4425499628056139
0.7316363540199767 -0.500827866500952 0.46247128950072114
0.7124502884787942 -0.5097364750433041 0.48226892130522975
0.6924346019770083 -0.5183124816835046 0.5018829478235226
0.6716181939261531 -0.5265212013666857 0.5212527468500808
0.6500371823622058 -0.5343298074884272 0.5403177938731841
0.627734724196085 -0.5417078735200364 0.5590185111468718
0.604760669895903 -0.5486278834782176 0.5772971311354924
0.5811710554702783 -0.5550656930833548 0.5950985470033158
0.557027441981147 -0.5610009248113415 0.6123711221479665
0.5323961199379673 -0.5664172824464024 0.6290674316963403
0.5073472022800815 -0.5713027740535128 0.6451449113938162
0.4819536347555817 -0.5756498362884439 0.6605663932769901
0.45629015597099387 -0.5794553573649948 0.6753005126497185
0.4304322409787563 -0.5827206004808109 0.6893219768013269
0.4044550619198651 -0.585451033742808 0.7026116921720529
0.37843249704927445 -0.5876560763413494 0.7151567528284558
0.3524362156960093 -0.5893487736714415 0.7269502987397722
0.3265348617187975 -0.5905454161426439 0.7379912570994303

0.2199305960712486 -0.9589248403660748 -0.1791471000062326
0.2354361750852786 -0.9592448380256718 -0.15626627333598483
0.2509766991617286 -0.9588208518544655 -0.13294085349116852
0.2665120720932394 -0.9576238175838607 -0.10921510621100286
0.28200065745608777 -0.9556291930830673 -0.08513797344158443
0.2973997445844315 -0.9528175517696625 -0.06076269382426579
0.3126660643858374 -0.9491751031340703 -0.03614631062637308
0.32775634244666774 -0.9446941190110532 -0.011349074495875008
0.3426278744292742 -0.93937324670028 0.013566246638350505
0.35723910696914984 -0.9332176937523522 0.03853513357217307
0.3715502063129676 -0.9262392740271866 0.06349213682324263
0.3855235969123063 -0.9184563102225709 0.08837172871534239
0.3991244531420307 -0.9098933941010227 0.11310916088184915
0.41232112920289415 -0.9005810117002477 0.13764130113381154
0.4250855149702503 -0.8905550464738495 0.1619074246674209
0.4373933088713309 -0.8798561781853437 0.18584993694825233
0.44922420257067125 -0.868529199153898 0.20941500911308367
0.4605619760527368 -0.856622271911527 0.232553111094073
0.4713945053533517 -0.8441861533851261 0.2552194325585205
0.4817136884778531 -0.8312734103902042 0.2773741868150339

0.4817136884778531 -0.8312734103902042 0.2773741868150339
0.456021733706596 -0.8433879277697929 0.2841495762435785
0.4295228632244734 -0.8549587175475774 0.29078463036558894
0.4022606102288495 -0.8659256400234 0.29725273322272167
0.37428675547593293 -0.8762308526934719 0.30352745751145854
0.3456610872345864 -0.8858198417465639 0.30958297876320023
0.3164509546609453 -0.8946424430555857 0.3153945027702754
0.2867306139181506 -0.9026538156509298 0.32093869217178805
0.25658037620192997 -0.9098153299758771 0.3261940770292467
0.22608557693440884 -0.9160953348774966 0.3311414340095825
0.19533539497286057 -0.9214697713429175 0.33576411954231755
0.16442155894975732 -0.9259226072814061 0.34004834403027817
0.13343698409675608 -0.9294460757767086 0.3439833767763186
0.10247438655771954 -0.9320407085942295 0.34756167455976167
0.07162492295270693 -0.9337151665938205 0.35077893050280656
0.040976900781928886 -0.934485878292722 0.3536340437143853
0.010614600400525831 -0.9343765064081905 0.35612901388508345
-0.019382757761704106 -0.9334172691742764 0.35826876825755777
-0.04894187565551511 -0.9316441481479318 0.36006093099506703
-0.07799605404308768 -0.9290980168922862 0.3615155467756938

-0.07799605404308768 -0.9290980168922862 0.3615155467756938
-0.06291773087125023 -0.9396589544031777 0.336277279268076
-0.047497532498085714 -0.9494725737903276 0.31023509799273885
-0.03177233933515306 -0.9584637503830209 0.2834391604116943
-0.015783885936305447 -0.966561295085395 0.2559494711609962
0.0004216096701593967 -0.9736995301419296 0.22783557063520976
0.016793970387158807 -0.9798198354080035 0.199175934037393
0.033279730683395355 -0.9848720980048172 0.1700570789388973
0.04982293706048853 -0.9888159973228593 0.14057239551585451
0.06636605339928713 -0.9916220614166719 0.11082073031681987
0.0828509388379642 -0.9932724400174998 0.08090477016437463
0.09921986038288257 -0.9937613532066645 0.050929286058812105
0.11541649955662199 -0.9930951921957831 0.020999306362756993
0.13138691239599407 -0.9912922681404495 -0.008781706896197726
0.14708040505546127 -0.9883822246882453 -0.038313605534279475
0.16245029284837723 -0.9844051482135601 -0.0675011594279339
0.1774545181858222 -0.9794104248173445 -0.09625546080377137
0.19205611177025356 -0.9734554039847811 -0.12449508578461346
0.2062234907058762 -0.9666039346606338 -0.15214698610115326
0.2199305960712486 -0.9589248403660748 -0.1791471000062326

0.5877852522924748 -1.439658655611997e-16 0.8090169943749462
0.5661906830485024 0.015885681413626417 0.8241212019812953
0.5436596504226758 0.03203981590340317 0.8386940054031446
0.5202214410511081 0.04842057052451296 0.8526576690681841
0.49591522294121204 0.06498189825288024 0.8659361665588406
0.4707901082543308 0.08167401659843022 0.8784566175870924
0.44490495394764223 0.09844402267794748 0.890150749228371
0.41832788469096943 0.1152366323371278 0.9009563249445429
0.39113553604760176 0.13199502309181302 0.9108184815426985
0.3634120309465763 0.148661753536412 0.9196909148179967
0.3352477177605398 0.16517972615156895 0.9275368595397394
0.3067377124775786 0.18149315675124295 0.934329818531171
0.2779802991824211 0.19754851257793346 0.940054008259471
0.24907525121366356 0.21329538246888635 0.9447045035619879
0.22012213917486917 0.2286872464756049 0.9482870805533974
0.19121869115381274 0.2436821184483013 0.9508177729207478
0.16245926525360163 0.2582430427974031 0.9523221713159883
0.13393348552772497 0.27233843517892803 0.9528345072354839
0.10572508065130382 0.285942265445278 0.9523965708428908
0.07791095135971203 0.2990340891449526 0.9510565162951533

0.07791095135971203 0.2990340891449526 0.9510565162951533
0.07399116352837301 0.28398934686765503 0.9559682832528494
0.07003337443010252 0.2687987499441892 0.960646947892083
0.06604040229391742 0.2534731151664482 0.9650855118344042
0.06201518642470757 0.23802372403395328 0.9692774749522023
0.05796077718245363 0.22246228429256637 0.9732168722210581
0.05388032501871232 0.20680088785485198 0.9768983075828941
0.04977706865610614 0.19105196543115965 0.9803169844192726
0.04565432250998304 0.17522823825203945 0.9834687322712607
0.04151546346342533 0.15934266730871335 0.9863500294866735
0.037363917117082805 0.14340840057784202 0.9889580215263806
0.03320314364362405 0.12743871872875598 0.9912905347177253
0.02903662338272861 0.11144697983484313 0.9933460853037182
0.024867842316328808 0.09544656362531634 0.99512388370024
0.020700277565162052 0.07945081581877371 0.9966238339385912
0.01653738304658873 0.06347299307572088 0.9978465283358858
0.012382575430109571 0.047526209093709054 0.9987932374995832
0.008239220521188596 0.031623382346375226 0.9994658958334588
0.004110620196020786 0.015777185937091962 0.9998670827692601
6.123233995736766e-17 -1.499759782661858e-32 1.0

6.123233995736766e-17 -1.499759782661858e-32 1.0
0.031234936658464725 -7.650353040071826e-18 0.9995120703282887
0.06301600257613159 -1.5434469169984176e-17 0.9980125166646583
0.09525870343836362 -2.3331653251343787e-17 0.9954525500591387
0.12786969430588627 -3.131904236793082e-17 0.9917909766065223
0.16074776362532966 -3.937184683877105e-17 0.9869955199946224
0.19378511317978933 -4.74636637156073e-17 0.9810439999866959
0.2268689082643487 -5.556685646639782e-17 0.9739253043549811
0.2598830548331235 -6.365299025080414e-17 0.9656400974538101
0.29271014429263564 -7.169330825718721e-17 0.9562012191103839
0.3252334936584841 -7.965923139687467e-17 0.9456337423139557
0.35733920039554484 -8.75228615948557e-17 0.9339746762416381
0.38891812845316914 -9.525746822811052e-17 0.9212723209564501
0.41986774522287673 -1.0283793805048244e-16 0.9075852998597197
0.45009373815092296 -1.1024117114855893e-16 0.8929813138455521
0.47951135364707337 -1.1744640887974055e-16 0.8775356754705482
0.508046418337939 -1.2443548400716676e-16 0.8613296911252927
0.5356360218971181 -1.311929879448654e-16 0.8444489635532926
0.5622288598523639 -1.3770635472129265e-16 0.826981686102607
0.5877852522924748 -1.439658655611997e-16 0.8090169943749462

