0.3186434394741034 0.6207067436002105 0.7163724568472298
0.32439494005167196 0.6277853006160135 0.7075687522773555
0.3301100606095967 0.6347822058891036 0.6986264373546798
0.33578567559181277 0.641693340907295 0.6895488643327491
0.3414186940285649 0.648514682054258 0.6803396082309876
0.3470060676181985 0.6552423117010651 0.6710024604968289
0.3525447987217852 0.6618724289842774 0.6615414217149737
0.35803194822299456 0.6684013602037262 0.6519606933929801
0.3634646432061005 0.6748255687753392 0.6422646688601997
0.3688400844059793 0.6811416646772762 0.6324579233245947
0.3741555533854262 0.6873464133312202 0.62254520313914
0.3794084193970544 0.6934367438648981 0.6125314143361763
0.384596145889446 0.6994097567067129 0.6024216104942125
0.38971629662004315 0.7052627304686998 0.5922209800071191
0.39476654134048383 0.7109931280798131 0.5819348328304077
0.39974466102364553 0.7165986021377053 0.5715685867832287
0.40464855260551413 0.7220769994536252 0.5611277534878413
0.40947623321909504 0.7274263647717143 0.550617924030548
0.41422584390186934 0.7326449436507617 0.540044754429442
0.41889565276271123 0.7377311845032813 0.5294139509947651

0.3186434394741034 0.6207067436002105 0.7163724568472298
0.30730613198514534 0.6216582173282247 0.7204887244590453
0.2958950436145083 0.6225207479933942 0.7245095178685461
0.28441479696107974 0.6232933100281123 0.7284323393039241
0.2728701378853109 0.6239749907171233 0.7322548045660181
0.2612659260732677 0.6245649934346676 0.7359746495967312
0.24960712508511243 0.6250626404818541 0.739589736665266
0.2378987919340277 0.6254673755043041 0.74309806013479
0.22614606624556413 0.6257787654729535 0.7464977517747813
0.21435415905093763 0.6259965022139312 0.7497870855872946
0.20252834127088323 0.6261204034766366 0.7529644821187241
0.19067393194923987 0.6261504135324715 0.7560285122322647
0.17879628629746291 0.6260866033000997 0.7589779003201471
0.16690078361271302 0.625929169996579 0.7618115269388198
0.15499281513303 0.6256784363171831 0.7645284308544863
0.14307777189336277 0.6253348491501736 0.7671278104907686
0.13116103264588433 0.6248989778361378 0.769609024774668
0.11924795190709173 0.6243715119847607 0.7719715933814066
0.10734384819268018 0.6237532588649825 0.7742151963830864
0.09545399249912459 0.6230451403873959 0.776339673310354

0.3186434394741034 0.6207067436002105 0.7163724568472298
0.3241888375938551 0.6123558331143163 0.7210561221086862
0.3297061030322983 0.6039121253643757 0.7256610989030197
0.335192994748864 0.5953782397121027 0.7301851874343974
0.3406472928644401 0.5867569104697322 0.7346262654439624
0.346066803019297 0.5780509827573238 0.7389822928739871
0.3514493606874394 0.5692634079827171 0.7432513163152102
0.3567928354279973 0.5603972389600388 0.747431473215582
0.3620951350544687 0.5514556246850165 0.7515209958298864
0.36735420970297367 0.5424418047875975 0.7555182148911285
0.37256805578118235 0.5333591036844627 0.7594215629861562
0.37773471978022716 0.5242109244559636 0.7632295776197207
0.3828523019327037 0.5150007424737589 0.7669409039530405
0.38791895970078705 0.5057320988069721 0.7705542972049109
0.39293291107954476 0.4964085934360223 0.7740686247054742
0.39789243770169214 0.4870338783043742 0.7774828675949105
0.4027958877313042 0.4776116502393114 0.7807961221614975
0.4076416785353576 0.4681456437734394 0.7840076008157243
0.41242829912340595 0.45863962389898 0.7871166326993583
0.4171543123471887 0.4490973787870155 0.7901226639305925

0.5994314451249396 -0.7461255939885058 -0.28979051156089636
0.608198104853192 -0.7381196111307664 -0.29201798731782247
0.6168977487874013 -0.7299853726709434 -0.29420829904593077
0.6255259855139713 -0.7217256233601315 -0.29636019643704636
0.6340784888369789 -0.7133432929545998 -0.2984724717472303
0.6425510081948531 -0.7048414915408042 -0.30054396295768826
0.650939378898596 -0.6962235041466421 -0.3025735567971541
0.6592395321355407 -0.6874927846583728 -0.3045601916081443
0.6674475046836894 -0.6786529490679047 -0.3065028600404122
0.6755594482832747 -0.6697077680802734 -0.30840061155603476
0.6835716386142944 -0.6606611591160356 -0.31025255473182656
0.6914804838313874 -0.6515171777478992 -0.3120578593461839
0.699282532610503 -0.6422800086151862 -0.31381575823899777
0.7069744816653354 -0.6329539558635745 -0.3155255489349202
0.7145531826954136 -0.6235434331609931 -0.31718659502201046
0.7220156487320027 -0.614052953343471 -0.31879832727959284
0.7293590598525224 -0.6044871177471506 -0.3203602445510164
0.7365807682389938 -0.5948506052845521 -0.32187191435888857
0.7436783025609903 -0.5851481613244667 -0.3233329732622394
0.7506493716686632 -0.5753845864356033 -0.3247431269569397

0.5994314451249396 -0.7461255939885058 -0.28979051156089636
0.5980162883956345 -0.750691669701545 -0.2807820077109921
0.596536240378388 -0.7551876170048253 -0.2717281307443
0.5949914438219283 -0.7596116510706175 -0.26263153149701546
0.5933821032084909 -0.7639620463839877 -0.25349491370963934
0.5917084848830331 -0.7682371399261355 -0.24432103011312134
0.589970917020719 -0.7724353342154243 -0.23511267835920233
0.5881697894313738 -0.7765551001935539 -0.22587269680869518
0.5863055532004239 -0.7805949799450175 -0.21660396019228925
0.5843787201666908 -0.7845535892387683 -0.20730937515922024
0.5823898622382514 -0.7884296198818906 -0.1979918757298086
0.5803396105484162 -0.7922218418759932 -0.1886544186684251
0.578228654454716 -0.7959291053680587 -0.1792999787938926
0.5760577403845977 -0.7995503423885291 -0.16993154424466803
0.5738276705323216 -0.8030845683705191 -0.1605521117163717
0.5715393014123141 -0.806530883445195 -0.15116468168933325
0.5691935422749453 -0.8098884735095223 -0.14177225366381024
0.5667913533913854 -0.8131566110637907 -0.13237782142040574
0.5643337442148166 -0.816334655817507 -0.12298436832296358
0.561821771425855 -0.8194220550634638 -0.11359486268086352

0.5994314451249396 -0.7461255939885058 -0.28979051156089636
0.5917879528159303 -0.74961542960643 -0.29641816172073143
0.5840614330372086 -0.7530260317090706 -0.3030248141770114
0.5762541349743797 -0.7563557614531881 -0.3096080329085431
0.5683684035641934 -0.7596030554264154 -0.3161653934521365
0.5604066761536146 -0.7627664290056071 -0.32269448725457345
0.5523714788656381 -0.765844479512448 -0.3291929260116253
0.54426542268389 -0.7688358891514113 -0.33565834597621025
0.5360911992697585 -0.7717394277162604 -0.34208841221779324
0.5278515765274339 -0.7745539550525115 -0.34848082281528014
0.5195493939337544 -0.7772784232645908 -0.35483331296593335
0.5111875576511792 -0.7799118786578346 -0.3611436589932451
0.5027690354434807 -0.7824534634069694 -0.367409682237241
0.4942968514149012 -0.7849024169442677 -0.37362925281134246
0.4857740805945047 -0.7872580770621761 -0.379800293210693
0.4772038433882848 -0.7895198807268552 -0.3859207817577355
0.468589299922248 -0.7916873646007289 -0.39198875587181103
0.4599336443001831 -0.7937601652738023 -0.3980023151506264
0.4512400988001314 -0.7957380192051624 -0.40395962425258813
0.44251190803370555 -0.7976207623776901 -0.40985891557022625

0.49042358854977575 0.29875776985237723 0.8186748431134271
0.5005433575326482 0.29795284334215466 0.8128225208335882
0.510618099542028 0.29710495578648854 0.8068443478560138
0.5206432548292591 0.29621417758800855 0.8007420072636722
0.530614296707323 0.295280633117335 0.79451734772478
0.5405267414474476 0.29430450097678823 0.7881723811990673
0.550376158116908 0.2932860140776269 0.7817092800542478
0.5601581783087716 0.29222545952825135 0.7751303736000162
0.56986850571455 0.2911231783320728 0.768438144050969
0.5795029254913594 0.2899795648950452 0.7616352219338575
0.5890573133762641 0.2887950663441614 0.754724380958512
0.598527644501993 0.2875701816595243 0.7477085323755535
0.6079100018701246 0.2863054606238896 0.7405907188476016
0.617200584440155 0.2850015025948362 0.7333741078640673
0.6263957147955365 0.28365895510593336 0.7260619847327079
0.6354918463507896 0.2822785123044252 0.7186577451839401
0.6444855700671073 0.2808609132340366 0.7111648876263638
0.6533736206474413 0.27940693997249977 0.7035870050940803
0.6621528821858618 0.2779174156343058 0.6959277769281125
0.6708203932499472 0.2763932022499853 0.688190960235591

0.49042358854977575 0.29875776985237723 0.8186748431134271
0.4869168706795076 0.30689069907038263 0.817759169848781
0.4833667080821064 0.3150102954795463 0.8167772886532513
0.47977379074024756 0.3231145480058898 0.8157291821344157
0.4761388418068269 0.33120144931635714 0.8146148803536539
0.4724626169174636 0.3392689982636196 0.813434461055531
0.46874590343448674 0.34731520233131974 0.8121880498030868
0.4649895196240769 0.355338080072868 0.8108758200180212
0.4611943137685044 0.3633356635368867 0.8094979929251267
0.4573611632156722 0.3713060006724145 0.8080548374006953
0.4534909733684258 0.37924715770703654 0.8065466697250023
0.44958467661633644 0.3871572214911927 0.8049738532393482
0.4456432312128955 0.3950343018020386 0.8033367979085146
0.44166762010127264 0.40287653360038733 0.8016359597898624
0.4376588496919918 0.4106820792344519 0.7998718404106686
0.43361794859606306 0.41844913058432154 0.798044986055653
0.4295459663172701 0.426175911141363 0.7961559869669962
0.4254439719074624 0.4338606780170053 0.7942054764594783
0.4213130525888229 0.44150172387568093 0.7921941299536938
0.4171543123471887 0.4490973787870155 0.7901226639305925

0.49042358854977575 0.29875776985237723 0.8186748431134271
0.4836160273860461 0.29166523091152263 0.8252556762195988
0.47672411393407765 0.28451461382984794 0.8317364689076829
0.46975024215463806 0.2773086036257819 0.8381137442798429
0.46269692570416093 0.2700499730929082 0.8443841347256814
0.45556679370425907 0.2627415776928916 0.8505443902733538
0.44836258606160767 0.2553863501070383 0.8565913866010753
0.4410871483563848 0.24798729446984055 0.8625221326646415
0.43374342632067103 0.24054748031033044 0.8683337778987731
0.4263344599312735 0.23307003622935052 0.8740236189526909
0.4188633771443113 0.22555814334289395 0.8795891059233105
0.41133338730154917 0.21801502852345805 0.8850278480527883
0.40374777424085323 0.21044395747286748 0.8903376188607977
0.39610988914525336 0.20284822766123686 0.8955163606858505
0.3884231431668877 0.19523116116764552 0.9005621886141391
0.3806909998635702 0.18759609745867675 0.9054733937787184
0.37291696748684133 0.17994638614122693 0.9102484460163229
0.36510459116112315 0.17228537972591473 0.9148859958736751
0.3572574449939971 0.1646164264370198 0.9193848759597182
0.34937912415766126 0.15694286310416497 0.9237441016447644

0.5437531766552417 -0.8389141489519162 0.023569759557866013
0.5513813414359666 -0.8337471258896573 0.029057639047419388
0.5589609910659684 -0.8284737167625028 0.03455301868541545
0.5664891821527863 -0.8230951848470858 0.040054003363071626
0.5739630094777457 -0.8176129097769732 0.045558682128440636
0.5813796114314024 -0.8120283860581118 0.051065131427715786
0.5887361753636623 -0.8063432212386195 0.05657141840800826
0.5960299428257226 -0.8005591337370735 0.06207560426860414
0.603258214681389 -0.7946779503354361 0.06757574764731344
0.6104183560659068 -0.788701603344727 0.07306990802822291
0.6175078011711909 -0.7826321274534735 0.07855614915696339
0.6245240578372521 -0.7764716562708296 0.08403254244950184
0.6314647119306732 -0.770222418578037 0.08949717038047136
0.6383274314922001 -0.7638867343035857 0.09494812983715797
0.645109970636847 -0.7574670102390002 0.10038353542547152
0.6518101731913747 -0.7509657355136223 0.10580152271453575
0.6584259760555589 -0.7443854768480631 0.11120025140693902
0.6649554122753232 -0.7377288736071429 0.11657790842218381
0.671396613817534 -0.7309986326741299 0.12193271088145916
0.6777478140380365 -0.7241975231688993 0.1272629089825263

0.5437531766552417 -0.8389141489519162 0.023569759557866013
0.534864680921047 -0.8445666120671113 0.025040185396842298
0.5258982211193948 -0.8501342526484664 0.026510629892358265
0.5168564757431828 -0.855614674037985 0.02798058350373226
0.5077422144359519 -0.861005556657076 0.02944953455174576
0.49855829391964784 -0.8663046626473014 0.03091697008885799
0.4893076536425452 -0.8715098403121627 0.03238237677959652
0.4799933111622526 -0.8766190283400377 0.03384524178765875
0.4706183572803434 -0.8816302597894303 0.035305053666190876
0.46118595094667336 -0.8865416658188975 0.03676130324766666
0.451699313952849 -0.8913514791453585 0.038213484529771025
0.4421617254355781 -0.8960580372159566 0.039661095553701106
0.4325765162117556 -0.9006597850802228 0.041103639271331587
0.42294706296810464 -0.9051552779509733 0.04254062439775091
0.41327678232899656 -0.9095431834441319 0.04397156624576062
0.4035691248266961 -0.9138222834895032 0.045395987539039485
0.39382756879873565 -0.9179914759063978 0.04681341920080702
0.3840556142373875 -0.922049775639931 0.04822340111497683
0.3742567766162904 -0.9259963156557358 0.049625482856964956
0.3644345807191958 -0.9298303474927629 0.05101922439151347

0.5437531766552417 -0.8389141489519162 0.023569759557866013
0.5449694357535911 -0.8382963154682463 0.01635853192602512
0.5461574203145192 -0.8376326978968491 0.009139783883410826
0.5473168628657312 -0.8369232854008464 0.0019146740369375436
0.5484475091691418 -0.8361680894001791 -0.005315633077859987
0.5495491184786209 -0.8353671436467032 -0.012549967925017122
0.550621463780383 -0.8345205042693141 -0.019787156906385894
0.5516643320154815 -0.8336282497888717 -0.027026023308196246
0.5526775242839177 -0.8326904811027872 -0.03426538825416083
0.5536608560299188 -0.8317073214392084 -0.041504071663329326
0.5546141572079903 -0.8306789162808191 -0.048740893210879835
0.5555372724293983 -0.8296054332583529 -0.0559746732900248
0.5564300610887856 -0.8284870620140008 -0.063204233973203
0.5572923974706843 -0.8273240140349727 -0.07042839997073093
0.5581241708357354 -0.8261165224575493 -0.07764599958509344
0.5589252854864845 -0.8248648418420452 -0.08485586565906879
0.5596956608126716 -0.8235692479191725 -0.09205683651590113
0.5604352313159976 -0.8222300373083772 -0.09924775688976108
0.561143946614389 -0.8208475272087837 -0.10642747884476508
0.561821771425855 -0.8194220550634638 -0.11359486268086352

0.4546257418014239 0.8110470634408664 0.3681278253208422
0.46351496501022144 0.8079528752206765 0.3638214241000868
0.4723707536773751 0.8047661904037152 0.35946800949925956
0.4811900298108186 0.8014875719647216 0.3550687640398107
0.48996973579005626 0.7981176749597434 0.3506249205727908
0.49870683953718853 0.7946572461503159 0.3461377606381962
0.5073983396555467 0.7911071233765542 0.3416086126807517
0.5160412705159668 0.7874682346792764 0.33703885012765367
0.524632707270845 0.7837415971726038 0.33242988933457823
0.5331697707763656 0.7799283156698322 0.32778318740700596
0.5416496324036743 0.7760295810666916 0.3231002399046148
0.5500695187202904 0.7720466684874302 0.31838257843715023
0.5584267160237043 0.7679809352004296 0.313631768160776
0.5667185747098755 0.7638338183112987 0.3088494051844508
0.5749425134602463 0.7596068322425718 0.3040371138963465
0.5830960232318843 0.755301566010251 0.29919654422072534
0.5911766710364785 0.7509196803084776 0.2943293688160275
0.5991821034951047 0.7464629044145713 0.28943728022517096
0.6071100501569541 0.7419330329275466 0.28452198798924583
0.6149583265715671 0.7373319223539809 0.27958521573588413

0.4546257418014239 0.8110470634408664 0.3681278253208422
0.4471865331308841 0.8171641080913847 0.36368533794145796
0.43968248588994874 0.8232007875751461 0.35919322785555713
0.4321158313533649 0.8291545814254155 0.3546527715879777
0.42448887619542264 0.8350230407671817 0.35006530158568533
0.4168039991134127 0.8408037931110639 0.34543220436594124
0.4090636472208564 0.8464945469656914 0.34075491849673967
0.40127033222281727 0.8520930962482566 0.3360349324160351
0.39342662638693665 0.8575973244738945 0.33127378209724284
0.3855351583250738 0.8630052087056352 0.3264730485694084
0.37759860860157823 0.8683148232479194 0.32163435530130574
0.3696197051852609 0.8735243430680347 0.3167593654595222
0.3616012187630444 0.8786320469313205 0.3118497790513228
0.3535459579340666 0.8836363202375818 0.3069073299637352
0.34545676430366445 0.8885356575478383 0.30193378291087836
0.3373365074971788 0.8933286647922904 0.2969309303020309
0.32918808011389045 0.8980140611522086 0.29190058904333893
0.3210143926416153 0.9025906806102999 0.2868445972863534
0.31281836835256127 0.9070574731660004 0.2817648111367914
0.30460293820096684 0.911413505714021 0.2766631013370168

0.4546257418014239 0.8110470634408664 0.3681278253208422
0.4531143614990657 0.8078464826996778 0.3769236471661773
0.45155982421922225 0.8045681783236492 0.3856990686792874
0.4499623679997329 0.8012127102716055 0.394451594347521
0.44832226679943415 0.7977807036263485 0.4031787370550005
0.4466398303506025 0.7942728481509748 0.4118780215482779
0.44491540392936424 0.7906898976958189 0.4205469878957002
0.44314936804418 0.7870326694567833 0.4291831949293607
0.44134213804288075 0.7833020430864799 0.43778422365851094
0.43949416363909555 0.7794989596602758 0.44634768064337427
0.43760592835927636 0.7756244204999925 0.45487120131842473
0.43567794891188294 0.7716794858586522 0.4633524532543891
0.43371077448064305 0.767665273470292 0.471789139348483
0.43170498594414103 0.7635829569694708 0.48017900093270255
0.4296611950243167 0.7594337641856741 0.4885198207903689
0.4275800433667696 0.7552189753183699 0.49680942607154976
0.425462201556055 0.7509399209989792 0.5050456910984606
0.4233083680694348 0.7465979802465009 0.5132265400524776
0.4211192681728001 0.7421945783239662 0.5213499495349696
0.41889565276271123 0.7377311845032813 0.5294139509947651

0.015964436100292887 -0.4517935482239678 0.8919796671243112
0.0070770648262967655 -0.4469149007886085 0.8945484819765515
-0.0018277887960588966 -0.4419780588307514 0.8970239989544972
-0.010747235383986453 -0.43698436613776875 0.8994048925165872
-0.01967835659694531 -0.43193522963335695 0.901689924354943
-0.028618209802687613 -0.42683211750921257 0.9038779461466526
-0.037563832844418416 -0.4216765571736427 0.9059679020761277
-0.04651224889136827 -0.41647013302343006 0.9079588311165402
-0.05546047135447053 -0.4112144840462853 0.9098498690595539
-0.06440550884835183 -0.4059113012621978 0.9116402502838574
-0.07334437018048968 -0.40056232501291406 0.913329309254376
-0.08227406934816732 -0.3951693421096419 0.9149164817454792
-0.09119163052376969 -0.3897341828498703 0.9164013057829851
-0.10009409300901108 -0.38425871791492106 0.917783422301299
-0.10897851613887066 -0.37874485516048545 0.919062575513568
-0.11784198411632973 -0.37319453631295396 0.9202386129943071
-0.12668161075945403 -0.3676097335848098 0.9213114854755124
-0.1354945441429397 -0.3619924462227211 0.9222812463588248
-0.14427797111693755 -0.3563446970022372 0.9231480509478227
-0.15302912168677726 -0.35066852868316245 0.9239121554059995

0.015964436100292887 -0.4517935482239678 0.8919796671243112
0.016357416927575325 -0.462914905798174 0.8862517841456372
0.016748887920739922 -0.4739935350662225 0.8803690155093171
0.01713864805765343 -0.4850237471016594 0.8743330209309388
0.017526497301259825 -0.49599988085571667 0.8681456905862425
0.017912237095066102 -0.5069163171795605 0.8618091431049923
0.018295670857940108 -0.5177674928270697 0.8553257226340315
0.01867660447541443 -0.5285479143587366 0.8486979949736531
0.019054846784682965 -0.5392521718670693 0.8419287427987365
0.019430210050497467 -0.5498749524444653 0.8350209599833951
0.019802510429220915 -0.560411053315921 0.8279778450550719
0.02017156841837213 -0.570855394561145 0.8208027938110241
0.020537209289101403 -0.5812030313536183 0.8134993911368223
0.02089926349916794 -0.5914491656478567 0.8060714020728229
0.02125756708414611 -0.6015891572505468 0.7985227621804152
0.021611962024765417 -0.6116185342162691 0.7908575672651698
0.02196229658848804 -0.6215330025141399 0.7830800625187169
0.02230842564364286 -0.6313284549178074 0.7751946311452345
0.022650210944665846 -0.6410009790777517 0.7672057825417675
0.022987521387237326 -0.6505468647416726 0.7591181401041944

0.015964436100292887 -0.4517935482239678 0.8919796671243112
0.02436968464901695 -0.44518777866338705 0.8951055581320376
0.032789845432256444 -0.43851250082427595 0.8981267241638945
0.041221801444612974 -0.43176983703352634 0.901041381354765
0.04966240463607068 -0.42496199761101455 0.9038478556439791
0.05810848163867444 -0.41809127743163144 0.9065445869328406
0.06655683962011441 -0.4111600521931904 0.9091301329184263
0.07500427223952313 -0.4041707744037026 0.9116031725831865
0.08344756567991675 -0.39712596910337755 0.9139625093217988
0.09188350473103377 -0.3900282293384717 0.9162070736888243
0.10030887889584876 -0.382880211405749 0.9183359257529604
0.10872048849377336 -0.37568462988782336 0.920348257046062
0.11711515073350606 -0.36844425250100343 0.9222433920975769
0.1254897057286557 -0.36116189477843885 0.924020789547607
0.133841022429642 -0.35384041461236826 0.925680042834421
0.14216600444596442 -0.34648270668007625 0.9272208804548775
0.1504615957337205 -0.33909169677877504 0.9286431657988733
0.15872478612424096 -0.33167033609503216 0.9299468965615307
0.16695261667087372 -0.32422159543456236 0.9311322037394127
0.17514218479228685 -0.3167484594381942 0.9321993502195307

0.7685367932144612 -0.19100858906429094 -0.6106282964122293
0.7724086114557294 -0.19607208730591047 -0.6041031977473184
0.7762215442193932 -0.2011264574031502 -0.5975184201529854
0.7799743872951596 -0.2061703811729554 -0.5908753921856441
0.7836659771645833 -0.2112025432976546 -0.5841755917010579
0.7872951927159416 -0.2162216330099888 -0.5774205442698258
0.7908609568795573 -0.22122634577786077 -0.5706118214840324
0.7943622381781685 -0.22621538498381397 -0.5637510391593042
0.7977980521872597 -0.2311874635942449 -0.5568398554369774
0.8011674629006121 -0.23614130581336337 -0.5498799687915135
0.8044695839967012 -0.24107564871696124 -0.5428731159487186
0.8077035800019713 -0.2459892438611168 -0.5358210697207
0.810868667347429 -0.25088085886105804 -0.5287256367638535
0.8139641153154419 -0.2557492789355274 -0.5215886552664926
0.8169892468740777 -0.260593308412137 -0.5144119925730193
0.8199434393967956 -0.2654117721893708 -0.507197542751787
0.8228261252657693 -0.27020351715108276 -0.49994722411401116
0.8256367923576171 -0.2749674135295506 -0.49266297669126136
0.8283749844107983 -0.2797023562133801 -0.48534675967919383
0.8310403012744226 -0.2844072659967995 -0.4780005488552734

0.7685367932144612 -0.19100858906429094 -0.6106282964122293
0.7617693309990765 -0.19583108213867023 -0.6175416371530074
0.7548989887826587 -0.20064031434931356 -0.6243964934180266
0.7479276427241093 -0.20543448721453103 -0.6311900765316735
0.7408572861408615 -0.21021180858131389 -0.6379196478436534
0.7336900269062981 -0.21497049589061495 -0.6445825240531879
0.7264280844881346 -0.21970877943964784 -0.651176082410925
0.7190737866365906 -0.22442490562752732 -0.6576977657755805
0.7116295657332868 -0.2291171401705455 -0.6641450875029674
0.704097954813859 -0.23378377127344857 -0.6705156361458732
0.6964815832792622 -0.23842311274325928 -0.6768070799442241
0.688783172312615 -0.24303350703246557 -0.6830171710861089
0.6810055300201882 -0.24761332819877774 -0.6891437497215273
0.6731515463167724 -0.25216098476912957 -0.6951847477121467
0.665224187577127 -0.2566749224961689 -0.7011381921019114
0.6572264910765181 -0.26115362699613626 -0.7070022082950028
0.6491615592444854 -0.2655956262577652 -0.7127750229294052
0.6410325537569188 -0.2699994930126471 -0.7184549664361689
0.6328426894922681 -0.27436384695837174 -0.7240404752763453
0.6245952283782618 -0.2786873568266864 -0.7295300938495014

0.7685367932144612 -0.19100858906429094 -0.6106282964122293
0.7714108982054976 -0.18113009793364268 -0.610014027504562
0.7742080823713844 -0.17121428758611623 -0.6093336630428376
0.7769270392033641 -0.16126418830591713 -0.6085870827784039
0.7795665311862974 -0.1512828781435337 -0.6077742296566814
0.7821253923303868 -0.14127347826923004 -0.6068951103854372
0.7846025305286878 -0.13123914817796956 -0.6059497958358436
0.7869969297298844 -0.12118308076262503 -0.604938421273285
0.7893076519166989 -0.1111084972731684 -0.6038611864157569
0.7915338388812605 -0.10101864218025625 -0.6027183553185949
0.7936747137897913 -0.09091677796223065 -0.6015102560851805
0.7957295825300486 -0.0808061798350316 -0.600237280404194
0.7976978348361015 -0.0706901304448647 -0.5988998829149025
0.7995789451861895 -0.060571914543678385 -0.5974985804028774
0.8013724734706177 -0.05045481366758229 -0.5960339508294419
0.8030780654278596 -0.040342100838275795 -0.5945066321990032
0.8046954528482719 -0.030237035307359637 -0.592917321269278
0.8062244535460482 -0.020142857363072694 -0.5912667721102097
0.8076649711012507 -0.010062783218535902 -0.5895557945181377
0.8090169943749476 -1.981520145234184e-16 -0.587785252292473

-0.012130188293457154 -0.7680974120726167 0.6402181066631232
-0.010289378025757051 -0.7624655845835081 0.6469469537957285
-0.00844520347028845 -0.7567645836672064 0.6536329577410745
-0.006598102939773525 -0.750995535305825 0.6602743149542571
-0.00474851848217203 -0.7451596191157747 0.6668692477626016
-0.002896895360569129 -0.7392580672077429 0.6734160066894329
-0.0010436815237857818 -0.7332921629342384 0.6799128727330459
0.000810672930838726 -0.7272632395275155 0.6863581595940583
0.00266571630100225 -0.7211726786311418 0.6927502158444894
0.004520995827810513 -0.7150219087289197 0.6990874270321111
0.006376058247415023 -0.708812403475294 0.7053682177138423
0.0082304503443527 -0.7025456799317763 0.7115910534122301
0.010083719505012271 -0.696223296714312 0.717754442489351
0.011935414269651069 -0.689846852056861 0.7238569379328011
0.013785084881392552 -0.6834179817968024 0.7298971390487831
0.01563228383064953 -0.676938357288071 0.7358736930576919
0.01747656639344082 -0.6704096832482065 0.7417852965879919
0.01931749116209923 -0.663833695545732 0.7476306970645994
0.021154620566906653 -0.657212158934482 0.7534086939884271
0.022987521387237326 -0.6505468647416726 0.7591181401041944

-0.012130188293457154 -0.7680974120726167 0.6402181066631232
-0.02130593786573641 -0.7712537596168016 0.6361711210740472
-0.030496757067066633 -0.7743306097284473 0.6320459276397273
-0.03969961572974797 -0.777326493338199 0.6278435022085115
-0.04891145626707704 -0.7802400151141898 0.6235649030056476
-0.05812919863741044 -0.7830698564030352 0.6192112694861928
-0.06734974540747628 -0.7858147779780644 0.6147838209524006
-0.07656998689585362 -0.7884736225821153 0.6102838549388349
-0.08578680637693292 -0.7910453172532304 0.605712745369769
-0.09499708532519799 -0.7935288754227181 0.6010719404947077
-0.10419770867933575 -0.7959233987762209 0.5963629606091285
-0.11338557010549104 -0.7982280788697157 0.5915873955687493
-0.12255757723893844 -0.8004421984936935 0.5867469021067809
-0.13171065688354697 -0.8025651327801518 0.5818432009647289
-0.1408417601486604 -0.8045963500484524 0.5768780738483094
-0.14994786750340952 -0.8065354123875393 0.5718533602209938
-0.15902599372900372 -0.8083819759734729 0.5667709539485296
-0.1680731927502144 -0.8101357911226862 0.5616327998085303
-0.17708656232805642 -0.8117967020828161 0.5564408898798642
-0.18606324859658432 -0.8133646465643692 0.5511972598271007

-0.012130188293457154 -0.7680974120726167 0.6402181066631232
-0.004581133964095617 -0.7704289358990617 0.6375094257664292
0.0029772548541903525 -0.7727094014637906 0.6347529573330114
0.010543407205153286 -0.7749381528523177 0.631949124390836
0.01811574224620938 -0.7771145646951755 0.6290983811944654
0.025692670876376462 -0.7792380429814817 0.6262012128969638
0.03327259738620601 -0.7813080258211583 0.6232581351660158
0.04085392112575578 -0.7833239841536148 0.6202696937448725
0.04843503818656586 -0.7852854224008755 0.6172364639589469
0.05601434309353454 -0.7871918790633193 0.6141590501690586
0.06359023050254213 -0.7890429272563897 0.6110380851725212
0.0711610968996403 -0.7908381751868304 0.607874229553453
0.07872534229761395 -0.792577266567214 0.6046681709838605
0.08628137192572813 -0.7942598809677375 0.6014206234772213
0.09382759790849952 -0.7958857341044833 0.5981323265964553
0.10136244092937498 -0.7974545780635548 0.5948040446183236
0.10888433187526271 -0.7989662014607283 0.591436565656447
0.11639171345794068 -0.8004204295364784 0.5880307007452623
0.12388304180846454 -0.8018171241864622 0.5845872828873664
0.131356788040811 -0.8031561839277646 0.5811071660668043

0.2588981450683693 -0.8334761102203232 0.48814887500859555
0.2565779310121287 -0.8386733969500759 0.48041096840700437
0.2542303134391491 -0.8438013420513166 0.4726163802504405
0.25185583071503465 -0.848858190872877 0.46476705167520876
0.24945504592984347 -0.8538422407924237 0.45686497775460144
0.2470285462660961 -0.8587518439547965 0.4489122050400234
0.24457694230680652 -0.8635854098995176 0.4409108289671907
0.2421008672853421 -0.868341408067963 0.4328629911348769
0.23960097627919688 -0.8730183701811749 0.42477087646431316
0.23707794535003116 -0.8776148924798259 0.4166367102479463
0.23453247063259006 -0.8821296378184447 0.4084627550968056
0.231965267375353 -0.886561337606651 0.40025130779622264
0.22937706893599696 -0.8909087935908401 0.3920046960800915
0.22676862573496223 -0.8951708794704758 0.3837252753342311
0.22414070417060172 -0.899346542343925 0.3754154252397385
0.2214940854995624 -0.9034348039795428 0.3670775463674637
0.21882956468619488 -0.9074347619085444 0.35871405673493434
0.21614794922491085 -0.9113455903370152 0.35032738833717025
0.2134500579395098 -0.9151665408752615 0.3419199836628859
0.2107367197635688 -0.9188969430835394 0.3334942922075545

0.2588981450683693 -0.8334761102203232 0.48814887500859555
0.2676131302327449 -0.829236109536511 0.490663517257788
0.2763162177805037 -0.8249054635231297 0.49313317069648427
0.2850046828956776 -0.8204850576488334 0.4955568594041706
0.2936758015530855 -0.8159758630049964 0.4979336447513907
0.30232685470025317 -0.8113789354245183 0.5002626271034317
0.31095513245454426 -0.8066954143801365 0.5025429474365715
0.31955793830061885 -0.8019265216643064 0.5047737888603611
0.328132593273212 -0.7970735598538214 0.5069543780398323
0.336676440110204 -0.7921379105634279 0.5090839865119773
0.3451868473610265 -0.7871210324937709 0.5111619318913484
0.3536612134356175 -0.7820244592800509 0.51318757896016
0.3620969705794032 -0.7768497971487746 0.5151603406388409
0.37049158876014354 -0.7715987223909511 0.5170796788335785
0.37884257945292926 -0.7662729786609915 0.5189451051580144
0.38714749931015086 -0.7608743741114186 0.5207561815268772
0.39540395370388287 -0.7554047783742698 0.5225125206199925
0.40360960012881875 -0.7498661194007912 0.5242137862157512
0.4117621514546613 -0.7442603801716384 0.5258596933937766
0.4198593790177003 -0.7385895952903508 0.5274500086071732

0.2588981450683693 -0.8334761102203232 0.48814887500859555
0.25234797998778097 -0.8324164860207937 0.493359190445339
0.24577184006098052 -0.831296215249237 0.4985406755173884
0.23917105863589455 -0.8301153313032402 0.5036921097717307
0.23254698924447756 -0.8288739067097796 0.5088122881466175
0.22590100423906925 -0.82757205324322 0.5139000223531626
0.2192344933886139 -0.8262099219735136 0.518954142233356
0.21254886243804633 -0.8247877032440538 0.5239734970909227
0.20584553163429567 -0.8233056265788881 0.5289569569915293
0.1991259342224926 -0.8217639605192392 0.5339034140289365
0.19239151491608125 -0.820163012389532 0.5388117835537969
0.18564372834464185 -0.8185031279933767 0.5436810053619301
0.17888403748331047 -0.816784691240199 0.548510044839037
0.1721139120677523 -0.8150081237034643 0.5532978940589713
0.1653348269986922 -0.8131738841116692 0.5580435728328513
0.1585482607400374 -0.8112824677735222 0.5627461297064715
0.1517556937146392 -0.8093344059389531 0.5674046429036603
0.1449586067017356 -0.8073302650978178 0.5720182212134319
0.13815847924009142 -0.8052706462183684 0.5765860048189831
0.131356788040811 -0.8031561839277646 0.5811071660668043

0.7309067720714626 0.6624430333753388 -0.16414785430384005
0.7307058515193287 0.6649582838597017 -0.15459443483441862
0.730433072582936 0.6674126632422859 -0.1450098735289798
0.7300881758341512 0.6698051507462726 -0.13539688157754837
0.7296709644949004 0.6721347757982666 -0.12575820742876206
0.7291813051636941 0.6744006198236011 -0.11609663294563911
0.7286191283905673 0.6766018179250337 -0.10641496945406466
0.7279844290971791 0.678737560438023 -0.09671605369686788
0.7272772668395324 0.6808070943563147 -0.08700274370691725
0.726497765911534 0.6828097246221632 -0.07727791461313953
0.7256461152883663 0.6847448152761378 -0.06754445439376011
0.7247225684094278 0.6866117904621335 -0.05780525959136971
0.7237274428013696 0.6884101352838912 -0.04806323100463699
0.7226611195425369 0.6901393965100643 -0.03832126937161132
0.7215240425708924 0.6917991831255897 -0.02858227105958983
0.72031671783825 0.6933891667278848 -0.018849123776460034
0.7190397123143857 0.6949090817671392 -0.00912470231827406
0.7176936528452961 0.6963587256307295 0.0005881356324367925
0.7162792248705561 0.6977379585725405 0.010286553643432445
0.7147971710053617 0.6990467034887066 0.019967740590865618

0.7309067720714626 0.6624430333753388 -0.16414785430384005
0.7362468425631472 0.6552265997047474 -0.16917059394336542
0.7415184974272159 0.6479275215856489 -0.17418451350554198
0.7467196777346958 0.640547737138073 -0.17918794415664827
0.7518483822031455 0.6330892713131362 -0.18417921904144044
0.7569026708709322 0.6255542332633461 -0.1891566759983809
0.7618806686332855 0.6179448134691772 -0.19411866028139008
0.7667805686255185 0.6102632806305908 -0.19906352727789048
0.7716006354394855 0.6025119783334763 -0.2039896452128463
0.776339208160129 0.5946933215022467 -0.20889539782850491
0.7809947032098481 0.5868097926510047 -0.21377918702962165
0.7855656169893869 0.5788639379468048 -0.21863943548409048
0.7900505283049847 0.5708583630995598 -0.22347458916911772
0.794448100572657 0.5627957290940621 -0.22828311985335317
0.7987570837916474 0.5546787477804104 -0.2330635275057404
0.8029763162803255 0.5465101773398422 -0.23781434262225012
0.8071047261690836 0.5382928176435604 -0.2425341284621302
0.8111413326460806 0.530029505522612 -0.24722148318581838
0.8150852469530024 0.5217231099672184 -0.25187504188723536
0.8189356731293398 0.5133765272741767 -0.25649347851378534

0.7309067720714626 0.6624430333753388 -0.16414785430384005
0.7255604653246631 0.667159977112735 -0.16869966240865233
0.7201555991702565 0.6718348748784231 -0.17324495340650578
0.7146931464370938 0.6764665640882985 -0.17778271599460588
0.7091741203931009 0.6810539063354264 -0.18231194044803536
0.7035995738468378 0.6855957887508743 -0.18683161972646573
0.6979705981735604 0.6900911253249425 -0.19134075058125175
0.6922883222677991 0.6945388581851947 -0.19583833466010145
0.6865539114247434 0.6989379588278303 -0.20032337960650454
0.6807685661529798 0.7032874292990834 -0.20479490015110965
0.6749335209213847 0.7075863033235023 -0.20925191919225816
0.6690500428432193 0.7118336473761415 -0.21369346886291457
0.6631194303006888 0.7160285616958936 -0.2181185915812766
0.6571430115134539 0.720170181237397 -0.22252634108240618
0.651122143054772 0.7242576765591701 -0.22691578342828794
0.6450582083191257 0.7282902546458577 -0.2312859979938066
0.6389526159453618 0.7322671596627082 -0.23563607842622208
0.6328067981995015 0.7361876736406497 -0.2399651335758254
0.6266222093215107 0.7400511170905834 -0.24427228839557025
0.6204003238404192 0.7438568495457712 -0.24855668480759635

0.8961907160713432 -0.3688896290624325 0.2465007951259267
0.8929239430093087 -0.37814765537539 0.2443177904590743
0.8895609430856254 -0.3873834120224592 0.24210621765343104
0.8861022832130715 -0.39659393367053775 0.23986662014609444
0.8825486206339593 -0.40577626440047837 0.2375995695835511
0.8789007025501272 -0.41492746234764627 0.23530566513927254
0.8751593655205389 -0.42404460433769636 0.23298553275638043
0.8713255346266678 -0.4331247905007936 0.2306398243174734
0.8674002224070124 -0.4421651488474717 0.2282692167440861
0.8633845275632556 -0.4511628397894114 0.22587441102862446
0.8592796334417472 -0.46011506058861296 0.22345613120197344
0.8550868062951301 -0.469019049718735 0.22101512324030947
0.8508073933300463 -0.47787209112278395 0.218552153914963
0.8464428205479435 -0.48667151835184247 0.21606800958946706
0.8419945903870398 -0.4954147185701424 0.2135634949681892
0.8374642791744766 -0.5040991364124819 0.2110394318011785
0.8328535343986234 -0.5127222776807859 0.20849665755006272
0.8281640718123346 -0.5212817128674745 0.20593602402000027
0.8233976723787441 -0.5297750804942521 0.20335839596283023
0.818556179071869 -0.5382000902559372 0.20076464965666554

0.8961907160713432 -0.3688896290624325 0.2465007951259267
0.89901197282876 -0.36540379132581485 0.24136599179515988
0.9017936359316414 -0.36189818382558603 0.23621588163570315
0.904535225348987 -0.3583732552250829 0.23105115460052325
0.9072362768549681 -0.35482946324115905 0.22587250823047628
0.9098963424071549 -0.35126727435182803 0.22068064718846347
0.9125149905070018 -0.34768716349278683 0.21547628278385197
0.9150918065419308 -0.34408961374327374 0.2102601324879024
0.9176263931083908 -0.34047511600174035 0.20503291944096816
0.920118370315313 -0.3368441686518446 0.19979537195225527
0.9225673760674272 -0.33319727721929115 0.19454822299294602
0.924973066327946 -0.3295349540200725 0.18929220968351013
0.9273351153601753 -0.32585771780067885 0.18402807277603975
0.9296532159476547 -0.32216609337086904 0.17875655613245575
0.9319270795924793 -0.31846061122960534 0.1734784061994428
0.93415643669151 -0.3147418071847774 0.1681943714809774
0.9363410366902252 -0.3110102219673464 0.16290520200931644
0.9384806482140202 -0.3072664008405573 0.1576116488153158
0.9405750591768156 -0.3035108932048738 0.15231446339894808
0.9426240768668833 -0.2997442521992991 0.14701439720088372

0.8961907160713432 -0.3688896290624325 0.2465007951259267
0.896622776065973 -0.36291779719669115 0.2536893177050419
0.896976831450129 -0.35690516714805554 0.2608663748065385
0.8972524565115172 -0.3508531703592286 0.268030002299978
0.8974492859992353 -0.34476327519338773 0.27517823885145976
0.8975670159855123 -0.3386369852020441 0.28230912855969387
0.8976054045970191 -0.33247583730516755 0.2894207235953388
0.8975642726125088 -0.3262813998885975 0.2965110868354084
0.8974435039240934 -0.32005527082415075 0.3035782944845121
0.8972430458600458 -0.3137990754182054 0.31062043867470657
0.8969629093676077 -0.3075144642948741 0.31763563003579004
0.896603169054887 -0.30120311122018506 0.32462200022797993
0.8961639630915387 -0.2948667108739557 0.3315777044290557
0.8956454929685392 -0.28850697657627744 0.3385009237682486
0.8950480231179724 -0.2821256379757213 0.3453898676993897
0.8943718803943544 -0.27572443870652735 0.35224277630611095
0.8936174534196196 -0.26930513402215295 0.35905792253220686
0.8927851917944655 -0.2628694884126257 0.3658336143306188
0.8918756051793257 -0.2564192732131744 0.37256819672489355
0.8908892622487696 -0.2499562642115982 0.3792600537773849

0.8562098064324964 -0.394463042770706 -0.3336220545121427
0.8613310371791341 -0.38977415405447596 -0.32586032778329244
0.8663681332152997 -0.38503413499290656 -0.3180486953900313
0.871318978294596 -0.38024428963439927 -0.3101894876750218
0.876181530495086 -0.3754059775162668 -0.30228509335451037
0.8809538261825975 -0.3705206118325906 -0.29433795599861823
0.88563398378788 -0.36558965744171945 -0.2863505703358302
0.8902202073812515 -0.36061462871965677 -0.27832547839438915
0.8947107900293305 -0.35559708726646516 -0.27026526549428653
0.8991041169195125 -0.3505386394736605 -0.2621725561044451
0.9033986682390289 -0.3454409339613634 -0.25405000958049534
0.9075930217966997 -0.34030565889471126 -0.24590031579925237
0.9116858553768571 -0.3351345391897103 -0.23772619070659626
0.9156759488163564 -0.32992933361931215 -0.22953037179593896
0.9195621857970866 -0.3246918318310296 -0.22131561353482201
0.9233435553479534 -0.31942385128785566 -0.21308468275743003
0.927019153051889 -0.3141272341446211 -0.20484035404091794
0.9305881819550523 -0.3088038440722032 -0.19658540508344172
0.9340499531770009 -0.303455563042193 -0.18832261210164875
0.9374038862222224 -0.29808428808473664 -0.18005474526512927

0.8562098064324964 -0.394463042770706 -0.3336220545121427
0.8515876903808192 -0.40442865224360075 -0.33352042041873026
0.8468528808630141 -0.4143659918962545 -0.33337819804817276
0.8420064687126495 -0.42427121559143144 -0.33319520144597375
0.837049673068682 -0.43414049106926733 -0.33297128829637546
0.8319838402150602 -0.44397000716725504 -0.33270636055974123
0.8268104420224625 -0.4537559810337962 -0.3324003649797597
0.8215310739948165 -0.46349466530406064 -0.33205329345693946
0.8161474529256542 -0.4731823552068218 -0.3316651832856327
0.8106614141717342 -0.48281539557111064 -0.33123611725262697
0.8050749085537187 -0.49239018770194287 -0.33076622359616314
0.799389998895979 -0.5019031960950322 -0.330255675825077
0.7936088562198115 -0.5113509549612925 -0.32970469239860223
0.7877337556064414 -0.5207300745330574 -0.3291135362682119
0.7817670717481741 -0.5300372471252753 -0.32848251428370595
0.7757112742078667 -0.5392692529264898 -0.32781197646656174
0.7695689224085719 -0.5484229654961349 -0.32710231515434834
0.7633426603766773 -0.5574953569465821 -0.3263539640207541
0.7570352112631598 -0.5664835027904167 -0.32556739697648335
0.7506493716686632 -0.5753845864356033 -0.3247431269569397

0.8562098064324964 -0.394463042770706 -0.3336220545121427
0.8556019171255076 -0.3889965339467008 -0.3415070365140512
0.8549137965904083 -0.38348531874925695 -0.3493728820374515
0.8541452789700283 -0.37793075124619685 -0.3572172863618131
0.853296265019692 -0.3723342275198723 -0.3650379529865677
0.8523667226827076 -0.36669718397150736 -0.37283259692589465
0.8513566875126255 -0.36102109552109624 -0.3805989479968083
0.8502662629396661 -0.3553074737079624 -0.3883347540896644
0.8490956203794257 -0.34955786469758177 -0.39603778441020693
0.8478449991826713 -0.3437738472007349 -0.4037058326823404
0.8465147064257689 -0.33795703031148266 -0.41133672030094515
0.8451051165420079 -0.33210905127085544 -0.41892829942424714
0.843616670794831 -0.32623157316350027 -0.4264784559955089
0.842049876594693 -0.3203262825548433 -0.4339851126841302
0.8404053066619922 -0.3143948870765914 -0.4414462317366184
0.8386835980392275 -0.30843911296862153 -0.44885981772832517
0.8368854509561984 -0.30246070258547625 -0.45622392020732594
0.8350116275527328 -0.29646141187581015 -0.46353663622235675
0.8330629504640464 -0.29044300784320554 -0.47079611272729255
0.8310403012744226 -0.2844072659967995 -0.4780005488552734

0.8192506528861572 -0.17127476962395058 0.5472598295470517
0.8143739336883804 -0.17578537848699227 0.553077387748856
0.8094270748795281 -0.18028827850959173 0.558859505675638
0.8044109854961397 -0.18478237188542732 0.5646046771445709
0.7993266266540102 -0.18926656312078177 0.5703114166894852
0.7941750106938053 -0.1937397603479312 0.5759782614385898
0.7889572002216054 -0.19820087663816974 0.5816037729574547
0.7836743070463508 -0.2026488313108299 0.5871865390519242
0.7783274910165544 -0.20708255123465155 0.5927251755257433
0.772917958759064 -0.2115009721178647 0.5982183278878372
0.7674469623230316 -0.21590303978337846 0.6036646730043496
0.7619157977326343 -0.22028771142551903 0.6090629206907533
0.7563258034524432 -0.2246539568448234 0.6144118152395676
0.7506783587696786 -0.22900075965747818 0.6197101368794605
0.7449748820979073 -0.23332711847609383 0.6249567031617885
0.7392168292070382 -0.23763204805861993 0.6301503702709048
0.7334056913847343 -0.24191458042233907 0.6352900342548775
0.7275429935346157 -0.24617376592002338 0.6403746321735767
0.7216302922168303 -0.25040867427549707 0.6454031431614198
0.7156691736367703 -0.2546183955760218 0.6503745894024111

0.8192506528861572 -0.17127476962395058 0.5472598295470517
0.82383375014364 -0.1755891051064822 0.5389493652396034
0.8283356195358335 -0.17989236086913932 0.5305646425357747
0.8327543337908235 -0.18418304655314743 0.5221080586574037
0.8370880380056974 -0.18845967676982484 0.5135820935932105
0.8413349532918306 -0.1927207736116987 0.5049893066075178
0.8454933802375858 -0.19696486916119335 0.4963323325058879
0.8495617021732856 -0.20119050798712274 0.4876138776699376
0.8535383882242582 -0.20539624961920008 0.4788367158749448
0.8574219961387989 -0.20958067099082928 0.4700036839051279
0.8612111748790431 -0.21374236884056103 0.46111767698265893
0.8649046669639789 -0.21787996206278318 0.45218164402753985
0.868501310555146 -0.22199209399846753 0.44319858276642676
0.8720000412769547 -0.22607743465711388 0.43417153470932157
0.8753998937650004 -0.23013468286140928 0.42510358001374743
0.8787000029372335 -0.23416256830656035 0.41599783225658915
0.8818996049843596 -0.23815985352674499 0.4068574331341997
0.8849980380773772 -0.2421253357616731 0.3976855471116474
0.8879947427916917 -0.24605784871682973 0.3884853560421076
0.8908892622487696 -0.2499562642115982 0.3792600537773849

0.8192506528861572 -0.17127476962395058 0.5472598295470517
0.8193471972913788 -0.16238618985179992 0.54981896623905
0.8193736212470449 -0.1534706460172385 0.5523347079584586
0.8193296268525938 -0.14453035152657084 0.554806218466588
0.819214969599558 -0.13556754760394035 0.5572326925267834
0.8190294590134587 -0.12658450053514775 0.5596133571425793
0.8187729591827095 -0.11758349884178215 0.5619474727332738
0.818445389172095 -0.10856685039376274 0.5642343342428892
0.8180467233188713 -0.09953687946870601 0.5664732721787413
0.817576991410016 -0.09049592376680361 0.5686636535761181
0.8170362787396566 -0.08144633139012326 0.5708048828858636
0.8164247260462105 -0.0723904577954226 0.5728964027819857
0.8157425293292855 -0.06333066272969502 0.5749376948867394
0.8149899395468915 -0.05426930715774573 0.5769282804109819
0.8141672621940291 -0.04520875019112433 0.5788677207079657
0.8132748567642213 -0.03615134602771757 0.5807556177390965
0.8123131360960381 -0.0270994409112322 0.5825916144505671
0.8112825656071546 -0.018055370119675312 0.5843753950601569
0.8101836624189304 -0.009021454991766858 0.5861066852538709
0.8090169943749485 -1.9815201452341857e-16 0.5877852522924718

0.7946544722917704 0.18759247408505575 0.5773502691896276
0.7988961174921926 0.19243661578146282 0.5698536148542698
0.8030666585526918 0.19727003733361984 0.5622886040917124
0.8071645138999958 0.20209124583927923 0.5546571696604232
0.8111881592240079 0.20689875253807505 0.5469613117332469
0.8151361301488844 0.2116910750624244 0.5392030953776287
0.8190070247735737 0.2164667396872335 0.5313846478594564
0.822799506071883 0.2212242835705607 0.5235081557784533
0.8265123041427476 0.2259622569773747 0.5155758620439257
0.8301442183020398 0.23067922547857775 0.5075900627005012
0.8336941190079896 0.23537377211754493 0.4995531036142706
0.8371609496130625 0.24004449953656318 0.4914673770304559
0.8405437279359724 0.24469003205573137 0.4833353180143813
0.8438415476483755 0.24930901769710817 0.47515940078809066
0.8470535794716945 0.25390013014716717 0.46694213497546083
0.8501790721804521 0.25846207065092947 0.4586860617690705
0.8532173534094432 0.26299356983150046 0.4503937500324234
0.8561678302630328 0.26749338942912604 0.4420677923513638
0.8590299897258369 0.2719603239543095 0.43371080104868914
0.8618033988749975 0.2763932022499853 0.42532540417602704

0.7946544722917704 0.18759247408505575 0.5773502691896276
0.7888354707867554 0.19243661578146282 0.5837009070878812
0.7829294860686151 0.19727003733361984 0.5900050442282052
0.7769378675668654 0.20209124583927923 0.5962605791898201
0.7708620465211997 0.20689875253807505 0.602465444180275
0.7647035344104464 0.21169107506242438 0.6086176083544463
0.7584639211734405 0.21646673968723354 0.614715081063893
0.7521448732262822 0.2212242835705607 0.6207559150246673
0.7457481312814721 0.2259622569773747 0.626738209391994
0.7392755079754151 0.23067922547857778 0.6326601127306
0.73272888531174 0.23537377211754493 0.6385198258699358
0.7261102119288088 0.24004449953656318 0.6443156046340499
0.7194215002006566 0.24469003205573137 0.6500457624364624
0.7126648231814204 0.2493090176971082 0.6557086727310367
0.7058423114040681 0.25390013014716717 0.6613027713105506
0.6989561495449217 0.25846207065092947 0.6668265584454258
0.6920085729660813 0.26299356983150046 0.6722786008558739
0.6850018641483812 0.26749338942912604 0.6776575335115523
0.677938349027968 0.2719603239543095 0.6829620612536981
0.6708203932499472 0.2763932022499853 0.688190960235591

0.7946544722917704 0.18759247408505575 0.5773502691896276
0.7961154231325702 0.177876711089834 0.5784117121067938
0.7975008809655558 0.16812724753973976 0.5794183061432159
0.7988100743267015 0.15834683231960908 0.5803694907974706
0.8000422957997814 0.14853825398091428 0.5812647521015845
0.8011969035149542 0.13870433685341205 0.5821036237098205
0.8022733224953751 0.12884793704336844 0.5828856878770484
0.8032710458458846 0.11897193833136095 0.5836105763223775
0.8041896357785415 0.10907924798324159 0.5842779709742505
0.8050287244705302 0.0991727924883542 0.5848876045937484
0.8057880147507568 0.08925551323951876 0.585439261273434
0.8064672806122796 0.07933036216963019 0.5859327768096525
0.8070663675485468 0.06940029735996048 0.5863680389468231
0.8075851927122794 0.05946827863540073 0.5867449874928741
0.8080237448966909 0.04953726316193276 0.5870636143055988
0.8083820843396042 0.039610201061577 0.5873239631503371
0.8086603423518751 0.02969003105992655 0.58752612943001
0.8088587207723785 0.0197796761811457 0.5876702597891442
0.8089774912526354 0.009882039504990597 0.5877565515941223
0.8090169943749485 -1.9815201452341857e-16 0.5877852522924718

0.3300993359125625 -0.21320612628728774 0.9195529218830498
0.3222241212475063 -0.21884617999107686 0.9210200677453155
0.3143049303945156 -0.22447446686081465 0.9224010106549384
0.3063438797895427 -0.23008928217768904 0.9236949439844554
0.2983431315598469 -0.2356889254593951 0.9249011332390396
0.2903048906632658 -0.2412717029828649 0.926018917623575
0.28223140190547696 -0.24683593030666018 0.9270477114410642
0.27412494684446315 -0.25237993478439336 0.927987005316209
0.26598784059200387 -0.25790205806051814 0.9288363672387897
0.25782242852256315 -0.2634006585398625 0.9295954434222957
0.249631082900438 -0.2688741138223617 0.9302639589741153
0.24141619943645884 -0.2743208230945834 0.930841718374486
0.23318019378589103 -0.27973920946982955 0.9313286057623106
0.2249254979994767 -0.2851277222688351 0.9317245850268594
0.21665455693977173 -0.29048483923337787 0.9320296997053203
0.20836982467507126 -0.295809068665443 0.9322440726870638
0.20007376086328388 -0.3010989514849699 0.9323679057264216
0.19176882713810256 -0.3063530631996269 0.9324014787666748
0.18345748350973393 -0.3115700157805149 0.932345149078819
0.17514218479228685 -0.3167484594381942 0.9321993502195307

0.3300993359125625 -0.21320612628728774 0.9195529218830498
0.33853474302120334 -0.21865442707928312 0.9151964102236188
0.34694684875730475 -0.2240876778701551 0.9107209214485729
0.3553324249312384 -0.22950379362146017 0.9061274063319374
0.3636882544542499 -0.23490069646463987 0.9014169492373926
0.37201113735017616 -0.24027631958389756 0.8965907672593137
0.38029789676321823 -0.24562861109652698 0.8916502089543095
0.3885453849359414 -0.25095553791401165 0.886596752664519
0.3967504891316087 -0.25625508956716975 0.8814320044363894
0.40491013747508664 -0.2615252819787056 0.8761576955410851
0.4130213046868905 -0.2667641611667427 0.8707756796051109
0.4210810176854722 -0.27196980686325517 0.8652879293620885
0.42908636103357234 -0.2771403360317848 0.8596965330389301
0.43703448220537605 -0.28227390626941506 0.8540036903918415
0.4449225966522952 -0.28736871907868383 0.8482117084096726
0.45274799264646576 -0.2924230229959237 0.842322996704068
0.4605080358824547 -0.29743511656343485 0.8363400626076571
0.46820017381923024 -0.3024033511338971 0.8302655060031288
0.4758219397461217 -0.30732613349651117 0.8241020139074547
0.4833709565582796 -0.3122019283155111 0.8178523548367458

0.3300993359125625 -0.21320612628728774 0.9195529218830498
0.3293750358290078 -0.20222130597199273 0.9222898834876275
0.32860660540122144 -0.1911860385231885 0.9249138325057614
0.32779407159249246 -0.18010437119220676 0.9274230221998351
0.32693751307206464 -0.16898042939814414 0.9298158296279282
0.32603706053197207 -0.1578184092787748 0.9320907599865951
0.3250928968369409 -0.14662256994689143 0.9342464505730461
0.3241052570048358 -0.1353972254846025 0.9362816743442653
0.32307442801618735 -0.12414673671012601 0.9381953430529487
0.3220007484524253 -0.11287550275336686 0.9399865099426974
0.32088460796354 -0.10158795247803015 0.941654371987624
0.3197264465669927 -0.09028853578918257 0.9431982716643884
0.31852675378079026 -0.07898171486601817 0.9446176982476534
0.3172860675947062 -0.0676719553601038 0.9459122886230137
0.31600497328466476 -0.05636371759956248 0.9470818276145494
0.31468410207630243 -0.04506144783950515 0.948126247827281
0.3133241296646528 -0.033769569598538836 0.9490456290079088
0.31192577459778076 -0.022492475120375208 0.9498401969302699
0.31048979653298925 -0.011234516998444122 0.9505103218149262
0.3090169943749485 -7.568733460868323e-17 0.9510565162951533

0.7946544722918623 0.18759247408444732 -0.577350269189699
0.7888354707868536 0.19243661578083798 -0.5837009070879547
0.7829294860687198 0.1972700373329787 -0.5900050442282807
0.7769378675669769 0.20209124583862184 -0.5962605791898977
0.7708620465213182 0.20689875253740145 -0.6024654441803549
0.7647035344105718 0.21169107506173468 -0.6086176083545285
0.7584639211735733 0.2164667396865278 -0.6147150810639777
0.7521448732264224 0.22122428356983911 -0.6207559150247547
0.74574813128162 0.2259622569766373 -0.6267382093920841
0.7392755079755706 0.2306792254778246 -0.6326601127306929
0.7327288853119034 0.23537377211677624 -0.6385198258700316
0.7261102119289802 0.24004449953577905 -0.6443156046341489
0.7194215002008363 0.24469003205493195 -0.6500457624365646
0.7126648231816083 0.24930901769629352 -0.6557086727311422
0.7058423114042642 0.25390013014633744 -0.6613027713106595
0.6989561495451266 0.258462070650085 -0.6668265584455385
0.6920085729662948 0.2629935698306413 -0.6722786008559902
0.6850018641486032 0.2674933894282523 -0.6776575335116727
0.6779383490281989 0.27196032395342146 -0.6829620612538224
0.6708203932501872 0.27639320224908315 -0.6881909602357197

0.7946544722918623 0.18759247408444732 -0.577350269189699
0.7988961174922882 0.19243661578083798 -0.5698536148543467
0.8030666585527914 0.19727003733297874 -0.5622886040917952
0.8071645139000996 0.20209124583862187 -0.5546571696605118
0.8111881592241158 0.20689875253740148 -0.5469613117333414
0.8151361301489968 0.21169107506173482 -0.5392030953777294
0.8190070247736907 0.21646673968652788 -0.5313846478595634
0.8227995060720049 0.2212242835698392 -0.5235081557785668
0.8265123041428745 0.22596225697663747 -0.5155758620440457
0.8301442183021717 0.23067922547782477 -0.5075900627006279
0.8336941190081267 0.2353737721167764 -0.49955310361440386
0.8371609496132051 0.24004449953577925 -0.491467377030596
0.8405437279361206 0.24469003205493212 -0.4833353180145283
0.8438415476485294 0.24930901769629374 -0.4751594007882447
0.8470535794718542 0.2539001301463377 -0.4669421349756218
0.8501790721806181 0.2584620706500852 -0.4586860617692386
0.8532173534096155 0.2629935698306416 -0.4503937500325986
0.8561678302632115 0.2674933894282526 -0.44206779235154636
0.8590299897260222 0.2719603239534218 -0.43371080104887894
0.8618033988751895 0.2763932022490835 -0.4253254041762241

0.7946544722918623 0.18759247408444732 -0.577350269189699
0.7961154231326525 0.177876711089256 -0.5784117121068582
0.7975008809656292 0.1681272475391926 -0.5794183061432736
0.7988100743267664 0.15834683231909302 -0.5803694907975219
0.8000422957998384 0.14853825398042964 -0.5812647521016299
0.8011969035150036 0.13870433685295905 -0.5821036237098605
0.8022733224954176 0.1288479370429473 -0.5828856878770831
0.8032710458459205 0.11897193833097183 -0.5836105763224073
0.8041896357785717 0.10907924798288471 -0.5842779709742758
0.8050287244705547 0.09917279248802967 -0.5848876045937696
0.8057880147507763 0.08925551323922666 -0.5854392612734516
0.8064672806122948 0.07933036216937062 -0.5859327768096667
0.8070663675485582 0.0694002973597335 -0.5863680389468343
0.8075851927122873 0.05946827863520636 -0.5867449874928828
0.8080237448966961 0.04953726316177096 -0.5870636143056052
0.8083820843396072 0.039610201061447754 -0.5873239631503416
0.8086603423518762 0.029690031059829796 -0.5875261294300131
0.8088587207723786 0.01977967618108133 -0.5876702597891464
0.8089774912526346 0.00988203950495849 -0.5877565515941239
0.8090169943749476 -1.981520145234184e-16 -0.587785252292473

0.9791596883794289 -0.20276519318802588 -0.01151438596375087
0.978111873440577 -0.2080555004429299 -0.0031736052064862256
0.9769655442034683 -0.2133341892630294 0.0051816146814524545
0.9757205740843253 -0.21859961269661768 0.013548824208884041
0.9743769241210847 -0.22385012822166342 0.021925552113432216
0.972934643643946 -0.22908410025404263 0.0303093089367513
0.9713938707302845 -0.234299902654888 0.038697590668483425
0.9697548324405144 -0.23949592122822444 0.04708788244669772
0.9680178448325468 -0.24467055620003675 0.05547766230219096
0.9661833127535457 -0.2498222246699527 0.06386440493373347
0.9642517294087793 -0.25494936302681187 0.07224558550112926
0.962223675708456 -0.2600504293195424 0.08061868342282567
0.9600998193945204 -0.2651239055749635 0.08898118616475703
0.9578809139504755 -0.2701683000543917 0.09733059300714181
0.9555677972983502 -0.27518214944122876 0.10566441877606828
0.95316139028797 -0.28016402095206966 0.11398019752690557
0.9506626949846858 -0.28511251436426444 0.12227548616685718
0.9480727927626689 -0.29002626395331266 0.13054786800433307
0.9453928422117822 -0.29490394033394973 0.13879495621325125
0.9426240768668833 -0.2997442521992991 0.14701439720088372

0.9791596883794289 -0.20276519318802588 -0.01151438596375087
0.9779190452696509 -0.20798553061457353 -0.02040490024157614
0.9765703589550969 -0.21319305020680435 -0.029309680206924513
0.9751135079605783 -0.21838596590813297 -0.03822586149699154
0.9735484759864028 -0.2235624971219197 -0.04715055445235072
0.9718753527387972 -0.22872087169382113 -0.056080848695941266
0.9700943344772456 -0.23385932889248504 -0.06501381780134445
0.9682057242740415 -0.23897612237708915 -0.07394652403317606
0.9662099319828503 -0.2440695231401918 -0.08287602314189017
0.9641074739146173 -0.2491378224144189 -0.09179936919487455
0.9618989722207225 -0.2541793345316415 -0.10071361942542587
0.9595851539848512 -0.2591923997235108 -0.10961583908102514
0.9571668500266217 -0.2641753868525071 -0.11850310625229599
0.9546449934215603 -0.2691266960630223 -0.1273725166641166
0.9520206177435325 -0.27404476134243705 -0.13622118841057443
0.9492948550372146 -0.2789280529826527 -0.14504626661579553
0.9464689335296015 -0.2837750799331145 -0.15384492800314561
0.9435441750909025 -0.2885843920369852 -0.16261438535588404
0.940521992456423 -0.2933545821428092 -0.1713518918530463
0.9374038862222224 -0.29808428808473664 -0.18005474526512927

0.9791596883794289 -0.20276519318802588 -0.01151438596375087
0.9812767504607007 -0.1922932623679257 -0.010919718548932237
0.9832852950313992 -0.18177863449001308 -0.010322626504938155
0.9851840124840426 -0.1712247612622695 -0.009723305843210768
0.9869717004298795 -0.16063515328456382 -0.009121955919473899
0.9886472666804745 -0.15001337436271242 -0.00851877911084674
0.9902097319327331 -0.13936303562508712 -0.007913980481744855
0.9916582321434773 -0.12868778946395354 -0.007307767439828186
0.9929920205813214 -0.11799132332492125 -0.0067003493833238245
0.9942104695453525 -0.10727735336892638 -0.006091937341110291
0.995313071741956 -0.09654961803203377 -0.005482743606999336
0.9962994413130462 -0.0858118715090337 -0.004872981369690253
0.9971693145109365 -0.07506787718730633 -0.004262864339900079
0.9979225500170997 -0.06432140105773267 -0.003652606376190329
0.9985591289040927 -0.05357620512954031 -0.0030424211110171642
0.9990791542419697 -0.04283604087588386 -0.00243252157852691
0.9994828503525105 -0.03210464273667574 -0.0018231198456026142
0.9997705617165801 -0.021385721704707653 -0.0012144266476404291
0.9999427515418545 -0.010682959020440561 -0.0006066510304969259
1.0 -2.449293598294707e-16 -7.295984817955646e-16

0.7274028208655107 0.6592672958479677 0.19039897274461848
0.7327814614323896 0.6521084910463805 0.1943858165767864
0.7380983953899609 0.6448750777031713 0.19836051240126867
0.7433517747146515 0.637568830160688 0.20232183726950959
0.7485397985928197 0.6301915939582465 0.2062685745017536
0.7536607163853356 0.622745283606763 0.2101995155157951
0.7587128304893064 0.6152318801818814 0.21411346164772602
0.7636944990863036 0.607653428742362 0.21800922595837774
0.7686041387669107 0.6000120355813807 0.2218856350191769
0.7734402270219355 0.5923098653192305 0.2257415306711902
0.778201304591224 0.5845491378467182 0.22957577175123556
0.7828859776616611 0.5767321251292924 0.2333872357790705
0.7874929199066454 0.5688611478826249 0.23717482059984388
0.7920208743600808 0.5609385721309914 0.24093744597620673
0.7964686551187192 0.5529668056603432 0.24467405512472065
0.8008351488675192 0.5449482943784496 0.24838361619148128
0.8051193162235516 0.5368855185948783 0.25206512366217854
0.8093201928948606 0.528780989233913 0.2557175997021518
0.8134368906515912 0.5206372439937377 0.25934009542235587
0.8174685981076025 0.5124568434653727 0.2629316920675359

0.7274028208655107 0.6592672958479677 0.19039897274461848
0.727297832438004 0.6618691753091493 0.18156832792799382
0.727130910478469 0.6644186122587881 0.17270942855229138
0.7269018435160726 0.6669147325379131 0.16382444694495008
0.7266104669525163 0.6693566995222321 0.1549155838505304
0.7262566635554973 0.671743715428158 0.14598506575677814
0.7258403638536747 0.6740750225431229 0.1370351421506678
0.7253615464312367 0.6763499043759134 0.12806808271219491
0.7248202381205834 0.6785676867230942 0.11908617445400473
0.7242165140920511 0.6807277386478903 0.11009171881521129
0.7235504978400399 0.6828294733682766 0.10108702871799326
0.7228223610653352 0.6848723490513763 0.09207442559573227
0.722032323453852 0.6868558695116713 0.08305623640159651
0.72118065235247 0.6887795848109239 0.07403479060655965
0.7202676623430512 0.6906430917581271 0.06501241719588433
0.7192937147161689 0.6924460343082223 0.0559914416730892
0.7182592168464831 0.6941881038587521 0.04697418308036053
0.7171646214721071 0.6958690394440468 0.037962951044262554
0.7160104258806962 0.6974886278269737 0.028960042855447333
0.7147971710053617 0.6990467034887066 0.019967740590865618

0.7274028208655107 0.6592672958479677 0.19039897274461848
0.7219652830943848 0.6638178466726601 0.1952229403664377
0.7164677003350906 0.6683252154493666 0.200038598203208
0.7109110883668717 0.6727882402017132 0.20484483953302754
0.7052965056449025 0.6772057845643865 0.20964056019201982
0.6996250523374761 0.6815767391875575 0.2144246598230717
0.6938978692812363 0.6859000230980655 0.21919604312357782
0.6881161368566705 0.6901745850135386 0.2239536210889249
0.6822810737863841 0.6943994046057768 0.22869631224845144
0.6763939358589708 0.6985734937098925 0.2334230438906261
0.670456014581571 0.7026958974758838 0.23813275327421585
0.6644686357644831 0.7067656954595222 0.24282438882226104
0.6584331580414432 0.7107820026496499 0.24749691129572735
0.6523509713294223 0.714743970429211 0.25214929494378163
0.6462234952320168 0.7186507874675875 0.25678052862772144
0.6400521773906926 0.7225016805420604 0.26138961691569135
0.6338384917883418 0.7262959152864829 0.265975581145432
0.6275839370097447 0.7300327968655226 0.2705374604524326
0.6212900344636855 0.7337116705731056 0.2750743127609973
0.6149583265715671 0.7373319223539809 0.27958521573588413

0.7209662867132751 -0.6529153660280351 0.23218341505660675
0.7172686611372897 -0.6545044244378205 0.23905987982435953
0.7135214112719895 -0.656053590697753 0.24592861116391765
0.7097251068567865 -0.6575624437717951 0.2527882616696986
0.7058803474275726 -0.6590305845439284 0.25963748525822966
0.7019877618721408 -0.6604576363009836 0.26647493847163195
0.698048007936854 -0.6618432451816958 0.2732992817823561
0.6940617716854123 -0.6631870805907953 0.2801091808962437
0.6900297669107212 -0.6644888355770487 0.28690330805097713
0.6859527345010111 -0.6657482271742671 0.2936803433069805
0.6818314417615132 -0.6669649967044192 0.30043897582785484
0.6776666816931314 -0.6681389100420987 0.307177905147451
0.6734592722296936 -0.6692697578397181 0.3138958424207252
0.6692100554354911 -0.6703573557129238 0.3205915116555703
0.6649198966649439 -0.6714015443858526 0.32726365092287935
0.6605896836863413 -0.6724021897959759 0.33391101354216507
0.6562203257717176 -0.6733591831584038 0.3405323692401474
0.6518127527550235 -0.6742724409896531 0.3471265052798092
0.6473679140608419 -0.6751419050910036 0.3536922275575259
0.642886777705979 -0.6759675424916974 0.36022836166598304

0.7209662867132751 -0.6529153660280351 0.23218341505660675
0.719013596672135 -0.6569612385580893 0.22676282506800255
0.7170235701744881 -0.6609779331907993 0.22132639166861712
0.7149964164953898 -0.6649647773158618 0.21587489276897717
0.7129323619995659 -0.6689211101724823 0.2104091147724679
0.7108316500311246 -0.6728462833866777 0.20492985201469135
0.7086945407817606 -0.6767396614948993 0.1994379061911211
0.7065213111375954 -0.6806006224530018 0.19393408577400617
0.7043122545048437 -0.6844285581296162 0.18841920541950835
0.7020676806145534 -0.6882228747830207 0.18289408536608256
0.6997879153067191 -0.6919829935206371 0.1773595508251354
0.6974733002941137 -0.6957083507403284 0.17181643136501581
0.6951241929062385 -0.6993983985527124 0.16626556028941147
0.6927409658138428 -0.7030526051837499 0.16070777401123634
0.6903240067345014 -0.7066704553569243 0.15514391142310763
0.6878737181197975 -0.7102514506543661 0.14957481326551522
0.6853905168246891 -0.7137951098563418 0.14400132149379294
0.6828748337596918 -0.7173009692585708 0.13842427864499843
0.6803271135265406 -0.7207685829668985 0.1328445272058085
0.6777478140380365 -0.7241975231688993 0.1272629089825263

0.7209662867132751 -0.6529153660280351 0.23218341505660675
0.7265314669116522 -0.6472597961000102 0.23066595747915628
0.7320553684556345 -0.6415556009273494 0.22913172725319597
0.7375367663698846 -0.6358037573536418 0.2275809754519153
0.7429744571211889 -0.6300052732353948 0.22601396364178522
0.74836725991014 -0.6241611865856801 0.22443096367155937
0.7537140179310308 -0.6182725646645697 0.22283225744347968
0.7590135995968675 -0.6123405030181618 0.22121813666711568
0.7642648997265072 -0.6063661244681896 0.21958890259632852
0.7694668406910411 -0.6003505780543604 0.2179448657499034
0.7746183735166564 -0.594295037931742 0.21628634561645174
0.7797184789413565 -0.5882007022256546 0.21461367034423554
0.784766168423052 -0.5820687918466766 0.2129271764166151
0.7897604850967008 -0.575900549268494 0.2112272083138693
0.7947005046783364 -0.5696972372714485 0.2095141181621809
0.7995853363139978 -0.5634601376547415 0.20778826537061953
0.8044141233717577 -0.5571905499203484 0.20605001625699074
0.8091860441752364 -0.5508897899317781 0.2042997436634557
0.8139003126771774 -0.5445591885508767 0.20253782656285083
0.818556179071869 -0.5382000902559372 0.20076464965666554

0.5999318736330987 -0.3826637749991449 0.7026024354515742
0.5942689126066901 -0.3792563700788772 0.7092313199964141
0.5885452548549636 -0.3758105395978363 0.715807880170992
0.582762171642945 -0.37232704089010776 0.7223301363808758
0.5769209864727362 -0.36880666420753194 0.7287961442018184
0.5710230736379144 -0.3652502318672489 0.7352039971967168
0.5650698566572684 -0.3616585973234131 0.7415518296649234
0.5590628065918569 -0.35803264416541214 0.7478378193148294
0.5530034402499142 -0.35437328504525617 0.7540601898509118
0.5468933182846375 -0.3506814605371271 0.7602172134667601
0.54073404319038 -0.3469581379323871 0.7663072132359677
0.5345272572032331 -0.34320430997363466 0.7723285653931945
0.5282746401124084 -0.3394209935316702 0.778279701498169
0.5219779069892201 -0.33560922822948347 0.7841591104759056
0.515638805840826 -0.3317700750176009 0.7899653405269514
0.5092591151961974 -0.3279046147053392 0.7956970009020576
0.5028406416320567 -0.3240139464526822 0.8013527635362719
0.49638521724675116 -0.3200991862276539 0.806931364538081
0.48989469709021266 -0.31616146523417804 0.8124316055298848
0.4833709565582796 -0.3122019283155111 0.8178523548367458

0.5999318736330987 -0.3826637749991449 0.7026024354515742
0.5989322985213976 -0.3923030627333281 0.6981249234613572
0.5978623079887191 -0.40191639729780826 0.6935588441289984
0.5967218851295096 -0.4115002774011861 0.6889053008260505
0.5955110857748002 -0.4210512139123709 0.6841654931244615
0.5942300389823253 -0.4305657360559623 0.679340715477625
0.5928789473192098 -0.44004039760166413 0.6744323556178449
0.5914580869340557 -0.44947178302243335 0.6694418926739957
0.5899678074164356 -0.45885651359601753 0.6643708950147885
0.5884085314429813 -0.46819125342466617 0.6592210178246397
0.5867807542104697 -0.47747271534812596 0.6539940004207072
0.5850850426575188 -0.48669766672553233 0.648691663321159
0.5833220344777139 -0.4958629350624977 0.6433159050761811
0.5814924369281643 -0.504965413460555 0.6378686988745846
0.5795970254386619 -0.5140020658671448 0.632352088940143
0.5776366420277166 -0.5229699321055147 0.6267681867329397
0.5756121935328234 -0.531866132665234 0.6211191669720547
0.5735246496633165 -0.5406878732354828 0.6154072634968332
0.571375040885104 -0.5494324489648587 0.6096347649847601
0.5691644561474455 -0.5580972484331214 0.6038040105446151

0.5999318736330987 -0.3826637749991449 0.7026024354515742
0.6065152180695744 -0.3762296815087852 0.7004216708539325
0.6130542627370423 -0.36975196478084793 0.6981747313392572
0.6195470301533326 -0.36323220372704546 0.6958619429195562
0.6259915722640532 -0.3566720177896479 0.6934836863115379
0.6323859732893691 -0.35007306498615803 0.6910403967627757
0.6387283525147526 -0.3434370398552853 0.68853256375369
0.6450168670163887 -0.33676567131001883 0.685960730575355
0.6512497143121373 -0.33006072040404666 0.6833254937836881
0.6574251349292348 -0.32332397801819296 0.6806275025311338
0.6635414148802516 -0.31655726247392896 0.6778674577774964
0.6695968880391979 -0.30976241708135893 0.6750461113821307
0.6755899384101016 -0.3029413076293902 0.6721642650802185
0.6815190022808559 -0.2960958198260565 0.6692227693463831
0.6873825702556442 -0.2892278566971804 0.6662225221493938
0.6931791891598093 -0.28233933595173066 0.6631644676021816
0.698907463811607 -0.27543218732235153 0.6600495945118459
0.7045660586559137 -0.26850834988961086 0.6568789348347456
0.7101536992555766 -0.26156976939854193 0.6536535620421674
0.7156691736367703 -0.2546183955760218 0.6503745894024111

0.8919206175032741 0.34863376847583005 0.287979352646886
0.8960271222058042 0.34320050082059667 0.2816892126228419
0.9000624945905753 0.33772966369771945 0.2753655390385951
0.9040253808194336 0.3322225338714191 0.2690098489318407
0.9079144781548627 0.32668042135818387 0.262623690207153
0.9117285369779826 0.32110466791161457 0.2562086397945221
0.9154663627028511 0.31549664542984657 0.24976630173449246
0.919126817580457 0.30985775428985524 0.24329830519522505
0.9227088223862177 0.3041894216132931 0.23680630242713066
0.9262113579852579 0.2984930994688226 0.23029196666101961
0.9296334667702445 0.29277026301620246 0.2237569899559797
0.9329742539670768 0.28702240859764827 0.21720308100342686
0.936232888804289 0.28125105178222487 0.21063196289397307
0.9394086055426026 0.27545772536923036 0.2040453708539169
0.9425007043616601 0.2696439773567046 0.1974450499582902
0.9455085521015899 0.26381136888133055 0.19083275282747864
0.9484315828576758 0.2579614721361016 0.18421023731448508
0.9512692984270328 0.25209586827219205 0.17757926418991163
0.9540212686068296 0.2462161452915041 0.17094159483171023
0.9566871313442246 0.2403238959363567 0.1642989889266815

0.8919206175032741 0.34863376847583005 0.287979352646886
0.8887337537258816 0.3575503943725331 0.2868972472373172
0.8854610092969398 0.3664483594044799 0.2857873351018373
0.8821029126426955 0.37532511526418794 0.2846498012632315
0.8786600646043533 0.38417812052158046 0.28348485423736447
0.8751331380700891 0.3930048441920198 0.28229272589495574
0.8715228774396813 0.4018027693018499 0.28107367126898036
0.8678300979222003 0.41056939643989043 0.27982796830790213
0.8640556846679562 0.41930224728331117 0.278555917575187
0.8602005917366526 0.4279988680863549 0.2772578418957913
0.856265840904449 0.4366568331205008 0.2759340859505619
0.8522525203133632 0.4452737480548378 0.2745850158197227
0.8481617829671706 0.4538472532656665 0.27321101847685464
0.8439948450786462 0.46237502706466055 0.2718125012349993
0.8397529842736656 0.4708547888352942 0.2703898911467348
0.8354375376583174 0.47928430206767314 0.2689436343602706
0.8310498997557699 0.4876613772823962 0.26747419543380463
0.8265915203201978 0.4959838748346166 0.2659820566105604
0.8220639020355743 0.5042497075900579 0.2644677170570852
0.8174685981076025 0.5124568434653727 0.2629316920675359

0.8919206175032741 0.34863376847583005 0.287979352646886
0.8908907089088625 0.34504666846481985 0.2953921822953226
0.8897981148145225 0.341431531508173 0.30279336875913426
0.8886428549060167 0.3377890207622522 0.31018132419113004
0.8874249879651825 0.33411981851319295 0.31755446400847
0.8861446119983392 0.33042462555551705 0.32491120856752437
0.8848018642972463 0.3267041605358255 0.33224998483777074
0.8833969214320766 0.32295915926297003 0.3395692280706321
0.881929999176086 0.3191903739862255 0.3468673834591574
0.8804013523619012 0.3153985726431007 0.35414290778445656
0.8788112746695727 0.3115845380785329 0.36139427104483546
0.8771600983467813 0.30774906723731504 0.36861995806362347
0.8754481938618087 0.3038929703316984 0.37581847007175484
0.8736759694901227 0.3000170699861965 0.38298832626124757
0.8718438708356439 0.2961222003616982 0.3901280653058266
0.8699523802879894 0.29220920626105823 0.39723624684505277
0.8680020164171989 0.2882789422183981 0.4043114529284549
0.8659933333076573 0.28433227157439256 0.4113522894163086
0.863926919833128 0.28037006553985805 0.4183573873338676
0.8618033988749975 0.2763932022499853 0.42532540417602704

0.9865698492943951 0.16332301321775772 0.002350705576405709
0.9858491319468113 0.16752504217841444 -0.006070361013901655
0.9850392818878412 0.1717185322369594 -0.014503752075610814
0.984140133866864 0.17590230693531017 -0.022947229186697674
0.9831515940116501 0.1800751928684897 -0.03139853668131581
0.982073640405557 0.18423602129911082 -0.03985540460778316
0.980906323506368 0.18838362977088616 -0.04831555173612498
0.9796497664042377 0.1925168637160364 -0.056776688606006036
0.97830416491692 0.1966345780514638 -0.0652365206056431
0.9768697875211482 0.20073563875857378 -0.07369275107209744
0.9753469751197672 0.20481892444168143 -0.08214308440321029
0.9737361406449372 0.20888332786001562 -0.09058522917136168
0.9720377684984572 0.21292775742844156 -0.09901690122920652
0.9702524138309768 0.2169511386821587 -0.10743582679757095
0.9683807016625783 0.2209524157007925 -0.11583974552577671
0.9664233258479038 0.22493055248748609 -0.12422641351480246
0.9643810478896806 0.2288845342988122 -0.13259360629388434
0.9622546956051479 0.23281336892155852 -0.14093912174140505
0.9600451616505089 0.23671608789269702 -0.14926078294121722
0.9577534019091192 0.24059174765912184 -0.1575564409658924

0.9865698492943951 0.16332301321775772 0.002350705576405709
0.985809662751117 0.1675137703382934 0.010883270353094245
0.9849584259772559 0.17169579476611557 0.019428153696079236
0.9840159732921775 0.17586788747136803 0.027983038830813385
0.982982213466885 0.18002885262487986 0.03654559112003564
0.9818571303294665 0.1841774992789199 0.04511346119007656
0.9806407832019054 0.18831264304686587 0.05368428810981191
0.9793333071655329 0.1924331077763383 0.06225570261237246
0.9779349131531633 0.19653772721033977 0.07082533034945362
0.9764458878667167 0.20062534663096235 0.07939079516786285
0.9748665935199226 0.20469482448028048 0.08794972239779514
0.9731974674064803 0.20874503395313124 0.09649974214223957
0.9714390212948492 0.2127748645566026 0.10503849255689506
0.9695918406516193 0.21678322363119523 0.11356362311000844
0.9676565836961903 0.22076903782880103 0.12207279781164651
0.9656339802902402 0.22473125454284573 0.13056369840207077
0.9635248306661969 0.2286688432861728 0.13903402748910257
0.9613300039996364 0.23258079701250117 0.14748151162463946
0.9590504368311953 0.2364661333775672 0.15590390431081588
0.9566871313442246 0.2403238959363567 0.1642989889266815

0.9865698492943951 0.16332301321775772 0.002350705576405709
0.9879384914351649 0.1548307819232459 0.0022284770241224727
0.9892356155155991 0.14631630825478772 0.00210592833769869
0.9904606732137858 0.13778142903523466 0.001983085954496948
0.9916131626092337 0.12922800094085535 0.001859976597629763
0.9926926289904143 0.12065789851436745 0.001736627247361169
0.993698665578224 0.1120730121349553 0.0016130651118892178
0.9946309141629424 0.10347524595033923 0.001489317597582286
0.9954890656525598 0.09486651577612878 0.0013654122787444961
0.9962728605306641 0.08624874696783703 0.001241376866987653
0.9969820892223998 0.07762387227105332 0.0011172391802888146
0.997616592367349 0.06899382965536634 0.0009930271118139794
0.99817626099852 0.06036056013769779 0.0008687685985893619
0.9986610366269747 0.05172600560074849 0.0007444915901023223
0.9990709112319732 0.04309210661227394 0.0006202240169142332
0.9994059271568578 0.034460800250894576 0.0004959937593674006
0.9996661769112444 0.0258340179441063 0.00037182861646758395
0.9998518028804299 0.01721368332409248 0.000247756275022731
0.9999629969432561 0.008601710106846771 0.0001238042791172258
1.0 -2.449293598294707e-16 -7.295984817955646e-16

0.8931185318080079 0.349102009000356 -0.2836671913581545
0.8899517031080562 0.35804475976101924 -0.28247108903876206
0.8866983456681735 0.3669687225936643 -0.28124722296815385
0.8833589831886476 0.3758713242835509 -0.27999581139947155
0.8799342127864386 0.3847499985602369 -0.27871709631059277
0.8764247046363767 0.3936021897246615 -0.2774113432197604
0.8728312014415822 0.4024253562737884 -0.2760788409457678
0.8691545177335146 0.4112169745109843 -0.2747199013130543
0.8653955390028178 0.4199745421302861 -0.27333485880231045
0.8615552206629198 0.42869558176276035 -0.27192407014745146
0.8576345868490985 0.4373776444732761 -0.2704879138800557
0.8536347290564937 0.44601831319620105 -0.2690267898226162
0.8495568046212746 0.4546152060987828 -0.2675411185321815
0.8454020350498952 0.4631659798613042 -0.2660313406961926
0.8411717042020516 0.4716683328634784 -0.2644979164825371
0.8368671563336072 0.48012000826700424 -0.2629413248460455
0.8324897940063717 0.4885187969846965 -0.26136206279384455
0.8280410758721828 0.4968625405271703 -0.2597606446121584
0.8235225143392686 0.5051491337186559 -0.258137601057306
0.8189356731293398 0.5133765272741767 -0.25649347851378534

0.8931185318080079 0.349102009000356 -0.2836671913581545
0.8972332288726013 0.34366398748067384 -0.2772500617055473
0.9012752634638459 0.3381875884608974 -0.2707989189032664
0.9052432457448223 0.3326741129358747 -0.2643153431333646
0.909135839114493 0.3271248965474657 -0.25780094665535375
0.9129517623255633 0.3215413080126609 -0.2512573718483805
0.9166897914921688 0.3159247474694111 -0.2446862891754111
0.9203487619803066 0.31027664474471967 -0.2380893950752025
0.9239275701743833 0.3045984575499169 -0.23146840978818536
0.9274251751137556 0.29889166960838304 -0.224825075122712
0.9308405999936787 0.29315778872130066 -0.218161152168404
0.9341729335256531 0.28739834477730586 -0.21147841896359193
0.9374213311527572 0.2816148877121632 -0.20477866812404683
0.9405850161161886 0.2758089854248101 -0.19806370444037993
0.9436632803698835 0.2699822216563026 -0.19133534245161815
0.9466554853407486 0.2641361938383433 -0.18459540400255056
0.9495610625327227 0.25827251091818415 -0.17784571579249028
0.9523795139735619 0.25239279116676866 -0.17108810692309942
0.9551104125039388 0.24649865997701323 -0.16432440645288457
0.9577534019091192 0.24059174765912184 -0.1575564409658924

0.8931185318080079 0.349102009000356 -0.2836671913581545
0.8920562234070183 0.34550213767097254 -0.29131420690655674
0.890927742933289 0.34187267585136727 -0.2989495448700686
0.8897331068596083 0.33821432039742444 -0.3065714794889721
0.8884723751382136 0.33452778943366973 -0.3141782880991043
0.8871456513572602 0.3308138216695254 -0.32176825304915635
0.8857530828182768 0.32707317567466576 -0.32933966361798594
0.8842948605339234 0.3233066291150896 -0.33689081792700576
0.8827712191456506 0.31951497795167294 -0.3444200248426967
0.8811824367611403 0.31569903560311224 -0.35192560586431326
0.8795288347117012 0.3118596320752999 -0.35940589699187697
0.8778107772300765 0.3079976130593017 -0.36685925056961777
0.8760286710494115 0.30411383900022154 -0.37428403710010044
0.8741829649244086 0.3002091841393442 -0.3816786470243778
0.8722741490759817 0.2962845355320427 -0.3890414924636365
0.870302754560989 0.2923407920440192 -0.3963710089179462
0.8682693525688912 0.2883788633285186 -0.40366565691788825
0.8661745536474369 0.2843996687872167 -0.41092392362502433
0.8640190068597209 0.28040413651752344 -0.4181443243773657
0.8618033988751895 0.2763932022490835 -0.4253254041762241

0.5510761861484382 -0.6658904714413051 0.5028965272337526
0.5444837770589372 -0.6701028631276765 0.5044795033970397
0.5378494373679584 -0.6742770837490935 0.5060320118863909
0.5311743209598802 -0.6784122083589804 0.5075536585448889
0.5244596085470534 -0.6825073318485391 0.509044065848586
0.5177065066480274 -0.6865615699114852 0.5105028733464413
0.5109162465201129 -0.6905740599794782 0.5119297380747276
0.5040900830484475 -0.6945439621259757 0.5133243349448384
0.4972292935938743 -0.6984704599363283 0.5146863571034993
0.4903351768020849 -0.7023527613420345 0.51601551626447
0.4834090513766052 -0.7061900994171737 0.5173115430109143
0.47645225481832665 -0.7099817331351572 0.5185741870677048
0.4694661421343895 -0.7137269480840565 0.5198032175430158
0.46245208451932696 -0.7174250571388963 0.52099842313867
0.4554114680114633 -0.7210754010894409 0.5221596123287838
0.44834569212763187 -0.7246773492221384 0.5232866135063744
0.44125616847934196 -0.7282302998550408 0.5243792750976795
0.4341443193735716 -0.7317336808246653 0.5254374656440527
0.4270115764013981 -0.7351869499239162 0.5264610738513931
0.4198593790177003 -0.7385895952903508 0.5274500086071732

0.5510761861484382 -0.6658904714413051 0.5028965272337526
0.5563090779107588 -0.666901267652533 0.49574480233031776
0.5615047561362179 -0.6678602797213904 0.48854381134845304
0.5666618188848289 -0.6687670757031816 0.4812951085078182
0.5717788869343702 -0.6696212596809648 0.4740002880161265
0.5768546055792307 -0.6704224724476967 0.46666098236208636
0.5818876463895456 -0.6711703921183433 0.45927886052260714
0.5868767089253727 -0.671864734669756 0.45185562608875596
0.5918205224008203 -0.6725052544063779 0.4443930153153097
0.5967178472931932 -0.6730917443501332 0.4368927950990634
0.6015674768924338 -0.6736240365531412 0.4293567608913634
0.6063682387863475 -0.6741020023321991 0.42178673455060556
0.6111189962773549 -0.6745255524242832 0.4141845621406884
0.6158186497267766 -0.6748946370626326 0.40655211168162325
0.6204661378229451 -0.6752092459732867 0.3988912708586939
0.6250604387697469 -0.6754694082922691 0.39120394469670605
0.6296005713925176 -0.6756751924039169 0.3834920532059892
0.6340855961585516 -0.6758267057011623 0.3757575290068966
0.6385146161098366 -0.6759240942688791 0.3680023149395986
0.642886777705979 -0.6759675424916974 0.36022836166598304

0.5510761861484382 -0.6658904714413051 0.5028965272337526
0.5523330008566006 -0.6605816805703247 0.5084880524256473
0.5535573667497445 -0.6552269717355352 0.5140543329526257
0.5547489613522538 -0.6498272009568484 0.5195942636088116
0.5559074793706287 -0.6443832514846403 0.5251067506573086
0.5570326330501594 -0.6388960330987702 0.5305907128925851
0.558124152506103 -0.6333664813640543 0.5360450826878848
0.5591817860285166 -0.6277955568435727 0.5414688070253231
0.560205300359974 -0.6221842442713315 0.5468608485063668
0.5611944809454712 -0.6165335516859265 0.552220186340449
0.5621491321539152 -0.6108445095269756 0.5575458173095273
0.5630690774706612 -0.6051181696962071 0.5628367567064635
0.5639541596606632 -0.5993556045851992 0.5680920392451785
0.5648042409018854 -0.593557906071864 0.5733107199406177
0.5656192028887108 -0.5877261844878677 0.5784918749566602
0.5663989469051783 -0.5818615675592623 0.5836346024201983
0.5671433938679659 -0.5759651993226756 0.5887380231997215
0.5678524843391344 -0.5700382390194777 0.5938012816468535
0.5685261785087307 -0.5640818599704001 0.5988235462994027
0.5691644561474455 -0.5580972484331214 0.6038040105446151

0.22056364019557217 -0.9617246617955676 0.16259568111693296
0.22833036258042694 -0.9608647973660684 0.15685689881721795
0.23608809720569893 -0.9599130110887735 0.15109408161895835
0.2438345768639431 -0.9588691565869272 0.14530877355430682
0.25156753419361305 -0.9577331652576621 0.13950254444018212
0.2592847049333058 -0.9565050468876055 0.13367698779591097
0.2669838311889122 -0.9551848900862876 0.12783371869165522
0.27466266470282946 -0.9537728625344499 0.1219743715342796
0.2823189701143043 -0.9522692110451881 0.11610059779765858
0.2899505281999484 -0.9506742614367253 0.11021406370471953
0.297555139083511 -0.9489884182164883 0.10431644786878115
0.30513062540409885 -0.9472121640770377 0.09840943890196052
0.31267483543220864 -0.945346059205284 0.09249473299859202
0.3201856461231703 -0.9433907404072962 0.08657403150172323
0.3276609660979029 -0.9413469200518653 0.08064903846082659
0.3350987385412408 -0.9392153848368301 0.07472145818889084
0.3424969440085046 -0.9369969943829786 0.06879299282703044
0.3498536031314644 -0.9346926796611205 0.06286533992468042
0.35716677921535794 -0.9323034412586699 0.05694019004332136
0.3644345807191958 -0.9298303474927629 0.05101922439151347

0.22056364019557217 -0.9617246617955676 0.16259568111693296
0.22021744881519445 -0.9602162494956269 0.17172370087404715
0.21985183093198346 -0.9586231332302113 0.1808503825590291
0.21946680130936488 -0.9569453770940528 0.1899733359747019
0.21906238983402254 -0.9551831111218554 0.19909016446771072
0.21863864156844295 -0.9533365315177594 0.20819846802220707
0.21819561677094496 -0.9514059007430361 0.21729584637833987
0.21773339088289617 -0.9493915474607133 0.22637990216622172
0.2172520544829579 -0.947293866336435 0.23544824404591017
0.2167517132083354 -0.9451133176954606 0.24449848984386516
0.21623248764315517 -0.9428504270363268 0.2535282696763201
0.21569451317422722 -0.9405057844022983 0.262535229050028
0.21513793981459256 -0.9380800436123525 0.27151703193092613
0.2145629319953914 -0.9355739213540307 0.2804713637713896
0.21396966832672368 -0.9329881961410809 0.28939593448693074
0.2133583413283022 -0.9303237071393861 0.29828848137342756
0.21272915713082605 -0.9275813528652163 0.30714677195624773
0.21208233514912114 -0.9247620897603722 0.31596860676295857
0.2114181077282087 -0.921866930649276 0.3247518220116807
0.2107367197635688 -0.9188969430835394 0.3334942922075545

0.22056364019557217 -0.9617246617955676 0.16259568111693296
0.21302423264218437 -0.9639912677900419 0.1591901753619127
0.2054596227074113 -0.966189667186806 0.1557686440153388
0.19787141333020206 -0.9683191249954793 0.15233179561305518
0.19026122852929475 -0.9703789496516543 0.14888035126058688
0.18263071169472744 -0.9723684940165426 0.1454150438911951
0.17498152383514992 -0.9742871562991272 0.14193661749840655
0.16731534178523808 -0.9761343808979258 0.13844582634486338
0.15963385637768565 -0.9779096591597535 0.13494343414943621
0.15193877058439456 -0.9796125300531557 0.13143021325463106
0.1442317976316169 -0.9812425807544907 0.12790694377640002
0.136514659093908 -0.9827994471449495 0.12437441273853612
0.12878908297183483 -0.9842828142171275 0.12083341319389072
0.12105680175844565 -0.9856924163900873 0.11728474333470301
0.11331955049954584 -0.9870280377321887 0.11372920559436807
0.10557906485283933 -0.9882895120912977 0.1101676057429986
0.09783707915098483 -0.9894767231323248 0.1066007519791507
0.0900953244735855 -0.9905896042823795 0.10302945402009094
0.08235552673307298 -0.9916281385841597 0.09945452219297428
0.07461940477936937 -0.9925923584585271 0.09587676652928732

0.23317493272888964 0.10474335475773597 0.9667772651345153
0.23939887601483603 0.1075391814444317 0.9649474092493823
0.24561616335795303 0.11033201824806897 0.9630677785320341
0.25182583929258523 0.11312143596866074 0.9611385370429039
0.25802694962030664 0.11590700597546577 0.9591598715727442
0.26421854213551343 0.11868830053292874 0.9571319915813017
0.2703996673508956 0.12146489312656542 0.9550551291073606
0.2765693792215062 0.12423635878821848 0.9529295386501961
0.2827267358661478 0.1270022744201079 0.9507554970225485
0.2888708002847969 0.1297622191171015 0.9485333031752898
0.29500064107079443 0.1325157744866347 0.9462632779940411
0.30111533311653954 0.13526252496571153 0.9439457640680504
0.30721395831144155 0.1380020581344283 0.9415811254317271
0.31329560623089997 0.14073396502546676 0.9391697472792783
0.3193593748151078 0.14345784042901608 0.9367120356529782
0.3254043710364984 0.14617328319259337 0.9342084171056472
0.33142971155468637 0.14887989651524636 0.931659338337993
0.3374345233577871 0.1515772882356373 0.9290652658115218
0.3434179443890346 0.154265071113523 0.9264266853377819
0.34937912415766126 0.15694286310416497 0.9237441016447644

0.23317493272888964 0.10474335475773597 0.9667772651345153
0.22320191630102074 0.10730540701917032 0.9688480036538252
0.21318530017230872 0.10986044571682427 0.9708154872360367
0.20312823415500078 0.11240757006969751 0.9726784970791208
0.19303392445647966 0.11494588266259718 0.9744359127556037
0.1829056287006917 0.11747449098934945 0.9760867148754755
0.17274665076961954 0.11999250899362914 0.9776299874867245
0.16256033548345764 0.12249905860130775 0.9790649202015662
0.15235006313919808 0.12499327123821273 0.9803908100378405
0.14211924392824887 0.12747428932722854 0.9816070629665319
0.13187131225448767 0.12994126775874942 0.9827131951579404
0.12160972097478423 0.13239337532861664 0.9837088339206531
0.1113379355845037 0.13482979613783913 0.984593718329144
0.10105942837082264 0.13724973094859988 0.9853676995375379
0.0907776725568494 0.1396523984912975 0.9860307407788002
0.08049613645953546 0.14203703671765092 0.9865829170503392
0.07021827768419986 0.14440290399521166 0.987024414488727
0.05994753737816308 0.14674928023897343 0.9873555294379209
0.04968733456550574 0.1490754679761414 0.9875766672170165
0.03944106058433695 0.15138079334052268 0.9876883405951377

0.23317493272888964 0.10474335475773597 0.9667772651345153
0.2372670250813132 0.09927255603550597 0.9663587938375895
0.24135126228336465 0.09379272353876308 0.9658946594765951
0.2454270475242417 0.0883046137438382 0.9653848245829666
0.24949378630068253 0.08280898823564506 0.9648292709411018
0.2535508868461414 0.0773066131844737 0.964227999664748
0.2575977605580615 0.07179825881577874 0.963581031250872
0.2616338224225325 0.0662846988738125 0.9628884056108387
0.26565849143562037 0.06076671007996908 0.9621501820787685
0.2696711910206647 0.05524507158672226 0.9613664393970044
0.27367134944084526 0.04972056442805002 0.9605372756786603
0.2776584002063297 0.044193970967250217 0.95966280834729
0.28163178247532705 0.03866607434305725 0.9587431740537542
0.2855909414483833 0.03313765791497477 0.9577785285704291
0.28953532875527405 0.027609504708740556 0.9567690466629413
0.29346440283386416 0.022082396862838624 0.9557149219396732
0.2973776293003259 0.016557115076969605 0.9546163666793305
0.30127448131012863 0.011034438063383835 0.9534736116369128
0.3051544399092322 0.005515142001972487 0.9522869058284803
0.3090169943749485 -7.568733460868323e-17 0.9510565162951533

