x y z
0.6881909602356179 0.5257311121190712 0.5000000000000228
0.1000327687770128 0.8624361353158836 0.4961827865537132
0.07791095135971203 0.2990340891449526 0.9510565162951533

0.6081023822435262 -0.5335915946650792 -0.587785252292473
0.8246940075437322 -0.5646694434432182 -0.03206576933405004
0.2199305960712486 -0.9589248403660748 -0.1791471000062326

0.5877852522924748 -1.439658655611997e-16 0.8090169943749462
0.6881909602356179 0.5257311121190712 0.5000000000000228
0.07791095135971203 0.2990340891449526 0.9510565162951533

0.8246940075437322 -0.5646694434432182 -0.03206576933405004
0.4817136884778531 -0.8312734103902042 0.2773741868150339
0.2199305960712486 -0.9589248403660748 -0.1791471000062326

6.123233995736766e-17 -1.499759782661858e-32 1.0
0.3265348617187975 -0.5905454161426439 0.7379912570994303
0.5877852522924748 -1.439658655611997e-16 0.8090169943749462

0.5877852522924737 -1.439658655611995e-16 -0.809016994374947
0.6881909602364037 0.5257311121174905 -0.5000000000006034
0.9510565162951535 -2.329416636978185e-16 -0.3090169943749477

0.481016638765014 0.876142883812083 0.03156961160126659
0.886997213774254 0.4617269521854738 0.006645628805735385
0.6881909602364037 0.5257311121174905 -0.5000000000006034

6.123233995736766e-17 -1.499759782661858e-32 1.0
-0.2827709313150347 -0.6479738323374222 0.7072273418139192
0.3265348617187975 -0.5905454161426439 0.7379912570994303

0.3265348617187975 -0.5905454161426439 0.7379912570994303
-0.2827709313150347 -0.6479738323374222 0.7072273418139192
-0.07799605404308768 -0.9290980168922862 0.3615155467756938

0.951056516295154 -2.329416636978186e-16 0.3090169943749463
0.6881909602356179 0.5257311121190712 0.5000000000000228
0.5877852522924748 -1.439658655611997e-16 0.8090169943749462

0.7674400771555199 -0.4821575551096291 0.422563391725117
0.8246940075437322 -0.5646694434432182 -0.03206576933405004
0.951056516295154 -2.329416636978186e-16 0.3090169943749463

0.9510565162951535 -2.329416636978185e-16 -0.3090169943749477
0.8246940075437322 -0.5646694434432182 -0.03206576933405004
0.6081023822435262 -0.5335915946650792 -0.587785252292473

0.5877852522924748 -1.439658655611997e-16 0.8090169943749462
0.7674400771555199 -0.4821575551096291 0.422563391725117
0.951056516295154 -2.329416636978186e-16 0.3090169943749463

0.6881909602356179 0.5257311121190712 0.5000000000000228
0.481016638765014 0.876142883812083 0.03156961160126659
0.1000327687770128 0.8624361353158836 0.4961827865537132

0.9510565162951535 -2.329416636978185e-16 -0.3090169943749477
0.6081023822435262 -0.5335915946650792 -0.587785252292473
0.5877852522924737 -1.439658655611995e-16 -0.809016994374947

0.5877852522924748 -1.439658655611997e-16 0.8090169943749462
0.3265348617187975 -0.5905454161426439 0.7379912570994303
0.7674400771555199 -0.4821575551096291 0.422563391725117

0.951056516295154 -2.329416636978186e-16 0.3090169943749463
0.886997213774254 0.4617269521854738 0.006645628805735385
0.6881909602356179 0.5257311121190712 0.5000000000000228

0.9510565162951535 -2.329416636978185e-16 -0.3090169943749477
0.886997213774254 0.4617269521854738 0.006645628805735385
0.951056516295154 -2.329416636978186e-16 0.3090169943749463

0.6881909602364037 0.5257311121174905 -0.5000000000006034
0.886997213774254 0.4617269521854738 0.006645628805735385
0.9510565162951535 -2.329416636978185e-16 -0.3090169943749477

0.3265348617187975 -0.5905454161426439 0.7379912570994303
0.4817136884778531 -0.8312734103902042 0.2773741868150339
0.7674400771555199 -0.4821575551096291 0.422563391725117

0.2199305960712486 -0.9589248403660748 -0.1791471000062326
0.4817136884778531 -0.8312734103902042 0.2773741868150339
-0.07799605404308768 -0.9290980168922862 0.3615155467756938

0.5877852522924748 -1.439658655611997e-16 0.8090169943749462
0.07791095135971203 0.2990340891449526 0.9510565162951533
6.123233995736766e-17 -1.499759782661858e-32 1.0