0.8192506528861572 -0.17127476962395058 0.5472598295470517
0.8143739336883804 -0.17578537848699227 0.553077387748856
0.8094270748795281 -0.18028827850959173 0.558859505675638
0.8044109854961397 -0.18478237188542732 0.5646046771445709
0.7993266266540102 -0.18926656312078177 0.5703114166894852
0.7941750106938053 -0.1937397603479312 0.5759782614385898
0.7889572002216054 -0.19820087663816974 0.5816037729574547
0.7836743070463508 -0.2026488313108299 0.5871865390519242
0.7783274910165544 -0.20708255123465155 0.5927251755257433
0.772917958759064 -0.2115009721178647 0.5982183278878372
0.7674469623230316 -0.21590303978337846 0.6036646730043496
0.7619157977326343 -0.22028771142551903 0.6090629206907533
0.7563258034524432 -0.2246539568448234 0.6144118152395676
0.7506783587696786 -0.22900075965747818 0.6197101368794605
0.7449748820979073 -0.23332711847609383 0.6249567031617885
0.7392168292070382 -0.23763204805861993 0.6301503702709048
0.7334056913847343 -0.24191458042233907 0.6352900342548775
0.7275429935346157 -0.24617376592002338 0.6403746321735767
0.7216302922168303 -0.25040867427549707 0.6454031431614198
0.7156691736367703 -0.2546183955760218 0.6503745894024111

0.8192506528861572 -0.17127476962395058 0.5472598295470517
0.8193471972913788 -0.16238618985179992 0.54981896623905
0.8193736212470449 -0.1534706460172385 0.5523347079584586
0.8193296268525938 -0.14453035152657084 0.554806218466588
0.819214969599558 -0.13556754760394035 0.5572326925267834
0.8190294590134587 -0.12658450053514775 0.5596133571425793
0.8187729591827095 -0.11758349884178215 0.5619474727332738
0.818445389172095 -0.10856685039376274 0.5642343342428892
0.8180467233188713 -0.09953687946870601 0.5664732721787413
0.817576991410016 -0.09049592376680361 0.5686636535761181
0.8170362787396566 -0.08144633139012326 0.5708048828858636
0.8164247260462105 -0.0723904577954226 0.5728964027819857
0.8157425293292855 -0.06333066272969502 0.5749376948867394
0.8149899395468915 -0.05426930715774573 0.5769282804109819
0.8141672621940291 -0.04520875019112433 0.5788677207079657
0.8132748567642213 -0.03615134602771757 0.5807556177390965
0.8123131360960381 -0.0270994409112322 0.5825916144505671
0.8112825656071546 -0.018055370119675312 0.5843753950601569
0.8101836624189304 -0.009021454991766858 0.5861066852538709
0.8090169943749485 -1.9815201452341857e-16 0.5877852522924718

0.7946544722917704 0.18759247408505575 0.5773502691896276
0.7988961174921926 0.19243661578146282 0.5698536148542698
0.8030666585526918 0.19727003733361984 0.5622886040917124
0.8071645138999958 0.20209124583927923 0.5546571696604232
0.8111881592240079 0.20689875253807505 0.5469613117332469
0.8151361301488844 0.2116910750624244 0.5392030953776287
0.8190070247735737 0.2164667396872335 0.5313846478594564
0.822799506071883 0.2212242835705607 0.5235081557784533
0.8265123041427476 0.2259622569773747 0.5155758620439257
0.8301442183020398 0.23067922547857775 0.5075900627005012
0.8336941190079896 0.23537377211754493 0.4995531036142706
0.8371609496130625 0.24004449953656318 0.4914673770304559
0.8405437279359724 0.24469003205573137 0.4833353180143813
0.8438415476483755 0.24930901769710817 0.47515940078809066
0.8470535794716945 0.25390013014716717 0.46694213497546083
0.8501790721804521 0.25846207065092947 0.4586860617690705
0.8532173534094432 0.26299356983150046 0.4503937500324234
0.8561678302630328 0.26749338942912604 0.4420677923513638
0.8590299897258369 0.2719603239543095 0.43371080104868914
0.8618033988749975 0.2763932022499853 0.42532540417602704

0.7946544722917704 0.18759247408505575 0.5773502691896276
0.7961154231325702 0.177876711089834 0.5784117121067938
0.7975008809655558 0.16812724753973976 0.5794183061432159
0.7988100743267015 0.15834683231960908 0.5803694907974706
0.8000422957997814 0.14853825398091428 0.5812647521015845
0.8011969035149542 0.13870433685341205 0.5821036237098205
0.8022733224953751 0.12884793704336844 0.5828856878770484
0.8032710458458846 0.11897193833136095 0.5836105763223775
0.8041896357785415 0.10907924798324159 0.5842779709742505
0.8050287244705302 0.0991727924883542 0.5848876045937484
0.8057880147507568 0.08925551323951876 0.585439261273434
0.8064672806122796 0.07933036216963019 0.5859327768096525
0.8070663675485468 0.06940029735996048 0.5863680389468231
0.8075851927122794 0.05946827863540073 0.5867449874928741
0.8080237448966909 0.04953726316193276 0.5870636143055988
0.8083820843396042 0.039610201061577 0.5873239631503371
0.8086603423518751 0.02969003105992655 0.58752612943001
0.8088587207723785 0.0197796761811457 0.5876702597891442
0.8089774912526354 0.009882039504990597 0.5877565515941223
0.8090169943749485 -1.9815201452341857e-16 0.5877852522924718

0.5999318736330987 -0.3826637749991449 0.7026024354515742
0.5989322985213976 -0.3923030627333281 0.6981249234613572
0.5978623079887191 -0.40191639729780826 0.6935588441289984
0.5967218851295096 -0.4115002774011861 0.6889053008260505
0.5955110857748002 -0.4210512139123709 0.6841654931244615
0.5942300389823253 -0.4305657360559623 0.679340715477625
0.5928789473192098 -0.44004039760166413 0.6744323556178449
0.5914580869340557 -0.44947178302243335 0.6694418926739957
0.5899678074164356 -0.45885651359601753 0.6643708950147885
0.5884085314429813 -0.46819125342466617 0.6592210178246397
0.5867807542104697 -0.47747271534812596 0.6539940004207072
0.5850850426575188 -0.48669766672553233 0.648691663321159
0.5833220344777139 -0.4958629350624977 0.6433159050761811
0.5814924369281643 -0.504965413460555 0.6378686988745846
0.5795970254386619 -0.5140020658671448 0.632352088940143
0.5776366420277166 -0.5229699321055147 0.6267681867329397
0.5756121935328234 -0.531866132665234 0.6211191669720547
0.5735246496633165 -0.5406878732354828 0.6154072634968332
0.571375040885104 -0.5494324489648587 0.6096347649847601
0.5691644561474455 -0.5580972484331214 0.6038040105446151

0.5999318736330987 -0.3826637749991449 0.7026024354515742
0.6065152180695744 -0.3762296815087852 0.7004216708539325
0.6130542627370423 -0.36975196478084793 0.6981747313392572
0.6195470301533326 -0.36323220372704546 0.6958619429195562
0.6259915722640532 -0.3566720177896479 0.6934836863115379
0.6323859732893691 -0.35007306498615803 0.6910403967627757
0.6387283525147526 -0.3434370398552853 0.68853256375369
0.6450168670163887 -0.33676567131001883 0.685960730575355
0.6512497143121373 -0.33006072040404666 0.6833254937836881
0.6574251349292348 -0.32332397801819296 0.6806275025311338
0.6635414148802516 -0.31655726247392896 0.6778674577774964
0.6695968880391979 -0.30976241708135893 0.6750461113821307
0.6755899384101016 -0.3029413076293902 0.6721642650802185
0.6815190022808559 -0.2960958198260565 0.6692227693463831
0.6873825702556442 -0.2892278566971804 0.6662225221493938
0.6931791891598093 -0.28233933595173066 0.6631644676021816
0.698907463811607 -0.27543218732235153 0.6600495945118459
0.7045660586559137 -0.26850834988961086 0.6568789348347456
0.7101536992555766 -0.26156976939854193 0.6536535620421674
0.7156691736367703 -0.2546183955760218 0.6503745894024111

0.8919206175032741 0.34863376847583005 0.287979352646886
0.8960271222058042 0.34320050082059667 0.2816892126228419
0.9000624945905753 0.33772966369771945 0.2753655390385951
0.9040253808194336 0.3322225338714191 0.2690098489318407
0.9079144781548627 0.32668042135818387 0.262623690207153
0.9117285369779826 0.32110466791161457 0.2562086397945221
0.9154663627028511 0.31549664542984657 0.24976630173449246
0.919126817580457 0.30985775428985524 0.24329830519522505
0.9227088223862177 0.3041894216132931 0.23680630242713066
0.9262113579852579 0.2984930994688226 0.23029196666101961
0.9296334667702445 0.29277026301620246 0.2237569899559797
0.9329742539670768 0.28702240859764827 0.21720308100342686
0.936232888804289 0.28125105178222487 0.21063196289397307
0.9394086055426026 0.27545772536923036 0.2040453708539169
0.9425007043616601 0.2696439773567046 0.1974450499582902
0.9455085521015899 0.26381136888133055 0.19083275282747864
0.9484315828576758 0.2579614721361016 0.18421023731448508
0.9512692984270328 0.25209586827219205 0.17757926418991163
0.9540212686068296 0.2462161452915041 0.17094159483171023
0.9566871313442246 0.2403238959363567 0.1642989889266815

0.8919206175032741 0.34863376847583005 0.287979352646886
0.8908907089088625 0.34504666846481985 0.2953921822953226
0.8897981148145225 0.341431531508173 0.30279336875913426
0.8886428549060167 0.3377890207622522 0.31018132419113004
0.8874249879651825 0.33411981851319295 0.31755446400847
0.8861446119983392 0.33042462555551705 0.32491120856752437
0.8848018642972463 0.3267041605358255 0.33224998483777074
0.8833969214320766 0.32295915926297003 0.3395692280706321
0.881929999176086 0.3191903739862255 0.3468673834591574
0.8804013523619012 0.3153985726431007 0.35414290778445656
0.8788112746695727 0.3115845380785329 0.36139427104483546
0.8771600983467813 0.30774906723731504 0.36861995806362347
0.8754481938618087 0.3038929703316984 0.37581847007175484
0.8736759694901227 0.3000170699861965 0.38298832626124757
0.8718438708356439 0.2961222003616982 0.3901280653058266
0.8699523802879894 0.29220920626105823 0.39723624684505277
0.8680020164171989 0.2882789422183981 0.4043114529284549
0.8659933333076573 0.28433227157439256 0.4113522894163086
0.863926919833128 0.28037006553985805 0.4183573873338676
0.8618033988749975 0.2763932022499853 0.42532540417602704

0.9865698492943951 0.16332301321775772 0.002350705576405709
0.9879384914351649 0.1548307819232459 0.0022284770241224727
0.9892356155155991 0.14631630825478772 0.00210592833769869
0.9904606732137858 0.13778142903523466 0.001983085954496948
0.9916131626092337 0.12922800094085535 0.001859976597629763
0.9926926289904143 0.12065789851436745 0.001736627247361169
0.993698665578224 0.1120730121349553 0.0016130651118892178
0.9946309141629424 0.10347524595033923 0.001489317597582286
0.9954890656525598 0.09486651577612878 0.0013654122787444961
0.9962728605306641 0.08624874696783703 0.001241376866987653
0.9969820892223998 0.07762387227105332 0.0011172391802888146
0.997616592367349 0.06899382965536634 0.0009930271118139794
0.99817626099852 0.06036056013769779 0.0008687685985893619
0.9986610366269747 0.05172600560074849 0.0007444915901023223
0.9990709112319732 0.04309210661227394 0.0006202240169142332
0.9994059271568578 0.034460800250894576 0.0004959937593674006
0.9996661769112444 0.0258340179441063 0.00037182861646758395
0.9998518028804299 0.01721368332409248 0.000247756275022731
0.9999629969432561 0.008601710106846771 0.0001238042791172258
1.0 -2.449293598294707e-16 -7.295984817955646e-16

0.9865698492943951 0.16332301321775772 0.002350705576405709
0.985809662751117 0.1675137703382934 0.010883270353094245
0.9849584259772559 0.17169579476611557 0.019428153696079236
0.9840159732921775 0.17586788747136803 0.027983038830813385
0.982982213466885 0.18002885262487986 0.03654559112003564
0.9818571303294665 0.1841774992789199 0.04511346119007656
0.9806407832019054 0.18831264304686587 0.05368428810981191
0.9793333071655329 0.1924331077763383 0.06225570261237246
0.9779349131531633 0.19653772721033977 0.07082533034945362
0.9764458878667167 0.20062534663096235 0.07939079516786285
0.9748665935199226 0.20469482448028048 0.08794972239779514
0.9731974674064803 0.20874503395313124 0.09649974214223957
0.9714390212948492 0.2127748645566026 0.10503849255689506
0.9695918406516193 0.21678322363119523 0.11356362311000844
0.9676565836961903 0.22076903782880103 0.12207279781164651
0.9656339802902402 0.22473125454284573 0.13056369840207077
0.9635248306661969 0.2286688432861728 0.13903402748910257
0.9613300039996364 0.23258079701250117 0.14748151162463946
0.9590504368311953 0.2364661333775672 0.15590390431081588
0.9566871313442246 0.2403238959363567 0.1642989889266815

0.5510761861484382 -0.6658904714413051 0.5028965272337526
0.5563090779107588 -0.666901267652533 0.49574480233031776
0.5615047561362179 -0.6678602797213904 0.48854381134845304
0.5666618188848289 -0.6687670757031816 0.4812951085078182
0.5717788869343702 -0.6696212596809648 0.4740002880161265
0.5768546055792307 -0.6704224724476967 0.46666098236208636
0.5818876463895456 -0.6711703921183433 0.45927886052260714
0.5868767089253727 -0.671864734669756 0.45185562608875596
0.5918205224008203 -0.6725052544063779 0.4443930153153097
0.5967178472931932 -0.6730917443501332 0.4368927950990634
0.6015674768924338 -0.6736240365531412 0.4293567608913634
0.6063682387863475 -0.6741020023321991 0.42178673455060556
0.6111189962773549 -0.6745255524242832 0.4141845621406884
0.6158186497267766 -0.6748946370626326 0.40655211168162325
0.6204661378229451 -0.6752092459732867 0.3988912708586939
0.6250604387697469 -0.6754694082922691 0.39120394469670605
0.6296005713925176 -0.6756751924039169 0.3834920532059892
0.6340855961585516 -0.6758267057011623 0.3757575290068966
0.6385146161098366 -0.6759240942688791 0.3680023149395986
0.642886777705979 -0.6759675424916974 0.36022836166598304

0.7209662867132751 -0.6529153660280351 0.23218341505660675
0.7172686611372897 -0.6545044244378205 0.23905987982435953
0.7135214112719895 -0.656053590697753 0.24592861116391765
0.7097251068567865 -0.6575624437717951 0.2527882616696986
0.7058803474275726 -0.6590305845439284 0.25963748525822966
0.7019877618721408 -0.6604576363009836 0.26647493847163195
0.698048007936854 -0.6618432451816958 0.2732992817823561
0.6940617716854123 -0.6631870805907953 0.2801091808962437
0.6900297669107212 -0.6644888355770487 0.28690330805097713
0.6859527345010111 -0.6657482271742671 0.2936803433069805
0.6818314417615132 -0.6669649967044192 0.30043897582785484
0.6776666816931314 -0.6681389100420987 0.307177905147451
0.6734592722296936 -0.6692697578397181 0.3138958424207252
0.6692100554354911 -0.6703573557129238 0.3205915116555703
0.6649198966649439 -0.6714015443858526 0.32726365092287935
0.6605896836863413 -0.6724021897959759 0.33391101354216507
0.6562203257717176 -0.6733591831584038 0.3405323692401474
0.6518127527550235 -0.6742724409896531 0.3471265052798092
0.6473679140608419 -0.6751419050910036 0.3536922275575259
0.642886777705979 -0.6759675424916974 0.36022836166598304

0.7209662867132751 -0.6529153660280351 0.23218341505660675
0.7265314669116522 -0.6472597961000102 0.23066595747915628
0.7320553684556345 -0.6415556009273494 0.22913172725319597
0.7375367663698846 -0.6358037573536418 0.2275809754519153
0.7429744571211889 -0.6300052732353948 0.22601396364178522
0.74836725991014 -0.6241611865856801 0.22443096367155937
0.7537140179310308 -0.6182725646645697 0.22283225744347968
0.7590135995968675 -0.6123405030181618 0.22121813666711568
0.7642648997265072 -0.6063661244681896 0.21958890259632852
0.7694668406910411 -0.6003505780543604 0.2179448657499034
0.7746183735166564 -0.594295037931742 0.21628634561645174
0.7797184789413565 -0.5882007022256546 0.21461367034423554
0.784766168423052 -0.5820687918466766 0.2129271764166151
0.7897604850967008 -0.575900549268494 0.2112272083138693
0.7947005046783364 -0.5696972372714485 0.2095141181621809
0.7995853363139978 -0.5634601376547415 0.20778826537061953
0.8044141233717577 -0.5571905499203484 0.20605001625699074
0.8091860441752364 -0.5508897899317781 0.2042997436634557
0.8139003126771774 -0.5445591885508767 0.20253782656285083
0.818556179071869 -0.5382000902559372 0.20076464965666554

0.8961907160713432 -0.3688896290624325 0.2465007951259267
0.8929239430093087 -0.37814765537539 0.2443177904590743
0.8895609430856254 -0.3873834120224592 0.24210621765343104
0.8861022832130715 -0.39659393367053775 0.23986662014609444
0.8825486206339593 -0.40577626440047837 0.2375995695835511
0.8789007025501272 -0.41492746234764627 0.23530566513927254
0.8751593655205389 -0.42404460433769636 0.23298553275638043
0.8713255346266678 -0.4331247905007936 0.2306398243174734
0.8674002224070124 -0.4421651488474717 0.2282692167440861
0.8633845275632556 -0.4511628397894114 0.22587441102862446
0.8592796334417472 -0.46011506058861296 0.22345613120197344
0.8550868062951301 -0.469019049718735 0.22101512324030947
0.8508073933300463 -0.47787209112278395 0.218552153914963
0.8464428205479435 -0.48667151835184247 0.21606800958946706
0.8419945903870398 -0.4954147185701424 0.2135634949681892
0.8374642791744766 -0.5040991364124819 0.2110394318011785
0.8328535343986234 -0.5127222776807859 0.20849665755006272
0.8281640718123346 -0.5212817128674745 0.20593602402000027
0.8233976723787441 -0.5297750804942521 0.20335839596283023
0.818556179071869 -0.5382000902559372 0.20076464965666554

0.8961907160713432 -0.3688896290624325 0.2465007951259267
0.89901197282876 -0.36540379132581485 0.24136599179515988
0.9017936359316414 -0.36189818382558603 0.23621588163570315
0.904535225348987 -0.3583732552250829 0.23105115460052325
0.9072362768549681 -0.35482946324115905 0.22587250823047628
0.9098963424071549 -0.35126727435182803 0.22068064718846347
0.9125149905070018 -0.34768716349278683 0.21547628278385197
0.9150918065419308 -0.34408961374327374 0.2102601324879024
0.9176263931083908 -0.34047511600174035 0.20503291944096816
0.920118370315313 -0.3368441686518446 0.19979537195225527
0.9225673760674272 -0.33319727721929115 0.19454822299294602
0.924973066327946 -0.3295349540200725 0.18929220968351013
0.9273351153601753 -0.32585771780067885 0.18402807277603975
0.9296532159476547 -0.32216609337086904 0.17875655613245575
0.9319270795924793 -0.31846061122960534 0.1734784061994428
0.93415643669151 -0.3147418071847774 0.1681943714809774
0.9363410366902252 -0.3110102219673464 0.16290520200931644
0.9384806482140202 -0.3072664008405573 0.1576116488153158
0.9405750591768156 -0.3035108932048738 0.15231446339894808
0.9426240768668833 -0.2997442521992991 0.14701439720088372

0.9791596883794289 -0.20276519318802588 -0.01151438596375087
0.978111873440577 -0.2080555004429299 -0.0031736052064862256
0.9769655442034683 -0.2133341892630294 0.0051816146814524545
0.9757205740843253 -0.21859961269661768 0.013548824208884041
0.9743769241210847 -0.22385012822166342 0.021925552113432216
0.972934643643946 -0.22908410025404263 0.0303093089367513
0.9713938707302845 -0.234299902654888 0.038697590668483425
0.9697548324405144 -0.23949592122822444 0.04708788244669772
0.9680178448325468 -0.24467055620003675 0.05547766230219096
0.9661833127535457 -0.2498222246699527 0.06386440493373347
0.9642517294087793 -0.25494936302681187 0.07224558550112926
0.962223675708456 -0.2600504293195424 0.08061868342282567
0.9600998193945204 -0.2651239055749635 0.08898118616475703
0.9578809139504755 -0.2701683000543917 0.09733059300714181
0.9555677972983502 -0.27518214944122876 0.10566441877606828
0.95316139028797 -0.28016402095206966 0.11398019752690557
0.9506626949846858 -0.28511251436426444 0.12227548616685718
0.9480727927626689 -0.29002626395331266 0.13054786800433307
0.9453928422117822 -0.29490394033394973 0.13879495621325125
0.9426240768668833 -0.2997442521992991 0.14701439720088372

0.9791596883794289 -0.20276519318802588 -0.01151438596375087
0.9812767504607007 -0.1922932623679257 -0.010919718548932237
0.9832852950313992 -0.18177863449001308 -0.010322626504938155
0.9851840124840426 -0.1712247612622695 -0.009723305843210768
0.9869717004298795 -0.16063515328456382 -0.009121955919473899
0.9886472666804745 -0.15001337436271242 -0.00851877911084674
0.9902097319327331 -0.13936303562508712 -0.007913980481744855
0.9916582321434773 -0.12868778946395354 -0.007307767439828186
0.9929920205813214 -0.11799132332492125 -0.0067003493833238245
0.9942104695453525 -0.10727735336892638 -0.006091937341110291
0.995313071741956 -0.09654961803203377 -0.005482743606999336
0.9962994413130462 -0.0858118715090337 -0.004872981369690253
0.9971693145109365 -0.07506787718730633 -0.004262864339900079
0.9979225500170997 -0.06432140105773267 -0.003652606376190329
0.9985591289040927 -0.05357620512954031 -0.0030424211110171642
0.9990791542419697 -0.04283604087588386 -0.00243252157852691
0.9994828503525105 -0.03210464273667574 -0.0018231198456026142
0.9997705617165801 -0.021385721704707653 -0.0012144266476404291
0.9999427515418545 -0.010682959020440561 -0.0006066510304969259
1.0 -2.449293598294707e-16 -7.295984817955646e-16

0.5510761861484382 -0.6658904714413051 0.5028965272337526
0.5523330008566006 -0.6605816805703247 0.5084880524256473
0.5535573667497445 -0.6552269717355352 0.5140543329526257
0.5547489613522538 -0.6498272009568484 0.5195942636088116
0.5559074793706287 -0.6443832514846403 0.5251067506573086
0.5570326330501594 -0.6388960330987702 0.5305907128925851
0.558124152506103 -0.6333664813640543 0.5360450826878848
0.5591817860285166 -0.6277955568435727 0.5414688070253231
0.560205300359974 -0.6221842442713315 0.5468608485063668
0.5611944809454712 -0.6165335516859265 0.552220186340449
0.5621491321539152 -0.6108445095269756 0.5575458173095273
0.5630690774706612 -0.6051181696962071 0.5628367567064635
0.5639541596606632 -0.5993556045851992 0.5680920392451785
0.5648042409018854 -0.593557906071864 0.5733107199406177
0.5656192028887108 -0.5877261844878677 0.5784918749566602
0.5663989469051783 -0.5818615675592623 0.5836346024201983
0.5671433938679659 -0.5759651993226756 0.5887380231997215
0.5678524843391344 -0.5700382390194777 0.5938012816468535
0.5685261785087307 -0.5640818599704001 0.5988235462994027
0.5691644561474455 -0.5580972484331214 0.6038040105446151