-0.8222446035349535 0.24382096295295597 -0.24150468866346125
-0.8360792261553944 0.14010602751694962 -0.23984342047759405
-0.9154120467186242 0.19972256331999805 -0.2943547224719419
0.17107567732396056 -1.020238579718519 0.2967037593216762
0.24243309923470968 -0.932883460817461 0.28165819703165007
0.1426365755448654 -0.9284581045207689 0.2843950971727639
-0.7350680748553977 0.30422935396909423 -0.22098594247036424
-0.8222446035349535 0.24382096295295597 -0.24150468866346125
-0.8144008954186276 0.36384588977214266 -0.27549724446471213
-0.7833895196108163 -0.18068535896393748 0.23031339307846144
-0.874321041705016 -0.19500759900397363 0.27680570117597325
-0.8172801988003136 -0.2999137548750598 0.2509667848905542
1.0215637740289811 0.7136263866530603 0.16657874714941906
0.9485106731778299 0.6892812299656578 0.22500707937407755
1.0012985957061558 0.6143626114487637 0.2244528804988748
0.8019060525038073 -0.8497245343309264 0.22414301567924
0.8938183835116552 -0.8680887158847848 0.1671188457992006
0.8590559194766596 -0.784296429253432 0.23096163367792372
0.9485106731778299 0.6892812299656578 0.22500707937407755
0.8911837384075066 0.7716091253815883 0.22317579213129377
0.8709185600846812 0.6723453501772917 0.2810499254807495
0.1426365755448654 -0.9284581045207689 0.2843950971727639
0.10504282204188142 -0.8381626195591728 0.2600255829031116
0.033685400131132304 -0.9255177384602309 0.2750711451931378
-1.0350315062332234 -0.4261265451496782 0.27175076878940907
0.7621483458099937 0.9881956490916249 -0.1633414927932919
1.026959459606824 -0.2830643879743225 0.2860588020767171
1.11578543445806 -0.2710840640998343 0.2548788137657604
1.083661859399106 -0.17234396377473366 0.26858912487447817
0.039878318582907885 0.6985146430115519 0.04405146598908159
0.19629914735650178 -1.107109657960346 0.260644324013494
0.22645948262785315 -1.197374251260088 0.19667316856195916
0.30103253628515625 -1.1149285293149531 0.2299957037290274
-0.1351796836435634 0.6880911205163762 0.026724256686522646
-0.9360353438809068 -0.11008903874690681 0.27662021713050944
-0.9699260230704041 -0.22931743465802912 0.29727360894260213
-0.874321041705016 -0.19500759900397363 0.27680570117597325
-0.7188672081741156 -0.41741245931129933 -0.227771017012831
-0.800154093363163 -0.34574517307826497 -0.27094400997895474
-0.7247728004077005 -0.3179966118817046 -0.21237843195788186
-1.0521656402068285 0.32633316597241024 0.2799964928596268
-1.0350315062332234 -0.4261265451496782 0.27175076878940907
-0.9403726362701215 -0.4171968278721685 0.2896300977601056
-1.002870590857615 -0.3231657121926056 0.2795797640173694
1.140577032011128 -0.3419474613417771 0.21199314667248131
1.19727943180341 -0.23122703714218829 0.1945234694702424
1.11578543445806 -0.2710840640998343 0.2548788137657604
-0.6845149321652111 0.26607174120783056 -0.14226709979567076
-0.7350680748553977 0.30422935396909423 -0.22098594247036424
-0.676671224048885 0.38609666802701725 -0.17625965559692164
-0.6693955479710838 -0.2851301273362648 -0.13629417171592276
-0.7247728004077005 -0.3179966118817046 -0.21237843195788186
-0.7506824331601312 -0.21346284110323038 -0.17946716468204651
-0.7724053602281761 0.5451110738044351 0.27764875183573534
-0.6748353399118983 0.559185722452209 0.2738238583142602
-0.7278087773848277 0.6551729766814693 0.29276402742529617
-0.4733711687791759 0.583821771154558 -0.16514296043012727
-0.5052308545054085 0.6407393235277622 -0.23809924213550585
-0.4161125726051535 0.6697292619646653 -0.18891703456669018
-0.19464103020372964 -0.9005993190730949 0.27991954618278125
-0.07196597737064088 -0.9118620856921191 0.2753486013535025
-0.12658340620494044 -0.8239594868796105 0.2552725757527643
-0.1753873542280529 -0.7662667664776444 0.19206888879678438
-0.12658340620494044 -0.8239594868796105 0.2552725757527643
-0.052712301394964134 -0.7775295330966685 0.1874979439675056
-0.6748353399118983 0.559185722452209 0.2738238583142602
-0.6261858384772361 0.49353211659533464 0.21748076108793465
-0.5815892556338877 0.6035940194723688 0.23259603667749554
-0.7713360585027822 -0.1011998515957706 0.17267290885735595
-0.7833895196108163 -0.18068535896393748 0.23031339307846144
-0.7142952155980797 -0.20610600746685676 0.1468339925719369
0.7483013281346177 0.9171288141157448 0.22049354805525165
0.7393112702093496 0.8279175775604393 0.2770905930354379
0.8225816832396262 0.8438844821485278 0.22262159325777942
1.1108345489342715 -0.5979495550430249 0.09941624864466056
1.059981021407952 -0.6834887895716046 0.09941624864466056
1.1141616965230525 -0.6623750237556278 -7.347880794884119e-17
0.3434651919225644 1.24985143918467 -7.347880794884119e-17
-0.8360792261553944 0.14010602751694962 -0.23984342047759405
-0.7667517578527353 0.07292847788862987 -0.2013584006621693
-0.8599192010364061 0.02883007825567198 -0.25420843447064995
-0.8069601514035285 -0.5732268841702673 0.286731680605212
-0.7387377721141304 -0.6541039512987092 0.28572657588621214
-0.699242300226157 -0.5578982438220024 0.28309568044074285
-0.699242300226157 -0.5578982438220024 0.28309568044074285
-0.6203515128366373 -0.5400852297487606 0.22595416434833882
-0.6885738921260355 -0.4592081626203187 0.22695926906733865
0.19512091928072955 0.8055082303928602 0.23542798789066177
0.18898928929550998 0.8892887791808006 0.2871879024241575
0.09731641836636482 0.8434737844529216 0.24036814297902087
0.2749439280753926 0.9385682191865121 0.28819300305124124
0.17713942716102782 0.9765337732465735 0.2931331581396003
0.18898928929550998 0.8892887791808006 0.2871879024241575
0.9761757792981431 0.5169376875659943 0.2797409150922859
1.0492288801492946 0.5412828442533968 0.2213125828676274
1.0012985957061558 0.6143626114487637 0.2244528804988748
0.5109142590016063 -0.6962254767459652 0.271020803439686
0.7332496383230498 -0.8431168435212144 0.2721550661033232
0.7680121023580454 -0.9269091301525672 0.2083122782246001
0.8019060525038073 -0.8497245343309264 0.22414301567924
0.49836849007480855 -0.7926981994515654 0.28180442258436
0.6065524984853143 -0.7314333995147697 0.2886168610081472
0.5109142590016063 -0.6962254767459652 0.271020803439686
0.994594814264637 -0.5679279311135008 0.24572314749342206
1.0578684542424746 -0.5004339045792124 0.23559049412866023
0.9958093946879405 -0.44929851483371164 0.28248114433276106
-0.8030012229167225 -0.7476216949736669 0.28171868700889935
-0.5052308545054085 0.6407393235277622 -0.23809924213550585
1.0484509321171265 -0.4113592095714146 -0.2702933401766039
1.0578684542424746 -0.5004339045792124 0.23559049412866023
1.10795645370548 -0.543143343572396 0.18242852278340985
1.1091710341287835 -0.42451392729260673 0.21918651962274888
0.408126867426605 -1.1391078735382831 0.2039154681750242
0.37796653215525355 -1.048843280238541 0.26788662362655913
0.30103253628515625 -1.1149285293149531 0.2299957037290274
0.09650262366665749 -1.102684301663654 0.26338122415460796
0.19629914735650178 -1.107109657960346 0.260644324013494
0.17107567732396056 -1.020238579718519 0.2967037593216762
0.7959124787686856 -0.9747445536738599 -0.14765396102419864
0.6983915870122115 -0.9654010574686192 -0.20717844722794343
0.7563809404513956 -0.9109753903541051 -0.2168434847637769
0.9324327834532685 -0.7386079707454202 0.22069929151294254
0.8405204524454206 -0.7202437891915618 0.277723461392982
0.8590559194766596 -0.784296429253432 0.23096163367792372
-0.8030012229167225 -0.7476216949736669 0.28171868700889935
-0.6952833717393508 -0.732293054625402 0.27808268684443027
-0.7387377721141304 -0.6541039512987092 0.28572657588621214
1.0816290351835254 0.4729714980770934 -0.2221086505311583
1.0409344710967736 0.5574036325646828 -0.22082128386898775
1.118564469504122 0.5516555007730097 -0.16473718161681336
1.0941944206189609 0.45331222754624356 0.21900333852295684
1.1193172370269735 0.5507371514290129 0.16371530392954575
1.0492288801492946 0.5412828442533968 0.2213125828676274
1.059981021407952 -0.6834887895716046 0.09941624864466056
1.0038110621518392 -0.710861965833146 0.18638498054360275
1.0071382097406203 -0.775287434545749 0.08696873189894211
0.3459438422185547 0.9486484894526606 0.2782318575200304
0.33409398008407254 1.0358934835184335 0.28417711323547323
0.2749439280753926 0.9385682191865121 0.28819300305124124
0.4904433626540756 -1.0751267975213006 -0.2304092782709454
0.4753526204492783 1.1819972387733246 -0.08301227413882574
0.4258661788815417 -1.1277579503164665 -0.203664629595598
0.4904433626540756 -1.0751267975213006 -0.2304092782709454
0.5379146819270276 -1.116139338720018 -0.1746938492064903
-0.6952833717393508 -0.732293054625402 0.27808268684443027
-0.6771923070565189 -0.8288075058455795 0.28661080004708805
-0.6129288562539268 -0.7352897621706218 0.29061868892440085
0.4549607100053299 0.9554370747244199 0.2871062300415077
0.3459438422185547 0.9486484894526606 0.2782318575200304
0.39581065799664994 0.8581118103924985 0.29112211985727576
-0.26871200843976983 0.9880896574859681 0.28701473749558326
-0.3634939780390473 1.042160981716403 0.2800443985490916
-0.3558425310436901 0.957569777628636 0.28706163600717166
1.124663983271231 0.37532539783828756 0.2176086125733572
1.1550982197719484 0.29289906298570967 0.21099359189540215
1.1947170139973575 0.38034019986928164 0.15479103890692014
0.9510653931176933 -0.092162143824611 0.29254303403699056
1.043770491430177 -0.09216214382461103 0.29254303403699045
1.0000000000000002 -2.4492935982947074e-16 0.28531695488854614
0.5399418151467278 0.7053963522840594 0.26927666809214057
0.5721372491105252 0.7911339663864134 0.29872492275861773
0.4726320918196277 0.7791627815619037 0.27054823771227593
0.3439827268893365 -0.969736091315986 0.2969590749956983
0.3155436251102413 -0.877955616118236 0.28465041284678605
0.24243309923470968 -0.932883460817461 0.28165819703165007
0.2878468783647279 1.17771391150435 0.20338941801158064
0.3214684804512751 1.0977795278547329 0.2593247540393161
0.37147229214068755 1.125908137434199 0.21828063167652695
-0.9403726362701215 -0.4171968278721685 0.2896300977601056
-0.8699991155806424 -0.4985894187614008 0.282950943845944
-0.8378382002050342 -0.3956285858043282 0.2907799390739043
-0.9154120467186242 0.19972256331999805 -0.2943547224719419
0.7393112702093496 0.8279175775604393 0.2770905930354379
0.6522389437709832 0.8092647233181127 0.28620795048569625
0.7265192988759916 0.7360203913508957 0.288335995688224
-0.36474333971487466 -1.0836721206751876 0.26074868106107585
-0.44066528819403994 -1.119082048612606 0.20985248094571815
-0.3398293584623773 -1.1453401353443085 0.2139710804987656
0.7395338622039049 -0.8435502542342191 -0.27197393233649264
0.8370547539603791 -0.85289375043946 -0.21244944613274785
0.7563809404513956 -0.9109753903541051 -0.2168434847637769
1.054575626393552 0.36587109066267154 0.2752058915114388
1.124663983271231 0.37532539783828756 0.2176086125733572
1.0941944206189609 0.45331222754624356 0.21900333852295684
1.10795645370548 -0.543143343572396 0.18242852278340985
1.1108345489342715 -0.5979495550430249 0.09941624864466056
1.1621371288205804 -0.5220295777564192 0.0830122741387492
-0.42391218934704833 0.9186937661565617 0.2840908372659324
-0.3291302197477708 0.8646224419261267 0.2910611762124242
-0.3558425310436901 0.957569777628636 0.28706163600717166
0.04858461841324896 -1.2465670586336062 -0.16392966934572162
0.8911837384075066 0.7716091253815883 0.22317579213129377
0.9001737963327747 0.8608203619368939 0.16657874715110746
0.8225816832396262 0.8438844821485278 0.22262159325777942
-0.34808714847672684 1.1249570334492325 0.22302908928981363
-0.25716395410006027 1.149845137408557 0.2230110241574979
-0.3288876471416601 1.2021213092840546 0.16604261340980836
-0.3248888699937582 0.7756460957084421 0.23929905208288033
-0.42411396007722824 0.7594778618509315 0.2665998886663507
-0.35180295201985745 0.7093775271053211 0.21780856327804604
-0.53174082719851 0.5220742014662546 -0.11389938550841029
-0.4733711687791759 0.583821771154558 -0.16514296043012727
-0.44262254529825507 0.5510641399031577 -0.06471717793959464
-0.7075464714516279 0.1913530081293652 -0.0820270691463709
-0.6845149321652111 0.26607174120783056 -0.14226709979567076
-0.6491496206451153 0.27322032218728826 -0.03730078227292828
-0.5747914150649622 -0.481289435542061 -0.17748787045478842
-0.5840987106328845 -0.426564977088597 -0.08823182793113132
-0.5154042104791937 -0.5181905145159189 -0.09651425939416163
-0.7667517578527353 0.07292847788862987 -0.2013584006621693
-0.7231804312402005 0.10081900805657062 -0.11687195859258594
-0.7470204061212121 -0.01045694120470702 -0.13123697258564185
-0.6376569749443173 -0.3480020699923924 -0.06656933607796818
-0.6693955479710838 -0.2851301273362648 -0.13629417171592276
-0.663566607696748 -0.24346829921391822 -0.03365806880213283
-0.35180295201985745 0.7093775271053211 0.21780856327804604
-0.41161307193700625 0.6497546255105131 0.1635629752145795
-0.3123879818535362 0.6659228593680238 0.13626213863110914
-0.6261858384772361 0.49353211659533464 0.21748076108793465
-0.6663498984717497 0.4108999427185446 0.18001019414969247
-0.5731038141937392 0.4553082397387044 0.1387823725129278
0.08671358079949816 1.0268377002085174 0.28138828144970374
-0.0050565325290077845 1.0589165952785957 0.28530887607129723
-0.0005853249473607158 0.9593332283109403 0.29604865213411
-0.270724880246572 -0.7408957373591015 0.1954207542384516
-0.1753873542280529 -0.7662667664776444 0.19206888879678438
-0.1968537754365957 -0.6944657835761594 0.1276461224531929
1.043770491430177 -0.09216214382461103 0.29254303403699045
1.083661859399106 -0.17234396377473366 0.26858912487447817
1.132596466281413 -0.08018181995012288 0.26136304572603375
-0.6203515128366373 -0.5400852297487606 0.22595416434833882
-0.5477185341171814 -0.605998491297193 0.21388389035985322
-0.5370501260170599 -0.5073084100955093 0.157747478986449
0.19512091928072955 0.8055082303928602 0.23542798789066177
0.18983537497127959 0.7198377601504167 0.1636124851719563
0.3155436251102413 -0.877955616118236 0.28465041284678605
0.4099117516779843 -0.836149261649761 0.28207982791336655
0.3083621240233575 -0.799296631151236 0.2667789499493183
-1.0645848930335058 -0.23824715193553875 0.2793942799719056
-1.002870590857615 -0.3231657121926056 0.2795797640173694
-0.9699260230704041 -0.22931743465802912 0.29727360894260213
0.10504282204188142 -0.8381626195591728 0.2600255829031116
0.04571114796201449 -0.7780336347859009 0.18767506230389755
-0.7873662639303719 -0.007372138820414601 0.20008981079437593
-0.7713360585027822 -0.1011998515957706 0.17267290885735595
-0.7182719599176354 -0.03279278732333388 0.1166104102878514
0.3214684804512751 1.0977795278547329 0.2593247540393161
0.25046856630811287 1.0876992575885844 0.26928589957052695
0.33409398008407254 1.0358934835184335 0.28417711323547323
-0.800154093363163 -0.34574517307826497 -0.27094400997895474
0.37147229214068755 1.125908137434199 0.21828063167652695
0.458188596597389 1.093243084478949 0.22012025799087728
0.4245669945108419 1.173177468128566 0.16418492196314183
-0.9094945874686159 -0.5947951262381077 0.2855818392914133
-0.3634939780390473 1.042160981716403 0.2800443985490916
-0.34808714847672684 1.1249570334492325 0.22302908928981363
-0.43521767108064713 1.0944371535919006 0.22307598780140203
0.6983915870122115 -0.9654010574686192 -0.20717844722794343
0.6702074955145316 -1.046339203356613 -0.16971371068510144
0.6306759571972416 -0.9825700400368582 -0.2389032344246797
-0.03437222386765691 -1.0021575706537151 0.29971811562315476
0.033685400131132304 -0.9255177384602309 0.2750711451931378
-0.07196597737064088 -0.9118620856921191 0.2753486013535025
-0.29517490916165395 -0.9002405869555066 0.2782233368381569
-0.24055748032735438 -0.9881431857680151 0.2982993624388951
-0.19464103020372964 -0.9005993190730949 0.27991954618278125
-0.7271901289026366 0.3501595633573692 0.2295202393812771
-0.8068353145629856 0.3851373103766589 0.27726963878339295
-0.8145935207103756 0.2861730541588533 0.24808129543997073
-0.8699991155806424 -0.4985894187614008 0.282950943845944
-0.9094945874686159 -0.5947951262381077 0.2855818392914133
-0.8069601514035285 -0.5732268841702673 0.286731680605212
-0.9667136859184063 0.3739367174852558 0.2846403326234215
-1.0521656402068285 0.32633316597241024 0.2799964928596268
-0.9796906606591468 0.2735472496652974 0.2911868550782919
1.0409344710967736 0.5574036325646828 -0.22082128386898775
0.9678215431608426 0.5581109672289385 -0.27454929438465003
1.0047569774814389 0.636794969924855 -0.21717782547030506
0.9066867613630825 -0.17158962618077578 0.27476531362367934
0.9510653931176933 -0.092162143824611 0.29254303403699056
0.8629162699329056 -0.07942748235616501 0.2675392344752351
0.6522389437709832 0.8092647233181127 0.28620795048569625
0.5849292204438832 0.8830311525959569 0.28747952010583167
0.5721372491105252 0.7911339663864134 0.29872492275861773
-0.5416833241522064 -0.9262572013065538 0.27771581869576
-0.5475265465187117 -1.0141816271562016 0.25609034162661104
-0.4597360470800321 -0.9694896080938371 0.2782555585771773
0.6805751590136642 -0.7969191849599718 0.2936931418553922
0.6931209279404619 -0.7004464622543716 0.2829095227107181
0.6065524984853143 -0.7314333995147697 0.2886168610081472
0.8344290932426623 0.855440183954703 -0.2139453977377599
-0.8612390877039431 0.5651809523263407 0.2978962809022141
-0.8082656502310137 0.46919369809708045 0.2789561117911781
-0.7724053602281761 0.5451110738044351 0.27764875183573534
0.17266821957938075 1.076117140214229 0.2823933820767875
0.08671358079949816 1.0268377002085174 0.28138828144970374
0.17713942716102782 0.9765337732465735 0.2931331581396003
0.9838114267998249 -0.5863802889882073 -0.2593014661801738
-0.0066420669747687955 1.134705909945307 0.2660894565138404
-0.09394097272162767 1.0672014380477297 0.2807498271982468
-0.0050565325290077845 1.0589165952785957 0.28530887607129723
-0.3291302197477708 0.8646224419261267 0.2910611762124242
-0.3248888699937582 0.7756460957084421 0.23929905208288033
-0.2568192116904 0.8145221071805164 0.24226985082411956
-0.40333531436590797 -1.022599243796956 0.2766166173011496
-0.36474333971487466 -1.0836721206751876 0.26074868106107585
-0.3024993846342453 -1.0488573305286584 0.28073521685419706
0.9703263115693196 -0.35759834531190116 0.2833937262694113
1.026959459606824 -0.2830643879743225 0.2860588020767171
0.9382027365103657 -0.25885824498680043 0.29710403737812907
0.606433799639481 0.6356386619384555 0.25929051382536716
0.5399418151467278 0.7053963522840594 0.26927666809214057
0.5069286423485834 0.6236674771139457 0.2311138287790254
-0.9263583582347804 -0.02048389190456572 0.27793774371086094
-1.0219633396001684 -0.054793727558621205 0.2984056514774899
-0.9360353438809068 -0.11008903874690681 0.27662021713050944
0.7395338622039049 -0.8435502542342191 -0.27197393233649264
0.8370547539603791 -0.85289375043946 -0.21244944613274785
0.896584246209529 -0.7898609525444704 -0.212009451158035
0.9134313244570196 -0.8572860886643565 -0.15687900358531925
1.1288226040489744 0.2453553978866812 -0.252828103478358
0.8386952465300066 -0.4953989611951594 0.2844052111451073
0.9070526715914822 -0.42509237184618953 0.29352637963417305
0.8132121634113856 -0.403698791673349 0.2853177930817575
1.1325964662814316 0.08018181995026961 -0.2613630457260038
0.8761286580049288 0.34546963200702097 0.2949089096029833
-0.18435944685549685 1.032046492477377 0.2899833733966034
-0.26871200843976983 0.9880896574859681 0.28701473749558326
-0.17670799986013963 0.9474552883896098 0.2970006108546835
0.5026872677222005 -1.1168394826084946 0.1842371652251935
0.5998516756710321 -1.1048777020644185 0.1463462453277123
0.5822252712455338 -1.061060843917795 0.2039154681750747
-0.6426389467349192 0.5836260621717619 -0.2548349560778619
0.6819765028810111 -0.5544830289157441 0.27701493322808246
1.199337171631142 0.42973007222958487 -0.083012274139492
1.1621371288201234 0.5220295777562335 -0.083012274139492
1.2022152668603914 0.48453628370039803 -7.347880794884119e-17
1.1993371716315995 -0.4297300722297702 0.0830122741387492
1.1621371288205804 -0.5220295777564192 0.0830122741387492
1.202215266860391 -0.48453628370039903 -7.347880794884119e-17
1.1225059423264585 -0.5544377091771482 -0.15719202886266825
1.1648161960459835 -0.5234014835821788 -0.07831347578903049
1.122704970329847 -0.6078720148220175 -0.07887855307363784
1.1193172370269735 0.5507371514290129 0.16371530392954575
1.1646490007730064 0.5198011619744531 0.08070302979243756
1.11968346030334 0.6077717786816064 0.08301227413710811
0.6241520786330844 0.4840358497902222 0.2185754934967246
1.0718514428035275 -0.6934112493505973 -0.07887855307363784
1.122704970329847 -0.6078720148220175 -0.07887855307363784
1.1141616965230525 -0.6623750237556278 -7.347880794884119e-17
1.016151745718825 0.7716274901765154 -0.08013404202080654
0.95283669706097 0.848401486549369 -0.08013404202080654
0.9999931203388792 0.8246882546570594 -7.347880794884119e-17
1.0688299327770205 0.693311013210186 0.08301227413710811
1.11968346030334 0.6077717786816064 0.08301227413710811
1.1141616965230536 0.6623750237556263 -7.347880794884119e-17
1.0071382097406203 -0.775287434545749 0.08696873189894211
0.9438231610827648 -0.8520614309186028 0.08696873189894211
0.9999931203388776 -0.8246882546570615 -7.347880794884119e-17
0.18983537497127959 0.7198377601504167 0.1636124851719563
0.8209974332322494 -0.9770998096074006 -0.07865949928001609
0.8952899519444459 -0.9108905687946307 -0.07865949928001609
0.8623855529688256 -0.9676714918426852 -7.347880794884119e-17
0.903676699015165 0.8627263408756729 -0.16138319139769425
0.8875180736352193 0.915787105356217 -0.08124914937688779
0.95283669706097 0.848401486549369 -0.08013404202080654
0.566159531516722 1.141289170678722 -0.08301227413882574
0.4753526204492783 1.1819972387733246 -0.08301227413882574
0.5302288529985003 1.1827739942788265 -7.347880794884119e-17
1.0445782053118724 0.40453339287079465 -0.27321991158829384
1.0816290351835254 0.4729714980770934 -0.2221086505311583
1.122208203719221 0.3987852610791216 -0.21713580933611948
0.5069286423485834 0.6236674771139457 0.2311138287790254
1.118564469504122 0.5516555007730097 -0.16473718161681336
1.1214425647333714 0.606461712243823 -0.08172490747732145
1.1621371288201234 0.5220295777562335 -0.083012274139492
-0.06865175045603614 1.1971972632387715 0.2120749886835439
-0.0066420669747687955 1.134705909945307 0.2660894565138404
0.020232689736583757 1.1889124204696375 0.21663403755659433
0.8878362367177381 -0.7303470205341527 -0.25739048792749086
0.9642128072143787 -0.7347393587590492 -0.2018200453800623
0.896584246209529 -0.7898609525444704 -0.212009451158035
0.8098323877107627 0.9834882256796432 0.08301227413879651
0.8841249064229593 0.9172789848668732 0.08301227413879651
0.8623855529688277 0.9676714918426831 -7.347880794884119e-17
0.025551988896257625 0.7346203511967064 0.13539444897604014
0.008700391811740371 0.7914693601405225 0.21710793231677983
-0.06919566764358641 0.7663964756722477 0.1638941528472948
0.039878318582907885 0.6985146430115519 0.04405146598908159
0.025551988896257625 0.7346203511967064 0.13539444897604014
0.7337413567254971 -1.041489898014587 0.08301227413879671
0.6502127216301532 -1.0955824947789725 0.08301227413879671
0.7045643991612849 -1.0879733294198406 -7.347880794884119e-17
-0.1351796836435634 0.6880911205163762 0.026724256686522646
-0.1524609662477283 0.7175466138456317 0.1363441981005654
-0.23529657933222253 0.6960902676335764 0.08088778528053295
0.5985722171571163 1.0938249020481479 0.1645859850822033
0.6534484497063167 1.0946016575536022 0.08157371094345715
0.5661595315167438 1.14128917067877 0.08301227413874605
-0.08920135150198516 0.9073288039985412 0.27278844147186904
-0.17670799986013963 0.9474552883896098 0.2970006108546835
-0.17355391308625812 0.8633719690071324 0.26981980557084895
0.7370158251436021 1.040080035578091 -0.08209234341640419
0.6534871900482586 1.0941726323424765 -0.08209234341640419
0.7045643991612877 1.0879733294198386 -7.347880794884119e-17
0.2893506567352362 -1.2407069693051176 -0.08301227413903624
0.3853074067437289 -1.214337592493877 -0.08301227413903624
0.34346519192255953 -1.2498514391846716 -7.347880794884119e-17
-0.06919566764358641 0.7663964756722477 0.1638941528472948
-0.16931256333224556 0.7743956227894477 0.2180576814413051
-0.1524609662477283 0.7175466138456317 0.1363441981005654
0.7964240858588088 0.4893380666702417 0.29363868851565067
0.7126071221269119 0.4873580421856877 0.25462362496713065
0.47535262044929993 1.1819972387733726 0.08301227413874605
0.5661595315167438 1.14128917067877 0.08301227413874605
0.5302288529985003 1.1827739942788265 -7.347880794884119e-17
-0.19352645289146037 -1.2592160649654773 0.0830122741387462
-0.29122020281033034 -1.2402694786662305 0.0830122741387462
-0.24678220293679232 -1.27247613038833 -7.347880794884119e-17
-0.0984809772898549 -1.2701886014866366 -0.08301227413954425
0.0009600261176285901 -1.2740002608258745 -0.08301227413954425
-0.04964744961043882 -1.2952343760268148 -7.347880794884119e-17
0.3083621240233575 -0.799296631151236 0.2667789499493183
-0.7469066781108344 -0.381306345764292 0.24428763097639256
-0.6885738921260355 -0.4592081626203187 0.22695926906733865
-0.6680158907213148 -0.3634933316910503 0.1871461148839885
-0.30113409180348927 0.6397232419478911 -0.0723464544974107
-0.30113409180348927 0.6397232419478911 -0.0723464544974107
-0.29510669924937133 0.6364673660387683 0.026642197217066392
-0.37822549432480296 0.6095558336823383 -0.016972101146834513
0.38530740674377995 -1.2143375924940631 0.0830122741387462
0.28935065673528726 -1.2407069693053034 0.0830122741387462
0.34346519192255953 -1.2498514391846716 -7.347880794884119e-17
0.09731641836636482 0.8434737844529216 0.24036814297902087
0.002568761826520785 0.8752499089284629 0.26886784685027554
0.008700391811740371 0.7914693601405225 0.21710793231677983
-0.8549215260437235 0.024826893157256384 0.26520469117170015
-0.7873662639303719 -0.007372138820414601 0.20008981079437593
-0.8018574274585767 0.09323395742969312 0.20914219260219558
0.09656655886965332 1.2703355800511793 0.08301227413874616
0.1954240029281648 1.2589229703661085 0.08301227413874616
0.14865099785556082 1.287633425680982 -7.347880794884119e-17
-0.23529657933222253 0.6960902676335764 0.08088778528053295
-0.3123879818535362 0.6659228593680238 0.13626213863110914
-0.29510669924937133 0.6364673660387683 0.026642197217066392
1.1906650314741336 -0.3846569003349607 0.1588311753272309
1.140577032011128 -0.3419474613417771 0.21199314667248131
1.1091710341287835 -0.42451392729260673 0.21918651962274888
-0.44262254529825507 0.5510641399031577 -0.06471717793959464
-0.37822549432480296 0.6095558336823383 -0.016972101146834513
-0.4365951527441371 0.5478082639940349 0.034271473774882454
-0.567197305391816 -0.45243060230476595 0.08127976805221503
-0.5370501260170599 -0.5073084100955093 0.157747478986449
-0.49456432667236006 -0.5183438638531983 0.06920949406372943
-0.5943037660190646 0.4513854439917042 -0.15593299046058554
-0.53174082719851 0.5220742014662546 -0.11389938550841029
-0.5635551425381438 0.4186278127403039 -0.055507207970052916
-0.2509359313741052 -1.168469810325134 0.2154459144458079
-0.3398293584623773 -1.1453401353443085 0.2139710804987656
-0.3268578798532705 -1.2038797382625526 0.16454971433045018
-0.7250064047647395 0.518337286207075 -0.275161621214198
-0.6426389467349192 0.5836260621717619 -0.2548349560778619
-0.6448569087092513 0.48954305675296794 -0.23465183313527901
-0.676671224048885 0.38609666802701725 -0.17625965559692164
-0.6448569087092513 0.48954305675296794 -0.23465183313527901
-0.5943037660190646 0.4513854439917042 -0.15593299046058554
-0.5635551425381438 0.4186278127403039 -0.055507207970052916
-0.557130038952921 0.43099631803838434 0.04391910127840396
-0.6196929777734757 0.36030756056383395 0.001885496326228718
-0.4176905449155963 -0.5843045801246525 0.05786354946822775
-0.37830422437635947 -0.6211582130507791 0.13833759644641175
-0.3315776219943517 -0.63224112153149 0.0505239409166761
-0.41161307193700625 0.6497546255105131 0.1635629752145795
-0.4919838981512764 0.6155748534316525 0.2106811696563432
-0.45256892798495524 0.5721201856943551 0.12913474500940628
-0.4161125726051535 0.6697292619646653 -0.18891703456669018
-0.4365951527441371 0.5478082639940349 0.034271473774882454
-0.45256892798495524 0.5721201856943551 0.12913474500940628
-0.5169659789584073 0.5136284919151743 0.08138966821664616
-0.5477185341171814 -0.605998491297193 0.21388389035985322
-0.5302205783937917 -0.6850971362856672 0.2704137318900155
-0.4469191915742143 -0.6523203166324159 0.2022070465281257
-0.8172801988003136 -0.2999137548750598 0.2509667848905542
-0.8378382002050342 -0.3956285858043282 0.2907799390739043
-0.7469066781108344 -0.381306345764292 0.24428763097639256
-0.6491496206451153 0.27322032218728826 -0.03730078227292828
-0.6196929777734757 0.36030756056383395 0.001885496326228718
-0.6427245170598925 0.2855888274853686 0.06212552697552859
-0.4469191915742143 -0.6523203166324159 0.2022070465281257
-0.3608062686529696 -0.7002568580392534 0.19486743797657405
-0.37830422437635947 -0.6211582130507791 0.13833759644641175
-0.8144008954186276 0.36384588977214266 -0.27549724446471213
-0.5169659789584073 0.5136284919151743 0.08138966821664616
-0.5731038141937392 0.4553082397387044 0.1387823725129278
-0.557130038952921 0.43099631803838434 0.04391910127840396
-0.4478377242903523 -0.5294267723339091 -0.018604161466006228
-0.49456432667236006 -0.5183438638531983 0.06920949406372943
-0.4176905449155963 -0.5843045801246525 0.05786354946822775
-0.33933984744442686 -0.7720578409407381 0.25929020432016553
-0.270724880246572 -0.7408957373591015 0.1954207542384516
-0.3608062686529696 -0.7002568580392534 0.19486743797657405
-0.7250064047647395 0.518337286207075 -0.275161621214198
-0.5406333995859387 0.6812284592885268 0.2670242668826687
-0.5815892556338877 0.6035940194723688 0.23259603667749554
-0.4919838981512764 0.6155748534316525 0.2106811696563432
-0.7872235502493965 0.7345161180139048 0.28652177571829207
-0.7278087773848277 0.6551729766814693 0.29276402742529617
-0.6896535299331186 0.7485907666616787 0.28269688219681693
-0.8021805123109773 0.18831414827346388 0.23729448450868734
-0.8018574274585767 0.09323395742969312 0.20914219260219558
-0.7346252501976258 0.15611511629579292 0.17217960413136313
-0.5782697703585488 -0.38490314896625033 0.014404274982658598
-0.6207555697032487 -0.37386769520856145 0.10294225990537817
-0.567197305391816 -0.45243060230476595 0.08127976805221503
-0.502137844006858 0.7725825721672186 0.27234571544823705
-0.5917432014894692 0.7606017382079349 0.29426058246938935
-0.5406333995859387 0.6812284592885268 0.2670242668826687
-0.9557031725452511 -0.01328215665418394 -0.2962596362365013
-0.8599192010364061 0.02883007825567198 -0.25420843447064995
-0.6427245170598925 0.2855888274853686 0.06212552697552859
-0.6741081046191397 0.311935686500739 0.15082185080627025
-0.7035647474907792 0.2248484481241933 0.11163557220711325
-0.9796906606591468 0.2735472496652974 0.2911868550782919
-0.9672776522597486 0.175688343779908 0.28040004414700853
-0.8818256979713265 0.22329189529275356 0.28504388391080315
-0.6663498984717497 0.4108999427185446 0.18001019414969247
-0.7271901289026366 0.3501595633573692 0.2295202393812771
-0.6741081046191397 0.311935686500739 0.15082185080627025
-0.7231804312402005 0.10081900805657062 -0.11687195859258594
-0.7075464714516279 0.1913530081293652 -0.0820270691463709
-0.6878151197201047 0.10796758903602832 -0.011905641069843452
-0.7188756224269512 0.03923425720762794 0.04863839085440645
-0.7182719599176354 -0.03279278732333388 0.1166104102878514
-0.7028454169993614 -0.05459345556772808 0.02122148891738645
-0.6129288562539268 -0.7352897621706218 0.29061868892440085
-0.5121295137109597 -0.7816115875058447 0.27894184509267334
-0.5302205783937917 -0.6850971362856672 0.2704137318900155
-0.7429484567286307 -0.10947191396521919 -0.1595531595476563
-0.7470204061212121 -0.01045694120470702 -0.13123697258564185
-0.6993771301160959 -0.08158138379727845 -0.07506671747807295
-0.7506824331601312 -0.21346284110323038 -0.17946716468204651
-0.7983257091652474 -0.142338398510659 -0.23563741978961542
-0.7429484567286307 -0.10947191396521919 -0.1595531595476563
-0.6511579743540379 0.8399448795403703 0.28801833076238526
-0.6896535299331186 0.7485907666616787 0.28269688219681693
-0.5917432014894692 0.7606017382079349 0.29426058246938935
-0.6790883556880476 -0.29596587835253474 0.12027062181443207
-0.6680158907213148 -0.3634933316910503 0.1871461148839885
-0.6207555697032487 -0.37386769520856145 0.10294225990537817
-0.8145935207103756 0.2861730541588533 0.24808129543997073
-0.8818256979713265 0.22329189529275356 0.28504388391080315
-0.8021805123109773 0.18831414827346388 0.23729448450868734
-0.6993771301160959 -0.08158138379727845 -0.07506671747807295
-0.7028454169993614 -0.05459345556772808 0.02122148891738645
-0.69877346760678 -0.15360842832824023 -0.007094698044627999
-0.6878151197201047 0.10796758903602832 -0.011905641069843452
-0.7032416626383786 0.12976825728042252 0.08348328030062149
-0.7188756224269512 0.03923425720762794 0.04863839085440645
-0.663566607696748 -0.24346829921391822 -0.03365806880213283
-0.69877346760678 -0.15360842832824023 -0.007094698044627999
-0.6670348945800135 -0.21648037098436784 0.06263013759332657
-0.7035647474907792 0.2248484481241933 0.11163557220711325
-0.7346252501976258 0.15611511629579292 0.17217960413136313
-0.7032416626383786 0.12976825728042252 0.08348328030062149
-0.7983257091652474 -0.142338398510659 -0.23563741978961542
-0.5154042104791937 -0.5181905145159189 -0.09651425939416163
-0.4478377242903523 -0.5294267723339091 -0.018604161466006228
-0.5840987106328845 -0.426564977088597 -0.08823182793113132
-0.6376569749443173 -0.3480020699923924 -0.06656933607796818
-0.5782697703585488 -0.38490314896625033 0.014404274982658598
-0.3315776219943517 -0.63224112153149 0.0505239409166761
-0.24204902801112554 -0.6725550313631581 0.04532090631329713
-0.6670348945800135 -0.21648037098436784 0.06263013759332657
-0.7142952155980797 -0.20610600746685676 0.1468339925719369
-0.6790883556880476 -0.29596587835253474 0.12027062181443207
0.7126071221269119 0.4873580421856877 0.25462362496713065
0.661875670335164 0.5572319791638073 0.25717580598265805
0.6241520786330844 0.4840358497902222 0.2185754934967246
-0.24204902801112554 -0.6725550313631581 0.04532090631329713
-0.1968537754365957 -0.6944657835761594 0.1276461224531929
-0.17355391308625812 0.8633719690071324 0.26981980557084895
-0.2568192116904 0.8145221071805164 0.24226985082411956
-0.16931256333224556 0.7743956227894477 0.2180576814413051
-0.052712301394964134 -0.7775295330966685 0.1874979439675056
0.04571114796201449 -0.7780336347859009 0.18767506230389755
-0.0030928000610979806 -0.7203409143839345 0.12447137534791765
-1.107609152000435 0.15682013694414443 0.27217459298745217
0.6306759571972416 -0.9825700400368582 -0.2389032344246797
-0.0030928000610979806 -0.7203409143839345 0.12447137534791765
0.8629162699329056 -0.07942748235616501 0.2675392344752351
0.8629162699317359 0.07942748235613914 0.2675392344744678
0.8500536133255779 -0.24612358351835445 0.2721002378163736
0.4726320918196277 0.7791627815619037 0.27054823771227593
0.39581065799664994 0.8581118103924985 0.29112211985727576
0.36361522403285246 0.7723741962901445 0.2616738651907986
-0.6526349144549539 -0.46406127912957884 -0.21540827252375266
-0.5747914150649622 -0.481289435542061 -0.17748787045478842
0.9134313244570196 -0.8572860886643565 -0.15687900358531925
0.9548194441935958 -0.8478577708996411 -0.07821950430530324
0.8952899519444459 -0.9108905687946307 -0.07865949928001609
0.36361522403285246 0.7723741962901445 0.2616738651907986
-1.0645848930335058 -0.23824715193553875 0.2793942799719056
0.9001737963327747 0.8608203619368939 0.16657874715110746
0.9527269615908398 0.8450036280999338 0.08356647301231086
0.8841249064229593 0.9172789848668732 0.08301227413879651
0.8132121634113856 -0.403698791673349 0.2853177930817575
0.7819611695716748 0.6576137085762475 0.2862212878455149
0.7265192988759916 0.7360203913508957 0.288335995688224
0.6948888431333085 0.6389608543339209 0.2953386452957732
0.6534871900482586 1.0941726323424765 -0.08209234341640419
0.5986109574990366 1.0933958768369745 -0.16510461755522984
0.566159531516722 1.141289170678722 -0.08301227413882574
0.6948888431333085 0.6389608543339209 0.2953386452957732
0.606433799639481 0.6356386619384555 0.25929051382536716
0.661875670335164 0.5572319791638073 0.25717580598265805
1.1325964662814316 0.08018181995026961 -0.2613630457260038
1.207596466281432 0.0801818199502696 -0.2068723561256019
1.1677050983124824 -2.860052621992856e-16 -0.2308262652881447
1.2067059833850982 -0.07905684886719866 -0.207663907717577
1.1317059833850975 -0.07905684886719865 -0.2621545973179789
1.1677050983124824 -2.860052621992856e-16 -0.2308262652881447
1.207596466281439 0.08018181995017559 0.20687235612560606
1.132596466281439 0.0801818199501756 0.26136304572600816
1.1677050983124841 -2.860052621992859e-16 0.23082626528814393
1.132596466281413 -0.08018181995012288 0.26136304572603375
1.2075964662814132 -0.0801818199501229 0.20687235612563165
1.1677050983124841 -2.860052621992859e-16 0.23082626528814393
0.6534484497063167 1.0946016575536022 0.08157371094345715
0.7369770848016601 1.0405090607892165 0.08157371094345715
0.7045643991612877 1.0879733294198386 -7.347880794884119e-17
0.8123807753977159 -0.9836987768088672 0.0801501139002584
0.7580290978665842 -0.9913079421679991 0.1631623880390552
0.7337413567254971 -1.041489898014587 0.08301227413879671
0.6328819854648615 -1.0092580564690152 0.2174750479559947
0.53571757751603 -1.0212198370130914 0.2553659678534759
0.5822252712455338 -1.061060843917795 0.2039154681750747
1.1648161960459835 -0.5234014835821788 -0.07831347578903049
1.2020162388570026 -0.4311019780555298 -0.07831347578903049
1.202215266860391 -0.48453628370039903 -7.347880794884119e-17
1.1646490007730064 0.5198011619744531 0.08070302979243756
1.201849043584025 0.42750165644780447 0.08070302979243756
1.2022152668603914 0.48453628370039803 -7.347880794884119e-17
1.0883876119598286 -0.48375116458249623 -0.21401440089444515
1.0484509321171265 -0.4113592095714146 -0.2702933401766039
1.124680488199893 -0.3975752229262278 -0.21290589086021963
0.8761286580049288 0.34546963200702097 0.2949089096029833
0.9669229609312568 0.35833761130172936 0.28618249854438393
0.9333117608149539 0.4309899410759191 0.28532702851963787
0.7113778150035768 -0.6253176129562273 0.28878877433962646
0.7742560504724758 -0.544839965062802 0.2879704657042357
0.6819765028810111 -0.5544830289157441 0.27701493322808246
-0.5064198861454163 -1.1393888168764645 0.16454971433031285
0.04858461841324896 -1.2465670586336062 -0.16392966934572162
0.09741814609266504 -1.2716128331737844 -0.08091739520617744
0.0009600261176285901 -1.2740002608258745 -0.08301227413954425
0.8875180736352193 0.915787105356217 -0.08124914937688779
0.8132255549230227 0.981996346168987 -0.08124914937688779
0.8623855529688277 0.9676714918426831 -7.347880794884119e-17
-0.0984809772898549 -1.2701886014866366 -0.08301227413954425
1.155558503898763 -0.31295659906739226 -0.20702320385728623
1.195495183741465 -0.38534855407847396 -0.1507442645751275
1.124680488199893 -0.3975752229262278 -0.21290589086021963
0.9382027365103657 -0.25885824498680043 0.29710403737812907
0.9066867613630825 -0.17158962618077578 0.27476531362367934
0.8500536133255779 -0.24612358351835445 0.2721002378163736
1.1214425647333714 0.606461712243823 -0.08172490747732145
1.0705890372070521 0.6920009467724024 -0.08172490747732145
1.1141616965230536 0.6623750237556263 -7.347880794884119e-17
0.24059512699819885 1.223733822910061 0.16418492196314194
0.2926795659841064 1.2410316685398635 0.0811726478243957
0.1954240029281648 1.2589229703661085 0.08301227413874616
-0.351575641875778 -0.8471309512523877 0.2798622781141847
-0.3974920919994027 -0.9346748179473079 0.2982420943702986
-0.29517490916165395 -0.9002405869555066 0.2782233368381569
-0.13987072325483854 1.2392065935032406 0.1643220590018952
-0.3288876471416601 1.2021213092840546 0.16604261340980836
0.5471866311102173 -1.1554182088497051 -0.0739746002655715
0.5379146819270276 -1.116139338720018 -0.1746938492064903
0.6117638148827512 -1.102787056054539 -0.1007192489409189
0.9548194441935958 -0.8478577708996411 -0.07821950430530324
1.0181344928514513 -0.7710837745267873 -0.07821950430530324
0.9999931203388776 -0.8246882546570615 -7.347880794884119e-17
0.9536474508437602 0.0754462576007699 0.2925516502580894
0.9092688190879796 0.15487373995690926 0.2747739298440109
0.8629162699317359 0.07942748235613914 0.2675392344744678
0.9527269615908398 0.8450036280999338 0.08356647301231086
1.0160420102486947 0.76822963172708 0.08356647301231086
0.9999931203388792 0.8246882546570594 -7.347880794884119e-17
-0.6526349144549539 -0.46406127912957884 -0.21540827252375266
-0.7188672081741156 -0.41741245931129933 -0.227771017012831
0.8866732941099125 -0.9174895359960973 0.0801501139002584
0.8123807753977159 -0.9836987768088672 0.0801501139002584
0.8623855529688256 -0.9676714918426852 -7.347880794884119e-17
0.9958093946879405 -0.44929851483371164 0.28248114433276106
0.9703263115693196 -0.35759834531190116 0.2833937262694113
0.9070526715914822 -0.42509237184618953 0.29352637963417305
1.1926896684138706 0.38068789761818655 -0.15704846373720632
1.1556388385422176 0.31224979241188777 -0.20815972479434186
1.122208203719221 0.3987852610791216 -0.21713580933611948
0.8810720802207093 0.7091353564079979 -0.2681491663538558
0.899747716668413 0.788054565147855 -0.21283029038167867
0.9503196859932119 0.7164215133289678 -0.21558696001379013
1.1277253384074521 -0.24164848282477158 -0.2540885349448948
0.09741814609266504 -1.2716128331737844 -0.08091739520617744
0.19627559015117615 -1.260200223488714 -0.08091739520617744
0.1486509978555558 -1.2876334256809825 -7.347880794884119e-17
-0.3801136298986024 -1.2171398036854049 0.0815374401917039
1.0705890372070521 0.6920009467724024 -0.08172490747732145
1.0234326139291428 0.7157141786647121 -0.1618589494981279
1.016151745718825 0.7716274901765154 -0.08013404202080654
0.2926795659841064 1.2410316685398635 0.0811726478243957
0.38863631599259846 1.2146622917286225 0.0811726478243957
0.3434651919225644 1.24985143918467 -7.347880794884119e-17
-0.24678220293679232 -1.27247613038833 -7.347880794884119e-17
-0.9408495217629852 0.080122204345542 0.2869901255186806
-0.9263583582347804 -0.02048389190456572 0.27793774371086094
-0.8549215260437235 0.024826893157256384 0.26520469117170015
0.004008280026182871 1.2752249045645776 0.08130978486314885
0.6702074955145316 -1.046339203356613 -0.16971371068510144
0.6794794446977213 -1.0856180734863 -0.06899446174418264
0.6117638148827512 -1.102787056054539 -0.1007192489409189
1.0181344928514513 -0.7710837745267873 -0.07821950430530324
1.0266777666582458 -0.7165807655931768 -0.157098057378941
1.0718514428035275 -0.6934112493505973 -0.07887855307363784
0.9669229609312568 0.35833761130172936 0.28618249854438393
0.9973925235835268 0.28035078159377336 0.28478777259478427
1.054575626393552 0.36587109066267154 0.2752058915114388
1.0160420102486947 0.76822963172708 0.08356647301231086
1.0215637740289811 0.7136263866530603 0.16657874714941906
1.0688299327770205 0.693311013210186 0.08301227413710811
0.8938183835116552 -0.8680887158847848 0.1671188457992006
0.8866732941099125 -0.9174895359960973 0.0801501139002584
0.9438231610827648 -0.8520614309186028 0.08696873189894211
0.02831133018914661 -1.1729626260579926 0.241109333744038
0.09650262366665749 -1.102684301663654 0.26338122415460796
0.003087860156605393 -1.0860915478161655 0.27716876905222015
-0.04043759821510973 -1.2113601464607489 0.19637798071059753
0.05297716529494237 -1.2279529003082374 0.18259043581298529
0.02831133018914661 -1.1729626260579926 0.241109333744038
-0.10256351734516779 -1.0724358950480537 0.2774462252125848
0.003087860156605393 -1.0860915478161655 0.27716876905222015
-0.03437222386765691 -1.0021575706537151 0.29971811562315476
0.23811780497234544 -1.2246863767979197 -0.16392966934521358
0.05078128509878686 1.246514449249704 0.16432205900189512
0.020232689736583757 1.1889124204696375 0.21663403755659433
0.11279096858005419 1.1840230959562394 0.21833652683219165
0.4099117516779843 -0.836149261649761 0.28207982791336655
0.5055499911616923 -0.8713571844185655 0.2996758854818278
0.49836849007480855 -0.7926981994515654 0.28180442258436
0.7854004755319266 -0.6908033984014295 0.2938650551868714
0.7113778150035768 -0.6253176129562273 0.28878877433962646
0.6931209279404619 -0.7004464622543716 0.2829095227107181
-0.43521767108064713 1.0944371535919006 0.22307598780140203
-0.4416570302821756 -0.8064920719325396 0.27930896185230714
-0.351575641875778 -0.8471309512523877 0.2798622781141847
-0.33933984744442686 -0.7720578409407381 0.25929020432016553
0.07043922626191551 -1.267645654981485 0.1245999748181362
0.13918815466617185 -1.2292481345787285 0.1693313278515767
0.05297716529494237 -1.2279529003082374 0.18259043581298529
1.0234326139291428 0.7157141786647121 -0.1618589494981279
1.0047569774814389 0.636794969924855 -0.21717782547030506
0.9503196859932119 0.7164215133289678 -0.21558696001379013
0.19627559015117615 -1.260200223488714 -0.08091739520617744
0.23811780497234544 -1.2246863767979197 -0.16392966934521358
0.2893506567352362 -1.2407069693051176 -0.08301227413903624
1.086243917125199 0.15562807755094576 0.2685977410955514
1.046352549156244 0.07544625760076987 0.29255165025808927
1.132596466281439 0.0801818199501756 0.26136304572600816
1.1317059833850975 -0.07905684886719865 -0.2621545973179789
0.7369770848016601 1.0405090607892165 0.08157371094345715
0.7587164382557918 0.9901165538134067 0.16458598508225375
0.8098323877107627 0.9834882256796432 0.08301227413879651
-0.3268578798532705 -1.2038797382625526 0.16454971433045018
-0.3801136298986024 -1.2171398036854049 0.0815374401917039
-0.29122020281033034 -1.2402694786662305 0.0830122741387462
1.2810848597462405 0.07342385662829434 0.06467306760328521
1.2524374089024826 0.07342385662829434 0.15284085544715614
1.271352549156242 -3.1139156598240406e-16 0.08816778784387086
1.2810848597468691 -0.07342385662621115 -0.06467306760248365
1.2524374089031105 -0.07342385662621115 -0.152840855446355
1.2713525491562416 -3.1139156598240397e-16 -0.08816778784387144
0.38863631599259846 1.2146622917286225 0.0811726478243957
0.4245669945108419 1.173177468128566 0.16418492196314183
0.47535262044929993 1.1819972387733726 0.08301227413874605
0.7621483458099937 0.9881956490916249 -0.1633414927932919
0.7370158251436021 1.040080035578091 -0.08209234341640419
0.8132255549230227 0.981996346168987 -0.08124914937688779
0.839288104341998 0.5752858131603169 0.2880525750882987
0.8709185600846812 0.6723453501772917 0.2810499254807495
0.7819611695716748 0.6576137085762475 0.2862212878455149
0.004008280026182871 1.2752249045645776 0.08130978486314885
0.05078128509878686 1.246514449249704 0.16432205900189512
0.09656655886965332 1.2703355800511793 0.08301227413874616
1.046352549156244 0.07544625760076987 0.29255165025808927
0.9536474508437602 0.0754462576007699 0.2925516502580894
1.0000000000000002 -2.4492935982947074e-16 0.28531695488854614
0.7587164382557918 0.9901165538134067 0.16458598508225375
0.6754460252255152 0.9741496492253181 0.2190549848599123
0.7483013281346177 0.9171288141157448 0.22049354805525165
1.046276386243692 -0.568221695822335 -0.21457947817905249
1.0883876119598286 -0.48375116458249623 -0.21401440089444515
1.1225059423264585 -0.5544377091771482 -0.15719202886266825
1.1556388385422176 0.31224979241188777 -0.20815972479434186
1.199304068743624 0.2272580344257461 -0.19274075787944484
1.1288226040489744 0.2453553978866812 -0.252828103478358
1.2554424270756601 0.24629824921774462 -0.0740361895977144
1.2327678064541385 0.3431946035623511 -0.0740361895977144
1.2620899302929316 0.29534042382914294 -7.347880794884119e-17
1.2534177901354655 -0.25026725193433436 0.07581890118848161
1.2307431695139441 -0.3471636062789406 0.07581890118848161
1.2620899302929316 -0.2953404238291438 -7.347880794884119e-17
0.4257532718521032 -1.1829247316849065 0.1463462453276618
0.5026872677222005 -1.1168394826084946 0.1842371652251935
0.408126867426605 -1.1391078735382831 0.2039154681750242
1.198540033949024 -0.22942181397701772 -0.19192690865980266
1.155558503898763 -0.31295659906739226 -0.20702320385728623
1.1277253384074521 -0.24164848282477158 -0.2540885349448948
-0.1268681079371562 -1.246679916977186 0.15194181552851865
-0.04043759821510973 -1.2113601464607489 0.19637798071059753
-0.15153394304295192 -1.191689642726941 0.21046071345957135
-0.9557031725452511 -0.01328215665418394 -0.2962596362365013
-0.6121558075809905 -0.9013767168798588 0.27734870193612615
-0.5416833241522064 -0.9262572013065538 0.27771581869576
-0.5243653081423109 -0.8566846978174942 0.2995139188866925
0.13918815466617185 -1.2292481345787285 0.1693313278515767
0.24392154359482632 -1.2370670059333355 0.13868270756711004
0.22645948262785315 -1.197374251260088 0.19667316856195916
1.273467135203467 0.17264589137056274 0.06467306760328521
1.2810848597462405 0.07342385662829434 0.06467306760328521
1.2923822754572265 0.0992220347422681 -7.347880794884119e-17
1.2734671352040956 -0.1726458913684798 -0.06467306760248365
1.2810848597468691 -0.07342385662621115 -0.06467306760248365
1.2923822754572265 -0.09922203474226896 -7.347880794884119e-17
-0.8082656502310137 0.46919369809708045 0.2789561117911781
-0.8956690420387527 0.40520718889856455 0.2975171678498717
-0.8068353145629856 0.3851373103766589 0.27726963878339295
-0.4752237619807588 0.8388511407703395 0.29383620425307133
-0.42391218934704833 0.9186937661565617 0.2840908372659324
-0.5019360732766781 0.9317984764728489 0.2898366640478188
1.2328942545558725 -0.34648335419669424 -0.07243078878609709
1.255568875177394 -0.249586999852088 -0.07243078878609709
1.2620899302929316 -0.2953404238291438 -7.347880794884119e-17
1.2322832800847425 0.3450753215952266 0.0740880091144825
1.254957900706264 0.2481789672506201 0.0740880091144825
1.2620899302929316 0.29534042382914294 -7.347880794884119e-17
0.9333117608149539 0.4309899410759191 0.28532702851963787
0.9761757792981431 0.5169376875659943 0.2797409150922859
0.8853814763718151 0.5040697082712859 0.28846732615088533
0.6466812088679021 -0.8741037807816125 0.27786240440075227
0.7332496383230498 -0.8431168435212144 0.2721550661033232
0.6805751590136642 -0.7969191849599718 0.2936931418553922
0.8810720802207093 0.7091353564079979 -0.2681491663538558
0.4510770580307852 -0.993915435539316 0.2708788394416951
0.3439827268893365 -0.969736091315986 0.2969590749956983
0.37796653215525355 -1.048843280238541 0.26788662362655913
-0.08243010806361814 -1.2788865686992854 0.06892954138977236
-0.1268681079371562 -1.246679916977186 0.15194181552851865
-0.19352645289146037 -1.2592160649654773 0.0830122741387462
-0.0005853249473607158 0.9593332283109403 0.29604865213411
-0.08920135150198516 0.9073288039985412 0.27278844147186904
0.002568761826520785 0.8752499089284629 0.26886784685027554
0.5998516756710321 -1.1048777020644185 0.1463462453277123
0.5706747181068199 -1.151361133469672 0.06333397118891551
0.6502127216301532 -1.0955824947789725 0.08301227413879671
0.45637972004277294 -1.1961262769443075 -0.0739746002655715
0.5471866311102173 -1.1554182088497051 -0.0739746002655715
0.5302288529984965 -1.1827739942788287 -7.347880794884119e-17
0.899747716668413 0.788054565147855 -0.21283029038167867
0.8344290932426623 0.855440183954703 -0.2139453977377599
0.903676699015165 0.8627263408756729 -0.16138319139769425
1.2327678064541385 0.3431946035623511 -0.0740361895977144
1.1926896684138706 0.38068789761818655 -0.15704846373720632
1.199337171631142 0.42973007222958487 -0.083012274139492
0.47986780703937554 -1.1920692015642746 0.06333397118891551
0.4257532718521032 -1.1829247316849065 0.1463462453276618
0.38530740674377995 -1.2143375924940631 0.0830122741387462
1.2307431695139441 -0.3471636062789406 0.07581890118848161
1.1906650314741336 -0.3846569003349607 0.1588311753272309
1.1993371716315995 -0.4297300722297702 0.0830122741387492
1.281738313046823 0.06704298490760895 -0.06479004647141909
1.2741205885040494 0.16626501964987733 -0.06479004647141909
1.2923822754572265 0.0992220347422681 -7.347880794884119e-17
1.281738313046848 -0.06704298490761415 0.06479004647136696
1.2741205885040745 -0.1662650196498828 0.06479004647136696
1.2923822754572265 -0.09922203474226896 -7.347880794884119e-17
-0.16450542165205873 -1.1331500398086969 0.2598820796278868
-0.2509359313741052 -1.168469810325134 0.2154459144458079
-0.15153394304295192 -1.191689642726941 0.21046071345957135
0.6794794446977213 -1.0856180734863 -0.06899446174418264
0.7630080797930652 -1.0315254767219146 -0.06899446174418264
0.7045643991612849 -1.0879733294198406 -7.347880794884119e-17
-0.18594498130125786 1.1078358071440881 0.2707639538391466
-0.1667454799661911 1.18500008297891 0.21377747795914132
-0.25716395410006027 1.149845137408557 0.2230110241574979
0.8853814763718151 0.5040697082712859 0.28846732615088533
0.839288104341998 0.5752858131603169 0.2880525750882987
0.7964240858588088 0.4893380666702417 0.29363868851565067
1.2530908622030645 0.06704298490760895 -0.15295783431529045
1.281738313046823 0.06704298490760895 -0.06479004647141909
1.2713525491562416 -3.1139156598240397e-16 -0.08816778784387144
1.25309086220309 -0.06704298490761415 0.1529578343152379
1.281738313046848 -0.06704298490761415 0.06479004647136696
1.271352549156242 -3.1139156598240406e-16 0.08816778784387086
0.8641387481485936 0.21583613347255484 0.27276294684405933
0.8878362367177381 -0.7303470205341527 -0.25739048792749086
-0.6945103230664145 -0.898380009334639 0.2648126998561556
-0.8552539312857946 0.7025852514800176 0.27212691453947074
-0.9347890127057225 0.6853878362958509 0.25183965817650666
-0.9049138791210334 0.6239009128495286 0.2763016645838072
1.195495183741465 -0.38534855407847396 -0.1507442645751275
1.2328942545558725 -0.34648335419669424 -0.07243078878609709
1.2020162388570026 -0.4311019780555298 -0.07831347578903049
-0.6895358538369714 0.9000400952480998 0.2656029498374253
1.1947170139973575 0.38034019986928164 0.15479103890692014
1.2322832800847425 0.3450753215952266 0.0740880091144825
1.201849043584025 0.42750165644780447 0.08070302979243756
-0.9347890127057225 0.6853878362958509 0.25183965817650666
0.9852755951206003 -0.6468093257712759 0.23314680825866102
0.9324327834532685 -0.7386079707454202 0.22069929151294254
1.0038110621518392 -0.710861965833146 0.18638498054360275
1.0445782053118724 0.40453339287079465 -0.27321991158829384
0.24392154359482632 -1.2370670059333355 0.13868270756711004
0.20207932877360596 -1.272580852623944 0.055670433428363766
0.28935065673528726 -1.2407069693053034 0.0830122741387462
0.10322188471509483 -1.2839934623090143 0.055670433428363766
0.07043922626191551 -1.267645654981485 0.1245999748181362
0.01701089534386535 -1.2826982280385235 0.06892954138977236
-1.0387144844508054 0.1303775587180859 0.2931330966861693
-0.9408495217629852 0.080122204345542 0.2869901255186806
-0.9672776522597486 0.175688343779908 0.28040004414700853
-0.591625525393322 0.9120510667943561 0.27716665010999775
-0.6895358538369714 0.9000400952480998 0.2656029498374253
-0.6511579743540379 0.8399448795403703 0.28801833076238526
1.1550982197719484 0.29289906298570967 0.21099359189540215
1.128766511648108 0.22412395042753352 0.2556101510626547
1.1988195423742345 0.2291387524585276 0.1927925773962177
-0.5403139527596116 0.9918936921805783 0.26742128312285884
0.01701089534386535 -1.2826982280385235 0.06892954138977236
-0.08243010806361814 -1.2788865686992854 0.06892954138977236
-0.04964744961043882 -1.2952343760268148 -7.347880794884119e-17
-0.5403139527596116 0.9918936921805783 0.26742128312285884
-0.591625525393322 0.9120510667943561 0.27716665010999775
-0.5019360732766781 0.9317984764728489 0.2898366640478188
-0.1667454799661911 1.18500008297891 0.21377747795914132
-0.06865175045603614 1.1971972632387715 0.2120749886835439
-0.13987072325483854 1.2392065935032406 0.1643220590018952
1.017929757166455 -0.6570668335828591 -0.20247909414839688
0.9838114267998249 -0.5863802889882073 -0.2593014661801738
1.046276386243692 -0.568221695822335 -0.21457947817905249
0.4022651848554496 -1.1869818070647535 -0.15698687440460765
0.45637972004277294 -1.1961262769443075 -0.0739746002655715
0.3853074067437289 -1.214337592493877 -0.08301227413903624
-0.09394097272162767 1.0672014380477297 0.2807498271982468
-0.18594498130125786 1.1078358071440881 0.2707639538391466
-0.18435944685549685 1.032046492477377 0.2899833733966034
0.9678215431608426 0.5581109672289385 -0.27454929438465003
-0.20196550567632104 -1.0492160626462468 0.28243142619882133
-0.16450542165205873 -1.1331500398086969 0.2598820796278868
-0.10256351734516779 -1.0724358950480537 0.2774462252125848
1.2741205885040494 0.16626501964987733 -0.06479004647141909
1.2447984646652566 0.21411919938308546 -0.1388262360691334
1.2554424270756601 0.24629824921774462 -0.0740361895977144
1.2741205885040745 -0.1662650196498828 0.06479004647136696
1.242773827725087 -0.21808820209967955 0.14060894765984866
1.2534177901354655 -0.25026725193433436 0.07581890118848161
0.5706747181068199 -1.151361133469672 0.06333397118891551
0.47986780703937554 -1.1920692015642746 0.06333397118891551
0.5302288529984965 -1.1827739942788287 -7.347880794884119e-17
-0.5475265465187117 -1.0141816271562016 0.25609034162661104
-0.6132811444700881 -1.03448839542006 0.21078757501120574
-0.5313338673979138 -1.0777208022073435 0.2113273148926231
-0.3024993846342453 -1.0488573305286584 0.28073521685419706
-0.20196550567632104 -1.0492160626462468 0.28243142619882133
-0.24055748032735438 -0.9881431857680151 0.2982993624388951
0.7680121023580454 -0.9269091301525672 0.2083122782246001
0.6893726836858267 -0.984700251358287 0.2111744384631384
0.7580290978665842 -0.9913079421679991 0.1631623880390552
0.501733772250113 -0.9421126480905364 0.28443841922261515
0.5901905106469372 -0.8986615858923408 0.28416301389360854
0.5055499911616923 -0.8713571844185655 0.2996758854818278
-0.44066528819403994 -1.119082048612606 0.20985248094571815
-0.5313338673979138 -1.0777208022073435 0.2113273148926231
-0.5064198861454163 -1.1393888168764645 0.16454971433031285
0.9232165355660663 -0.595673936025775 0.28003745846276185
0.9852755951206003 -0.6468093257712759 0.23314680825866102
0.994594814264637 -0.5679279311135008 0.24572314749342206
0.5375143067210957 1.0769763088042423 0.2099971438904042
0.6248032249106688 1.0302887956790745 0.2085585806951153
0.5985722171571163 1.0938249020481479 0.1645859850822033
-1.0118188130035246 0.5167130657288652 0.26473218931279974
-0.8956690420387527 0.40520718889856455 0.2975171678498717
-0.9681440215864343 0.4579931052056774 0.2863268056312066
-0.9667136859184063 0.3739367174852558 0.2846403326234215
-0.9049138791210334 0.6239009128495286 0.2763016645838072
-0.9407741691238709 0.547983537142174 0.27760902453924996
-0.8612390877039431 0.5651809523263407 0.2978962809022141
0.25046856630811287 1.0876992575885844 0.26928589957052695
0.16004271994658326 1.1380031845505285 0.25754102288063035
0.17266821957938075 1.076117140214229 0.2823933820767875
-0.6132811444700881 -1.03448839542006 0.21078757501120574
0.954869929060618 0.2118549087171856 0.29777536262768095
0.8641387481485936 0.21583613347255484 0.27276294684405933
0.9092688190879796 0.15487373995690926 0.2747739298440109
0.3547938655824976 -1.145969265866036 -0.21270230346906274
0.7630080797930652 -1.0315254767219146 -0.06899446174418264
0.7959124787686856 -0.9747445536738599 -0.14765396102419864
0.8209974332322494 -0.9770998096074006 -0.07865949928001609
0.20207932877360596 -1.272580852623944 0.055670433428363766
0.10322188471509483 -1.2839934623090143 0.055670433428363766
0.1486509978555558 -1.2876334256809825 -7.347880794884119e-17
-0.42411396007722824 0.7594778618509315 0.2665998886663507
-0.4752237619807588 0.8388511407703395 0.29383620425307133
-0.502137844006858 0.7725825721672186 0.27234571544823705
0.6143881147894946 0.9573010559814126 0.26446614366811316
0.5342864201290367 0.9391702990497133 0.27698311594103464
0.5849292204438832 0.8830311525959569 0.28747952010583167
0.5986109574990366 1.0933958768369745 -0.16510461755522984
0.14865099785556082 1.287633425680982 -7.347880794884119e-17
-0.5243653081423109 -0.8566846978174942 0.2995139188866925
-0.4416570302821756 -0.8064920719325396 0.27930896185230714
-0.5121295137109597 -0.7816115875058447 0.27894184509267334
1.2524374089024826 0.07342385662829434 0.15284085544715614
1.2173287768714376 0.15360567657847024 0.1833776358850204
1.207596466281439 0.08018181995017559 0.20687235612560606
1.2524374089031105 -0.07342385662621115 -0.152840855446355
1.2164382939757257 -0.1524807054934095 -0.1841691874761892
1.2067059833850982 -0.07905684886719866 -0.207663907717577
0.7742560504724758 -0.544839965062802 0.2879704657042357
0.8680965586525723 -0.5662335452356426 0.2961790522566513
0.8386952465300066 -0.4953989611951594 0.2844052111451073
1.128766511648108 0.22412395042753352 0.2556101510626547
1.042522594522913 0.2193883880781278 0.2867987555947359
1.086243917125199 0.15562807755094576 0.2685977410955514
-0.8170986838340855 0.796003041460227 0.2620597693109915
-0.8552539312857946 0.7025852514800176 0.27212691453947074
-0.7872235502493965 0.7345161180139048 0.28652177571829207
0.3547938655824976 -1.145969265866036 -0.21270230346906274
0.4258661788815417 -1.1277579503164665 -0.203664629595598
0.4022651848554496 -1.1869818070647535 -0.15698687440460765
-0.3974920919994027 -0.9346748179473079 0.2982420943702986
-0.4597360470800321 -0.9694896080938371 0.2782555585771773
-0.40333531436590797 -1.022599243796956 0.2766166173011496
1.2447984646652566 0.21411919938308546 -0.1388262360691334
1.2179822301720136 0.14722480485787887 -0.18349461475314954
1.199304068743624 0.2272580344257461 -0.19274075787944484
1.242773827725087 -0.21808820209967955 0.14060894765984866
1.217982230172019 -0.14722480485773676 0.18349461475312775
1.19727943180341 -0.23122703714218829 0.1945234694702424
1.2179822301720136 0.14722480485787887 -0.18349461475314954
1.2530908622030645 0.06704298490760895 -0.15295783431529045
1.207596466281432 0.0801818199502696 -0.2068723561256019
1.217982230172019 -0.14722480485773676 0.18349461475312775
1.25309086220309 -0.06704298490761415 0.1529578343152379
1.2075964662814132 -0.0801818199501229 0.20687235612563165
-0.9407741691238709 0.547983537142174 0.27760902453924996
-1.0118188130035246 0.5167130657288652 0.26473218931279974
-0.9681440215864343 0.4579931052056774 0.2863268056312066
-0.6945103230664145 -0.898380009334639 0.2648126998561556
-0.6121558075809905 -0.9013767168798588 0.27734870193612615
-0.6771923070565189 -0.8288075058455795 0.28661080004708805
-0.8170986838340855 0.796003041460227 0.2620597693109915
-1.083872592930887 -0.09311589910620509 0.2820218665167564
0.19059131530878637 1.195605213330595 0.2052290443259311
0.2878468783647279 1.17771391150435 0.20338941801158064
0.24059512699819885 1.223733822910061 0.16418492196314194
1.2442714594670365 -0.2237888217360302 -0.13710385638858064
1.2734671352040956 -0.1726458913684798 -0.06467306760248365
1.255568875177394 -0.249586999852088 -0.07243078878609709
1.243660484995278 0.22238078913664633 0.1387610767177678
1.273467135203467 0.17264589137056274 0.06467306760328521
1.254957900706264 0.2481789672506201 0.0740880091144825
0.9642128072143787 -0.7347393587590492 -0.2018200453800623
1.017929757166455 -0.6570668335828591 -0.20247909414839688
1.0266777666582458 -0.7165807655931768 -0.157098057378941
0.9973925235835268 0.28035078159377336 0.28478777259478427
0.954869929060618 0.2118549087171856 0.29777536262768095
1.042522594522913 0.2193883880781278 0.2867987555947359
0.6248032249106688 1.0302887956790745 0.2085585806951153
0.6143881147894946 0.9573010559814126 0.26446614366811316
0.6754460252255152 0.9741496492253181 0.2190549848599123
0.48441960435094145 1.0297069781098753 0.2640928536037893
0.5375143067210957 1.0769763088042423 0.2099971438904042
0.458188596597389 1.093243084478949 0.22012025799087728
0.53571757751603 -1.0212198370130914 0.2553659678534759
0.501733772250113 -0.9421126480905364 0.28443841922261515
0.4510770580307852 -0.993915435539316 0.2708788394416951
1.2164382939757257 -0.1524807054934095 -0.1841691874761892
1.2442714594670365 -0.2237888217360302 -0.13710385638858064
1.198540033949024 -0.22942181397701772 -0.19192690865980266
1.2173287768714376 0.15360567657847024 0.1833776358850204
1.243660484995278 0.22238078913664633 0.1387610767177678
1.1988195423742345 0.2291387524585276 0.1927925773962177
0.5342864201290367 0.9391702990497133 0.27698311594103464
0.48441960435094145 1.0297069781098753 0.2640928536037893
0.4549607100053299 0.9554370747244199 0.2871062300415077
0.6428649899563228 -0.9448592444535834 0.26262493814153964
0.6328819854648615 -1.0092580564690152 0.2174750479559947
0.6893726836858267 -0.984700251358287 0.2111744384631384
-1.0741956072847607 -0.003510752263863985 0.283339393097108
-1.083872592930887 -0.09311589910620509 0.2820218665167564
-1.0219633396001684 -0.054793727558621205 0.2984056514774899
-1.107609152000435 0.15682013694414443 0.27217459298745217
-1.0811810215036717 0.06125399750977842 0.2787646743591242
-1.0387144844508054 0.1303775587180859 0.2931330966861693
-1.14309027483439 0.022931825962194532 0.2623808893983909
0.8680965586525723 -0.5662335452356426 0.2961790522566513
0.8587773395085355 -0.6451149398934177 0.2836027130218902
0.9232165355660663 -0.595673936025775 0.28003745846276185
0.8587773395085355 -0.6451149398934177 0.2836027130218902
0.7854004755319266 -0.6908033984014295 0.2938650551868714
0.8405204524454206 -0.7202437891915618 0.277723461392982
0.16004271994658326 1.1380031845505285 0.25754102288063035
0.19059131530878637 1.195605213330595 0.2052290443259311
0.11279096858005419 1.1840230959562394 0.21833652683219165
0.5901905106469372 -0.8986615858923408 0.28416301389360854
0.6428649899563228 -0.9448592444535834 0.26262493814153964
0.6466812088679021 -0.8741037807816125 0.27786240440075227
-1.14309027483439 0.022931825962194532 0.2623808893983909
-1.0741956072847607 -0.003510752263863985 0.283339393097108
-1.0811810215036717 0.06125399750977842 0.2787646743591242
